2166.000000 80.000000 -0.000000 -0.000000
2366.000000 83.000000 4.000000 1.000000
2286.000000 87.000000 2.000000 3.000000
2325.000000 81.000000 5.000000 1.000000
2363.000000 79.000000 1.000000 1.000000
2146.000000 79.000000 4.000000 3.000000
2302.000000 76.000000 16.000000 12.000000
2478.000000 88.000000 16.000000 8.000000
2314.000000 71.000000 9.000000 10.000000
2166.000000 70.000000 5.000000 9.000000
2418.000000 67.000000 6.000000 13.000000
2415.000000 69.000000 18.000000 16.000000
2273.000000 71.000000 12.000000 12.000000
2522.000000 67.000000 13.000000 16.000000
2263.000000 77.000000 6.000000 6.000000
2646.000000 65.000000 19.000000 20.000000
2254.000000 76.000000 6.000000 6.000000
2310.000000 69.000000 -0.000000 7.000000
2356.000000 65.000000 9.000000 4.000000
2252.000000 62.000000 4.000000 12.000000
2476.000000 57.000000 2.000000 15.000000
2475.000000 55.000000 2.000000 16.000000
2790.000000 48.000000 -0.000000 20.000000
2550.000000 52.000000 9.000000 13.000000
2475.000000 56.000000 4.000000 13.000000
2745.000000 45.000000 12.000000 16.000000
3349.000000 31.000000 25.000000 19.000000
2779.000000 33.000000 22.000000 16.000000
3052.000000 19.000000 37.000000 16.000000
3951.000000 23.000000 13.000000 29.000000
3234.000000 35.000000 13.000000 22.000000
3767.000000 18.000000 29.000000 24.000000
3391.000000 27.000000 22.000000 22.000000
14283.000000 7.000000 14.000000 68.000000
4135.000000 23.000000 15.000000 29.000000
3917.000000 15.000000 28.000000 26.000000
3721.000000 18.000000 23.000000 26.000000
3559.000000 3.000000 53.000000 17.000000
2489.000000 -0.000000 5.000000 30.000000
2321.000000 54.000000 49.000000 42.000000
3639.000000 9.000000 53.000000 15.000000
3866.000000 4.000000 12.000000 34.000000
2749.000000 14.000000 11.000000 28.000000
3003.000000 36.000000 6.000000 21.000000
4450.000000 3.000000 26.000000 29.000000
3900.000000 -0.000000 36.000000 50.000000
2231.000000 1.000000 14.000000 28.000000
2168.000000 -0.000000 22.000000 22.000000
3967.000000 45.000000 23.000000 11.000000
1141.000000 8.000000 11.000000 28.000000
1380.000000 13.000000 8.000000 21.000000
2154.000000 20.000000 15.000000 13.000000
1416.000000 6.000000 14.000000 24.000000
1194.000000 8.000000 12.000000 22.000000
1870.000000 1.000000 17.000000 20.000000
943.000000 6.000000 18.000000 25.000000
1700.000000 3.000000 12.000000 23.000000
491.000000 7.000000 2.000000 14.000000
190.000000 10.000000 2.000000 6.000000
1869.000000 20.000000 28.000000 13.000000
1038.000000 -0.000000 3.000000 21.000000
1229.000000 2.000000 3.000000 14.000000
468.000000 13.000000 17.000000 14.000000
799.000000 13.000000 24.000000 8.000000
1029.000000 4.000000 2.000000 19.000000
410.000000 3.000000 1.000000 8.000000
1239.000000 7.000000 17.000000 13.000000
474.000000 7.000000 9.000000 14.000000
450.000000 8.000000 1.000000 3.000000
366.000000 6.000000 5.000000 1.000000
952.000000 6.000000 9.000000 11.000000
346.000000 2.000000 8.000000 2.000000
228.000000 7.000000 5.000000 8.000000
102.000000 4.000000 3.000000 3.000000
530.000000 2.000000 2.000000 4.000000
330.000000 -0.000000 2.000000 2.000000
258.000000 3.000000 4.000000 3.000000
753.000000 6.000000 4.000000 13.000000
237.000000 -0.000000 2.000000 3.000000
155.000000 1.000000 6.000000 -0.000000
235.000000 5.000000 7.000000 1.000000
235.000000 4.000000 2.000000 1.000000
313.000000 -0.000000 10.000000 3.000000
162.000000 2.000000 2.000000 -0.000000
289.000000 6.000000 2.000000 1.000000
213.000000 1.000000 1.000000 1.000000
517.000000 1.000000 3.000000 3.000000
140.000000 2.000000 2.000000 2.000000
204.000000 1.000000 5.000000 -0.000000
201.000000 2.000000 -0.000000 1.000000
278.000000 2.000000 -0.000000 6.000000
225.000000 2.000000 2.000000 1.000000
341.000000 1.000000 1.000000 1.000000
294.000000 2.000000 1.000000 1.000000
247.000000 1.000000 2.000000 2.000000
230.000000 3.000000 -0.000000 1.000000
450.000000 2.000000 10.000000 4.000000
0.000000 16.000000 3.000000 3.000000
182.000000 5.000000 1.000000 8.000000
253.000000 2.000000 2.000000 1.000000
225.000000 2.000000 -0.000000 1.000000
369.000000 2.000000 2.000000 1.000000
213.000000 2.000000 1.000000 -0.000000
178.000000 2.000000 1.000000 1.000000
34.000000 5.000000 6.000000 1.000000
293.000000 9.000000 1.000000 1.000000
225.000000 16.000000 3.000000 4.000000
315.000000 1.000000 19.000000 9.000000
509.000000 4.000000 25.000000 -0.000000
303.000000 5.000000 1.000000 3.000000
317.000000 2.000000 -0.000000 1.000000
165.000000 2.000000 -0.000000 1.000000
117.000000 -0.000000 1.000000 2.000000
200.000000 -0.000000 2.000000 2.000000
207.000000 2.000000 1.000000 -0.000000
181.000000 -0.000000 -0.000000 1.000000
201.000000 -0.000000 3.000000 2.000000
187.000000 -0.000000 2.000000 1.000000
235.000000 1.000000 2.000000 -0.000000
190.000000 1.000000 -0.000000 1.000000
202.000000 -0.000000 1.000000 1.000000
396.000000 2.000000 1.000000 1.000000
156.000000 -0.000000 -0.000000 2.000000
253.000000 3.000000 3.000000 1.000000
377.000000 3.000000 2.000000 6.000000
398.000000 7.000000 7.000000 4.000000
298.000000 6.000000 3.000000 7.000000
10.000000 11.000000 9.000000 -0.000000
214.000000 14.000000 5.000000 1.000000
298.000000 10.000000 31.000000 13.000000
303.000000 1.000000 4.000000 2.000000
1.000000 4.000000 2.000000 1.000000
151.000000 5.000000 1.000000 1.000000
124.000000 1.000000 -0.000000 3.000000
165.000000 6.000000 -0.000000 3.000000
123.000000 -0.000000 6.000000 1.000000
168.000000 -0.000000 12.000000 4.000000
198.000000 -0.000000 1.000000 1.000000
126.000000 -0.000000 2.000000 -0.000000
118.000000 1.000000 -0.000000 3.000000
274.000000 2.000000 -0.000000 -0.000000
150.000000 2.000000 1.000000 1.000000
134.000000 2.000000 1.000000 1.000000
155.000000 -0.000000 4.000000 3.000000
201.000000 4.000000 4.000000 3.000000
177.000000 4.000000 2.000000 3.000000
133.505000 0.150000 1.000000 1.050000
176.960800 1.060000 1.000000 1.020000
206.320200 0.470000 1.000000 1.510000
175.500000 1.500000 -0.000000 1.500000
182.108200 0.870000 4.000000 0.290000
151.680000 1.600000 1.000000 0.200000
171.417800 1.510000 1.000000 0.170000
196.820000 0.300000 1.000000 1.100000
183.736800 0.660000 -0.000000 0.780000
166.593000 0.160000 0.780000 0.540000
136.197000 0.690000 2.780000 0.970000
190.857000 0.440000 2.220000 0.220000
174.459400 1.130000 0.780000 0.550000
184.227400 0.230000 0.220000 0.670000
170.213000 0.160000 1.220000 0.540000
181.059400 0.630000 0.220000 0.470000
202.726200 0.050000 0.780000 0.610000
169.946200 0.100000 1.220000 0.560000
176.189400 0.620000 1.220000 0.720000
178.297400 1.730000 0.220000 1.170000
148.996200 0.350000 0.220000 0.710000
180.559000 1.740000 2.220000 0.840000
183.936200 0.200000 2.220000 0.340000
229.953000 1.090000 0.220000 0.230000
246.416200 1.400000 3.220000 1.060000
206.267400 0.730000 0.780000 0.350000
161.307000 0.690000 0.780000 0.490000
184.356200 0.200000 0.220000 0.660000
151.563000 0.340000 0.220000 0.480000
77.643000 3.340000 0.220000 0.520000
87.583000 1.340000 0.780000 0.480000
161.443000 0.660000 0.780000 0.480000
186.743000 0.340000 0.220000 0.480000
145.723000 0.660000 0.220000 0.480000
128.223000 2.660000 1.220000 1.480000
194.583000 2.660000 1.220000 1.480000
146.463000 2.660000 3.780000 1.480000
151.143000 0.340000 2.220000 0.520000
73.641000 1.960000 0.220000 0.060000
102.272900 0.170000 0.520000 0.200000
13.952900 1.830000 3.520000 0.200000
59.352900 0.170000 1.480000 0.200000
149.512900 0.170000 0.480000 0.200000
124.332900 1.170000 0.480000 0.200000
184.992900 0.170000 0.480000 0.200000
115.992900 0.170000 1.520000 0.200000
126.232900 0.170000 0.480000 1.200000
131.332900 0.830000 3.480000 0.800000
138.052900 2.830000 0.480000 1.200000
163.092900 0.830000 2.520000 1.200000
351.232900 0.170000 3.480000 0.200000
55.312900 0.170000 0.520000 0.200000
108.572900 1.170000 0.520000 0.200000
145.212900 0.830000 0.480000 0.200000
191.032900 0.170000 2.480000 0.200000
114.772900 2.830000 0.480000 2.200000
124.172900 2.830000 3.480000 0.200000
171.492900 2.830000 1.520000 1.200000
131.752900 0.170000 0.520000 0.200000
88.248800 0.420000 0.440000 0.340000
66.710600 0.370000 0.620000 0.090000
149.237400 0.050000 0.320000 0.470000
188.452900 0.730000 0.360000 0.280000
116.944200 0.120000 0.420000 0.320000
100.240500 0.200000 0.340000 0.070000
87.472200 0.480000 0.860000 0.120000
265.712200 0.190000 0.460000 0.310000
90.258100 0.090000 0.480000 0.220000
61.480500 1.200000 3.340000 0.070000
60.480500 1.800000 0.340000 0.930000
152.880500 0.800000 0.660000 0.070000
147.660500 0.200000 2.660000 0.930000
112.840500 2.800000 0.340000 0.930000
71.460500 1.200000 1.660000 0.930000
93.520500 0.800000 3.340000 0.070000
109.620500 0.800000 3.660000 0.930000
63.705000 0.440000 2.620000 0.680000
61.452300 0.510000 0.180000 0.740000
98.752500 0.090000 0.120000 0.060000
92.320500 0.170000 0.680000 0.340000
87.432500 0.090000 0.880000 0.060000
73.352500 0.090000 0.120000 0.060000
21.152500 0.090000 0.120000 0.060000
80.552500 0.090000 0.120000 0.060000
4.952500 0.090000 0.120000 0.060000
172.352500 0.090000 0.120000 0.060000
60.832500 0.090000 5.880000 0.060000
6.352500 0.090000 0.120000 0.060000
1.412500 0.910000 1.120000 0.060000
163.252500 2.910000 0.120000 1.940000
70.812500 3.090000 16.120000 0.060000
148.452500 3.090000 4.880000 2.060000
183.012500 3.090000 13.880000 0.060000
8.222200 0.510000 0.260000 0.010000
4.738500 0.190000 0.120000 -0.000000
7.550600 0.080000 0.940000 0.260000
64.131700 0.070000 0.720000 0.180000
6.647200 1.380000 0.760000 0.500000
15.847400 0.830000 5.420000 0.230000
21.790900 0.230000 5.080000 0.100000
6.064800 0.300000 1.880000 0.500000
24.697000 1.040000 3.620000 0.560000
5.767000 0.190000 0.340000 0.170000
20.548500 0.500000 3.880000 0.170000
28.313000 0.250000 1.020000 0.170000
35.242500 0.010000 0.240000 0.120000
51.959700 0.110000 0.040000 0.140000
34.528200 0.040000 0.060000 0.060000
33.160500 0.230000 0.880000 0.100000
41.722200 0.090000 1.140000 0.030000
25.899400 0.030000 1.780000 0.050000
33.750600 0.160000 0.020000 0.080000
15.123800 0.010000 0.980000 0.090000
33.632100 0.560000 0.120000 0.170000
34.094200 0.140000 2.460000 0.100000
34.510600 0.040000 0.020000 0.080000
34.462600 0.040000 0.100000 0.140000
5.888900 0.050000 0.040000 -0.000000
311.237000 0.320000 0.100000 0.240000
7.865400 0.950000 0.620000 0.350000
7.888500 0.980000 0.640000 0.350000
32.972000 0.300000 1.000000 0.180000
41.703000 0.090000 1.100000 0.010000
4.112100 0.820000 0.160000 0.010000
4.937200 1.340000 2.080000 0.480000
7.215700 0.510000 3.040000 0.620000
26.914700 0.130000 4.980000 -0.000000
23.356800 0.600000 4.560000 0.040000
21.487500 0.050000 3.820000 0.360000
12.333000 0.600000 5.140000 0.080000
9.684600 0.030000 1.060000 0.010000
5.492200 0.730000 0.700000 0.030000
7.369800 0.210000 2.380000 0.250000
8.218400 0.120000 2.000000 -0.000000
6.113000 0.630000 1.700000 0.370000
11.636600 0.770000 1.860000 0.290000
9.674100 0.390000 1.840000 0.140000
5.788400 0.300000 0.080000 0.080000
7.526200 0.090000 0.940000 0.050000
4.804500 0.080000 1.060000 0.050000
8.332100 0.180000 0.080000 0.030000
5.698400 -0.000000 0.160000 0.120000
7.454200 0.030000 0.020000 0.010000
35.805700 0.030000 0.200000 0.040000
7.174900 0.090000 0.040000 0.020000
25.790800 0.160000 0.120000 0.140000
8.430600 0.070000 0.060000 0.090000
7.744200 0.310000 0.020000 0.090000
5.614200 0.030000 0.980000 0.010000
7.291000 0.050000 0.220000 0.110000
8.374600 0.190000 1.020000 0.030000
8.890200 0.100000 0.940000 0.060000
7.973000 0.110000 0.780000 0.050000
7.284405 0.019900 0.500000 0.001500
7.273071 0.009900 0.480000 0.005000
25.319368 0.045900 0.504000 0.073000
8.687831 0.004000 0.234000 0.014500
17.710551 0.032000 0.258000 0.053500
10.198653 0.011100 0.111000 0.024200
14.637248 0.024900 0.135000 0.043800
11.129485 0.014700 0.044600 0.029100
25.325414 0.084100 0.066200 0.051600
9.603595 0.046400 0.018400 0.027900
7.842814 0.080400 0.071200 0.001200
19.626930 0.009700 0.024600 0.044700
10.027855 0.092600 0.025400 0.035300
18.384316 0.006700 0.006200 0.051100
34.654681 0.020200 0.054800 0.065100
7.036076 0.032400 0.013800 0.016300
13.589597 0.022200 0.006400 0.032600
12.670711 0.005200 0.051000 0.032800
11.504669 0.009800 0.023200 0.030000
6.536356 0.027100 0.025400 0.011300
6.495124 0.037500 0.025600 0.011000
6.536329 0.026500 0.022600 0.004500
6.515814 0.072400 0.037400 0.003700
9.831013 0.001600 0.000400 0.023500
6.317318 0.037200 0.003600 0.003700
7.475751 0.023900 0.015400 0.009000
7.173172 0.024600 0.010200 0.009600
6.971782 0.015500 0.029200 0.001300
11.778143 0.002100 0.024000 0.023200
6.415061 0.028400 0.003400 0.003100
6.758355 0.008600 0.003800 0.006800
6.440929 0.002000 0.019200 0.005200
8.086797 0.004900 0.006200 0.013300
7.568307 0.010400 0.006600 0.011000
8.161893 0.011900 0.033000 0.021200
7.137515 0.014400 0.013600 0.006300
10.092622 0.006800 0.007200 0.020700
8.700737 0.001900 0.009600 0.016300
8.843008 0.011900 0.012600 0.016800
8.350547 0.002800 0.004400 0.015000
6.617336 0.009100 0.004800 0.000400
6.550700 0.013100 0.002400 0.012400
8.049370 0.005800 0.012800 0.014100
7.767022 0.000800 0.013600 0.012200
6.613316 0.005800 0.008800 0.002400
6.709448 0.011100 0.017800 0.002600
7.431133 0.002200 0.001800 0.009800
12.242095 0.017800 0.038200 0.039800
6.386271 0.032200 0.138200 0.080200
6.321297 0.032200 0.001800 0.010200
6.366699 0.047800 0.058200 0.020200
6.959965 0.102200 0.081800 0.049800
7.298473 0.297800 0.001800 0.109800
8.709177 0.042200 1.198200 0.090200
6.938489 0.037800 1.798200 0.109800
11.326291 0.022200 0.941800 0.020200
14.221769 0.018500 0.007200 0.040400
4.671613 0.197800 0.378200 0.209800
6.354935 0.014900 0.001200 0.002200
6.350561 0.017300 0.182600 0.005900
6.401400 0.051400 0.962600 0.005900
6.987121 0.014000 0.061800 0.059000
7.251901 0.145300 0.009800 0.059000
7.872274 0.061300 0.446800 0.030000
8.379411 0.111900 0.469200 0.071700
6.541271 0.032000 0.029200 0.000300
6.545923 0.032700 0.029000 0.000300
6.282953 0.011200 0.017400 0.006700
7.243370 0.006600 0.010200 0.008300
6.842715 0.060200 0.048000 0.011400
7.507380 0.046000 0.249400 0.023500
7.653426 0.042600 0.026000 0.005100
6.896808 0.035800 0.368000 0.020600
7.274132 0.005500 0.031800 0.033000
7.475083 0.004200 0.008800 0.003500
7.579846 0.011700 0.085400 0.008000
7.579905 0.011400 0.085600 0.008000
6.656273 0.005200 0.014400 0.000600
7.070837 0.006300 0.004000 0.006400
7.200607 0.002300 0.004800 0.001900
7.849233 0.003800 0.017200 0.006100
6.831682 0.005200 0.007400 0.003400
7.614134 0.009700 0.007200 0.011600
7.535575 0.015500 0.228400 0.009100
7.563109 0.015500 0.238400 0.009100
6.668125 0.005800 0.006800 0.004900
6.922508 0.033600 0.122000 0.005700
7.086261 0.029800 0.011400 0.001100
7.355984 0.009500 0.025200 0.013200
7.218768 0.000600 0.106200 0.002200
7.252754 0.055700 0.055400 0.032000
7.185555 0.015400 0.042600 0.004000
7.357845 0.015400 0.047500 0.002300
7.610019 0.000300 0.002000 0.010900
6.782907 0.006700 0.003200 0.002500
6.607427 0.008400 0.001600 0.002200
6.580494 0.011300 0.001600 0.008100
7.197029 0.024600 0.010800 0.005900
7.100643 0.017800 0.049700 0.009700
7.094709 0.018500 0.046800 0.008200
7.090090 0.023100 0.072200 0.006300
7.134866 0.010400 0.039300 0.011400
7.236119 0.021300 0.006800 0.011600
7.209195 0.007456 0.007200 0.005222
7.224712 0.017948 0.004600 0.002569
6.982514 0.029091 0.012140 0.003342
7.163870 0.006188 0.000440 0.002762
7.205080 0.013606 0.030110 0.007905
7.148563 0.001775 0.031300 0.000114
7.151235 0.005601 0.018844 0.005834
7.159490 0.021992 0.013730 0.000285
7.209370 0.001197 0.021194 0.003641
7.220869 0.019819 0.039764 0.011458
7.200970 0.013606 0.005070 0.000285
7.200968 0.013603 0.005070 0.000286
7.166072 0.030260 0.005148 0.002565
7.209638 0.005898 0.002138 0.001286
7.186501 0.002938 0.005330 0.002739
7.183059 0.002241 0.007100 0.003738
7.177295 0.007812 0.018290 0.001251
7.200455 0.001899 0.014990 0.002129
7.217586 0.008762 0.002160 0.000730
7.205743 0.000502 0.003718 0.001945
7.222127 0.008908 0.029272 0.002080
7.208393 0.001894 0.000272 0.001664
7.240921 0.004965 0.002298 0.001052
7.221473 0.002177 0.001564 0.001479
7.231921 0.004466 0.005058 0.000571
7.197757 0.001088 0.002732 0.002197
7.203978 0.007166 0.004478 0.002388
7.208160 0.002631 0.000534 0.001561
7.215923 0.003006 0.004614 0.001639
7.204545 0.000975 0.002372 0.001834
7.210518 0.000389 0.006200 0.001549
7.206916 0.000280 0.001238 0.001846
7.202534 0.004562 0.005768 0.002392
7.199585 0.008321 0.004108 0.003177
7.199604 0.008318 0.004120 0.003183
7.221981 0.001750 0.001698 0.001157
7.215854 0.001040 0.000566 0.001417
7.188854 0.000635 0.000394 0.000785
7.110312 0.005660 0.000122 0.001111
7.127231 0.005067 0.035244 0.002060
7.127389 0.004408 0.036422 0.002163
7.195270 0.003909 0.002974 0.001269
7.215016 0.000656 0.000430 0.001426
7.127317 0.010672 0.017924 0.002353
7.213315 0.016910 0.009200 0.003512
7.154952 0.003509 0.016274 0.000319
7.155835 0.002639 0.001206 0.005086
7.188516 0.000816 0.021126 0.000548
7.191187 0.000238 0.007358 0.000928
7.146081 0.001995 0.030492 0.001987
7.146024 0.002010 0.030720 0.002000
7.192091 0.000981 0.001040 0.001698
7.161898 0.003054 0.009058 0.000161
7.175303 0.004608 0.003856 0.002710
7.187563 0.000967 0.009862 0.001198
7.187752 0.000055 0.001994 0.001970
7.188710 0.002865 0.005410 0.001183
7.190212 0.005088 0.000898 0.000126
7.186747 0.002194 0.000411 0.000196
7.221062 0.001813 0.000120 0.003065
7.195182 0.001192 0.000278 0.000619
7.195882 0.001249 0.001330 0.000532
7.198615 0.000866 0.000688 0.000861
7.213266 0.000056 0.001088 0.000345
7.188638 0.002358 0.000310 0.000197
7.208987 0.000190 0.000347 0.001112
7.187072 0.000322 0.000997 0.000063
7.173331 0.000157 0.001712 0.000619
7.198695 0.000104 0.001930 0.000309
7.198632 0.000624 0.000034 0.000723
7.203494 0.000659 0.000839 0.000592
7.201417 0.000195 0.000699 0.000598
7.186811 0.000721 0.000911 0.000106
7.192307 0.000494 0.000769 0.000198
7.174101 0.000808 0.000042 0.000602
7.154633 0.001240 0.000480 0.000731
7.192528 0.000186 0.000596 0.000089
7.196520 0.000444 0.000169 0.000821
7.194148 0.000413 0.000123 0.000632
7.217593 0.000198 0.000819 0.000294
7.206687 0.000053 0.000624 0.000371
7.196209 0.000245 0.001158 0.000033
7.198021 0.000408 0.000265 0.000550
7.192058 0.000818 0.000252 0.000137
7.187396 0.001321 0.000029 0.000093
7.201076 0.000257 0.000025 0.000513
7.198877 0.000317 0.000174 0.000434
7.204062 0.000266 0.000461 0.000693
7.195050 0.000547 0.000304 0.000276
7.202309 0.000190 0.000662 0.000056
7.200268 0.000246 0.000528 0.000200
7.199338 0.000132 0.000625 0.000002
7.199010 0.000200 0.000536 0.000136
7.187629 0.000544 0.000231 0.000084
7.178137 0.000793 0.000032 0.000060
7.196269 0.000050 0.000522 0.000102
7.196874 0.000198 0.000630 0.000014
7.200297 0.000356 0.000201 0.000294
7.198349 0.000313 0.000299 0.000243
7.191781 0.000323 0.000177 0.000200
7.187544 0.000363 0.000001 0.000199
7.204410 0.000047 0.000382 0.000362
7.200207 0.000102 0.000344 0.000292
7.193485 0.000257 0.000000 0.000372
7.191468 0.000118 0.000293 0.000048
7.192146 0.000411 0.000148 0.000359
7.195239 0.000140 0.000355 0.000166
7.203246 0.000616 0.001166 0.000405
7.159294 0.002719 0.009099 0.000438
7.158940 0.001831 0.006132 0.000726
7.183615 0.000378 0.000014 0.000102
7.175348 0.000517 0.000193 0.000007
7.186222 0.000284 0.001848 0.000324
7.178419 0.000248 0.004431 0.000010
7.191040 0.000091 0.001234 0.000556
7.190697 0.003299 0.001716 0.001041
7.193490 0.001209 0.004929 0.000415
7.193751 0.001585 0.001520 0.000775
7.203247 0.000616 0.001166 0.000405
7.190424 0.000168 0.000061 0.000137
7.187321 0.001026 0.000635 0.000693
7.157201 0.000184 0.001475 0.000345
7.157237 0.000184 0.001673 0.000349
7.187533 0.000009 0.000101 0.000049
7.185414 0.000147 0.000064 0.000173
7.178865 0.000540 0.000220 0.000218
7.146371 0.002644 0.000724 0.001980
7.146371 0.002644 0.000720 0.001980
7.187838 0.000286 0.000200 0.000283
7.187616 0.000200 0.000051 0.000079
7.174753 0.000036 0.004724 0.000049
7.179089 0.003176 0.002976 0.000055
7.182604 0.000438 0.004104 0.000042
7.185862 0.003810 0.002976 0.001458
7.176002 0.001065 0.005565 0.000832
7.188052 0.000189 0.000237 0.000007
7.178866 0.000541 0.000220 0.000217
7.187041 0.000129 0.001734 0.000214
7.187985 0.000399 0.001954 0.000244
7.184153 0.000235 0.000087 0.000157
7.183676 0.000590 0.000155 0.000192
7.182948 0.000491 0.002394 0.000132
7.182905 0.001560 0.001265 0.000321
7.183970 0.001332 0.002250 0.000525
7.191139 0.001210 0.000206 0.000427
7.187631 0.002531 0.002774 0.000805
7.184022 0.000428 0.002236 0.000026
7.184044 0.000428 0.002244 0.000025
7.186005 0.000052 0.000161 0.000182
7.186515 0.000008 0.000062 0.000135
7.185177 0.000507 0.000011 0.000037
7.184886 0.000023 0.000751 0.000067
7.187836 0.000093 0.000150 0.000157
7.187665 0.000085 0.001289 0.000045
7.187924 0.000607 0.000060 0.000245
7.187470 0.000069 0.000230 0.000012
7.188092 0.000061 0.000052 0.000016
7.188093 0.000058 0.000052 0.000016
7.184716 0.000201 0.000016 0.000108
7.188997 0.000076 0.000050 0.000076
7.187149 0.000313 0.000082 0.000129
7.187757 0.000137 0.000202 0.000003
7.186509 0.000158 0.000477 0.000035
7.188021 0.000066 0.000194 0.000040
7.188053 0.000026 0.000564 0.000008
7.188141 0.000093 0.000032 0.000012
7.189771 0.000271 0.000096 0.000211
7.188964 0.000056 0.000235 0.000003
7.189829 0.000103 0.000151 0.000102
7.187343 0.000032 0.000009 0.000075
7.188095 0.000063 0.000457 0.000018
7.187286 0.000151 0.000088 0.000010
7.186911 0.000248 0.000395 0.000059
7.187030 0.000337 0.000112 0.000163
7.186821 0.000183 0.000492 0.000011
7.189110 0.000233 0.000175 0.000027
7.187943 0.000039 0.000014 0.000006
7.187495 0.000338 0.000211 0.000072
7.186991 0.000000 0.000262 0.000034
7.186963 0.000005 0.000209 0.000034
7.188312 0.000091 0.000081 0.000034
7.187728 0.000016 0.000055 0.000028
7.187269 0.000430 0.000035 0.000079
7.188809 0.000057 0.000094 0.000036
7.187688 0.000128 0.000210 0.000054
7.187844 0.000022 0.000483 0.000004
7.188730 0.000248 0.000115 0.000095
7.187358 0.000053 0.000205 0.000051
7.187675 0.000083 0.000025 0.000011
7.188004 0.000134 0.000079 0.000042
7.187757 0.000029 0.000001 0.000002
7.187202 0.000003 0.000047 0.000009
7.186229 0.000067 0.000717 0.000037
7.186229 0.000067 0.000718 0.000038
7.188147 0.000028 0.000065 0.000071
7.187544 0.000017 0.000010 0.000039
7.187156 0.000025 0.000016 0.000005
7.187250 0.000133 0.000073 0.000001
7.187885 0.000181 0.000062 0.000054
7.187564 0.000033 0.000349 0.000001
7.188010 0.000022 0.000661 0.000006
7.187714 0.000127 0.000214 0.000048
7.187486 0.000014 0.000031 0.000009
7.187486 0.000014 0.000030 0.000009
7.187588 0.000043 0.000016 0.000026
7.187555 0.000002 0.000011 0.000023
7.186947 0.000093 0.000041 0.000084
7.186761 0.000038 0.000080 0.000012
7.187033 0.000029 0.000050 0.000013
7.187715 0.000022 0.000002 0.000008
7.187180 0.000070 0.000010 0.000009
7.187249 0.000006 0.000201 0.000006
7.187636 0.000041 0.000023 0.000001
7.187285 0.000165 0.000020 0.000030
7.187708 0.000032 0.000500 0.000009
7.188519 0.000117 0.000127 0.000010
7.188198 0.000093 0.000026 0.000037
7.188750 0.000039 0.000302 0.000002
7.187582 0.000038 0.000006 0.000009
7.187510 0.000001 0.000021 0.000009
7.186894 0.000070 0.000080 0.000014
7.185912 0.000104 0.000275 0.000013
7.185933 0.000105 0.000285 0.000013
7.187591 0.000043 0.000009 0.000009
7.187512 0.000000 0.000020 0.000009
7.185650 0.000258 0.000807 0.000016
7.187942 0.000143 0.000104 0.000017
7.186423 0.000088 0.000509 0.000020
7.188314 0.000161 0.001054 0.000044
7.186673 0.000060 0.000878 0.000002
7.187532 0.000009 0.000013 0.000009
7.187592 0.000036 0.000008 0.000010
7.188426 0.000010 0.000352 0.000025
7.187372 0.000024 0.000026 0.000021
7.187661 0.000015 0.000007 0.000007
7.186285 0.000165 0.000321 0.000013
7.186948 0.000186 0.000212 0.000010
7.187252 0.000203 0.000231 0.000038
7.186499 0.000006 0.000567 0.000014
7.187413 0.000050 0.001013 0.000004
7.188385 0.000007 0.000192 0.000007
7.188048 0.000087 0.000011 0.000001
7.187331 0.000013 0.000120 0.000016
7.187618 0.000013 0.000014 0.000006
7.187602 0.000009 0.000013 0.000001
7.187425 0.000009 0.000032 0.000015
7.188040 0.000050 0.000066 0.000020
7.187660 0.000013 0.000006 0.000001
7.187623 0.000009 0.000010 0.000002
7.187327 0.000019 0.000169 0.000030
7.187614 0.000002 0.000006 0.000013
7.187063 0.000190 0.000417 0.000055
7.187238 0.000016 0.000104 0.000051
7.187479 0.000235 0.000637 0.000006
7.188847 0.000053 0.001267 0.000014
7.189352 0.000023 0.000387 0.000008
7.187604 0.000006 0.000000 0.000002
7.187548 0.000003 0.000029 0.000001
7.187220 0.000034 0.000218 0.000026
7.187580 0.000001 0.000007 0.000000
7.187539 0.000007 0.000007 0.000003
7.186564 0.000182 0.000200 0.000009
7.186227 0.000113 0.000065 0.000039
7.186949 0.000182 0.000055 0.000065
7.187166 0.000005 0.001231 0.000002
7.187723 0.000060 0.000471 0.000034
7.189404 0.000115 0.001030 0.000021
7.187111 0.000019 0.000554 0.000001
7.187166 0.000030 0.000626 0.000001
7.187589 0.000007 0.000006 0.000013
7.187607 0.000003 0.000006 0.000007
7.187198 0.000091 0.000155 0.000023
7.187375 0.000119 0.000103 0.000005
7.186889 0.000015 0.000371 0.000006
7.187438 0.000015 0.000528 0.000007
7.187500 0.000007 0.000070 0.000020
7.187842 0.000005 0.000080 0.000003
7.187568 0.000015 0.000236 0.000005
7.187557 0.000021 0.000236 0.000006
7.187521 0.000008 0.000006 0.000003
7.187189 0.000031 0.000099 0.000001
7.187247 0.000070 0.000043 0.000005
7.187585 0.000000 0.000191 0.000001
7.187541 0.000045 0.000063 0.000016
7.187557 0.000026 0.000148 0.000013
7.188263 0.000017 0.000115 0.000009
7.187200 0.000049 0.000122 0.000004
7.187200 0.000049 0.000123 0.000004
7.187518 0.000011 0.000001 0.000001
7.187544 0.000006 0.000003 0.000002
7.187601 0.000003 0.000006 0.000005
7.187501 0.000032 0.000019 0.000003
7.187463 0.000003 0.000073 0.000000
7.187584 0.000003 0.000082 0.000001
7.187600 0.000003 0.000081 0.000002
7.187668 0.000004 0.000095 0.000007
7.187578 0.000007 0.000073 0.000001
7.187635 0.000010 0.000003 0.000005
7.187563 0.000003 0.000004 0.000001
7.187550 0.000003 0.000002 0.000008
7.187564 0.000001 0.000000 0.000004
7.187541 0.000004 0.000012 0.000004
7.187586 0.000001 0.000001 0.000003
7.187565 0.000002 0.000005 0.000002
7.187609 0.000007 0.000004 0.000005
7.187560 0.000003 0.000001 0.000000
7.187531 0.000009 0.000001 0.000006
7.187586 0.000002 0.000000 0.000000
7.187579 0.000000 0.000006 0.000001
7.187568 0.000001 0.000002 0.000002
7.187663 0.000018 0.000004 0.000001
7.187279 0.000041 0.000185 0.000001
7.187281 0.000043 0.000185 0.000002
7.187582 0.000002 0.000005 0.000002
7.187568 0.000002 0.000002 0.000002
7.187683 0.000019 0.000000 0.000001
7.187471 0.000011 0.000003 0.000004
7.187452 0.000012 0.000071 0.000006
7.187575 0.000004 0.000010 0.000005
7.187572 0.000008 0.000111 0.000002
7.187724 0.000014 0.000089 0.000003
7.187586 0.000000 0.000002 0.000000
7.187584 0.000000 0.000002 0.000000
7.187580 0.000006 0.000006 0.000000
7.187472 0.000004 0.000081 0.000004
7.187472 0.000004 0.000082 0.000004
7.187568 0.000002 0.000000 0.000002
7.187559 0.000003 0.000000 0.000004
7.187597 0.000003 0.000004 0.000000
7.187569 0.000001 0.000000 0.000000
7.187589 0.000001 0.000001 0.000002
7.187574 0.000001 0.000001 0.000001
7.187592 0.000002 0.000002 0.000002
7.187574 0.000001 0.000001 0.000001
7.187569 0.000000 0.000000 0.000000
7.187573 0.000000 0.000000 0.000000
7.187562 0.000004 0.000001 0.000000
7.187580 0.000001 0.000000 0.000000
7.187562 0.000001 0.000001 0.000000
7.187567 0.000000 0.000000 0.000001
7.187564 0.000000 0.000001 0.000002
7.187565 0.000000 0.000002 0.000000
7.187571 0.000001 0.000001 0.000001
7.187564 0.000000 0.000000 0.000005
7.187566 0.000003 0.000001 0.000000
7.187466 0.000003 0.000074 0.000006
7.187465 0.000003 0.000075 0.000005
7.187443 0.000001 0.000071 0.000007
7.187443 0.000001 0.000072 0.000007
7.187581 0.000000 0.000001 0.000001
7.187567 0.000001 0.000000 0.000000
7.187578 0.000014 0.000001 0.000005
7.187493 0.000009 0.000009 0.000003
7.187525 0.000005 0.000039 0.000005
7.187543 0.000007 0.000005 0.000000
7.187504 0.000014 0.000028 0.000004
7.187562 0.000003 0.000052 0.000002
7.187631 0.000013 0.000029 0.000001
7.187590 0.000005 0.000004 0.000001
7.187528 0.000000 0.000031 0.000004
7.187484 0.000007 0.000036 0.000005
7.187462 0.000002 0.000005 0.000006
7.187462 0.000003 0.000005 0.000006
7.187558 0.000002 0.000001 0.000000
7.187574 0.000000 0.000000 0.000000
7.187542 0.000000 0.000009 0.000000
7.187548 0.000007 0.000010 0.000002
7.187558 0.000007 0.000018 0.000001
7.187563 0.000006 0.000004 0.000000
7.187555 0.000002 0.000016 0.000003
7.187549 0.000003 0.000017 0.000002
7.187571 0.000007 0.000004 0.000002
7.187596 0.000006 0.000030 0.000002
7.187528 0.000005 0.000026 0.000001
7.187529 0.000005 0.000026 0.000001
7.187530 0.000004 0.000005 0.000002
7.187530 0.000004 0.000005 0.000002
7.187571 0.000001 0.000000 0.000001
7.187570 0.000001 0.000000 0.000000
7.187569 0.000003 0.000010 0.000002
7.187551 0.000000 0.000004 0.000000
7.187563 0.000001 0.000008 0.000001
7.187558 0.000004 0.000001 0.000000
7.187570 0.000000 0.000009 0.000000
7.187563 0.000003 0.000002 0.000002
7.187566 0.000002 0.000010 0.000000
7.187577 0.000002 0.000009 0.000001
7.187570 0.000001 0.000002 0.000001
7.187554 0.000003 0.000005 0.000001
7.187570 0.000001 0.000002 0.000001
7.187559 0.000001 0.000001 0.000000
7.187574 0.000001 0.000003 0.000000
7.187563 0.000002 0.000006 0.000001
7.187568 0.000002 0.000007 0.000000
7.187566 0.000001 0.000001 0.000001
7.187566 0.000000 0.000002 0.000000
7.187561 0.000002 0.000004 0.000002
7.187572 0.000003 0.000006 0.000000
7.187565 0.000001 0.000001 0.000000
7.187565 0.000000 0.000001 0.000000
7.187554 0.000000 0.000003 0.000000
7.187554 0.000002 0.000001 0.000001
7.187555 0.000003 0.000001 0.000001
7.187568 0.000000 0.000001 0.000000
7.187570 0.000000 0.000002 0.000000
7.187573 0.000000 0.000000 0.000000
7.187571 0.000000 0.000000 0.000000
7.187564 0.000001 0.000003 0.000001
7.187567 0.000001 0.000006 0.000000
7.187575 0.000000 0.000001 0.000000
7.187564 0.000001 0.000000 0.000001
7.187566 0.000001 0.000003 0.000001
7.187566 0.000002 0.000002 0.000001
7.187571 0.000000 0.000004 0.000000
7.187562 0.000002 0.000005 0.000001
7.187562 0.000000 0.000002 0.000000
7.187567 0.000000 0.000004 0.000000
7.187565 0.000001 0.000001 0.000000
7.187565 0.000001 0.000001 0.000000
7.187579 0.000000 0.000001 0.000000
7.187568 0.000000 0.000001 0.000000
7.187568 0.000001 0.000001 -0.000000
7.187573 0.000001 0.000001 0.000000
7.187570 -0.000000 0.000000 0.000000
7.187569 0.000000 0.000002 0.000000
7.187569 0.000001 0.000001 0.000000
7.187563 0.000000 0.000003 0.000000
7.187567 0.000001 0.000001 0.000000
7.187563 0.000000 0.000000 0.000000
7.187546 0.000001 -0.000000 0.000000
7.187495 0.000004 0.000001 0.000000
7.187523 0.000003 0.000002 0.000001
7.187522 0.000003 0.000006 0.000001
7.187514 0.000001 0.000005 0.000002
7.187514 0.000001 0.000006 0.000002
7.187565 0.000000 0.000000 0.000000
7.187544 0.000004 0.000002 0.000000
7.187556 0.000002 0.000001 0.000000
7.187548 0.000002 0.000002 0.000001
7.187550 0.000001 0.000007 0.000000
7.187551 0.000003 0.000008 0.000001
7.187554 0.000002 0.000013 0.000001
7.187560 0.000001 0.000000 0.000001
7.187565 0.000000 0.000000 0.000000
7.187542 0.000001 0.000007 0.000000
7.187554 0.000001 0.000001 0.000001
7.187554 0.000001 0.000000 0.000001
7.187546 0.000002 0.000007 0.000001
7.187561 0.000000 0.000000 0.000001
7.187569 0.000000 0.000000 0.000000
7.187563 0.000000 0.000000 0.000000
7.187561 0.000000 0.000000 0.000000
7.187557 0.000001 0.000001 0.000000
7.187558 0.000000 0.000000 0.000000
7.187553 0.000000 0.000000 0.000000
7.187557 0.000001 0.000000 0.000000
7.187563 0.000000 0.000000 0.000000
7.187555 0.000000 0.000001 0.000000
7.187563 0.000000 0.000000 0.000000
7.187558 0.000000 0.000000 0.000000
7.187556 0.000000 0.000000 0.000000
7.187554 0.000000 0.000000 0.000000
7.187550 0.000000 0.000000 0.000000
7.187543 0.000000 0.000001 0.000001
7.187547 0.000000 0.000000 0.000000
7.187540 0.000001 0.000000 0.000000
7.187546 0.000000 0.000000 0.000000
7.187540 -0.000000 0.000000 0.000001
7.187543 0.000000 0.000000 0.000001
7.187553 0.000000 0.000000 0.000000
7.187545 0.000000 0.000000 0.000000
7.187541 0.000000 0.000000 0.000000
7.187542 0.000000 0.000000 0.000000
7.187537 0.000000 0.000000 0.000000
7.187530 0.000000 0.000001 0.000000
7.187536 0.000000 0.000000 0.000000
7.187529 0.000000 0.000000 0.000000
7.187531 0.000000 0.000000 0.000001
7.187543 0.000000 0.000000 0.000000
7.187531 0.000000 0.000000 0.000000
7.187529 0.000000 0.000000 0.000000
7.187526 0.000000 0.000000 0.000000
7.187517 0.000000 0.000000 0.000000
7.187516 0.000000 0.000000 0.000000
7.187504 0.000001 0.000000 0.000000
7.187512 0.000000 0.000000 0.000000
7.187499 0.000001 0.000000 0.000000
7.187510 0.000000 0.000000 0.000000
7.187500 0.000000 0.000000 0.000000
7.187500 0.000001 0.000000 0.000000
7.187522 0.000000 0.000000 0.000000
7.187498 0.000000 0.000000 0.000000
7.187483 0.000000 0.000001 0.000000
7.187495 0.000000 0.000000 0.000000
7.187482 0.000001 0.000000 0.000000
7.187491 0.000001 0.000000 0.000000
7.187511 0.000000 0.000000 0.000000
7.187490 0.000000 0.000000 0.000000
7.187477 0.000000 0.000000 0.000000
7.187481 0.000000 0.000000 0.000000
7.187469 0.000000 0.000000 0.000000
7.187449 0.000001 -0.000000 0.000000
7.187468 0.000000 0.000000 0.000000
7.187453 0.000000 0.000001 0.000000
7.187458 0.000000 0.000000 0.000000
7.187438 0.000001 0.000000 0.000000
7.187446 0.000000 0.000000 0.000000
7.187422 0.000000 0.000000 0.000000
7.187437 0.000000 0.000000 0.000000
7.187425 0.000000 0.000000 0.000000
7.187415 0.000000 0.000000 0.000001
7.187456 0.000000 0.000000 0.000000
7.187411 0.000001 0.000000 0.000000
7.187454 0.000000 0.000000 0.000000
7.187419 0.000000 0.000000 0.000000
7.187400 0.000000 0.000000 0.000000
7.187399 0.000000 0.000000 0.000001
7.187442 0.000000 0.000000 0.000000
7.187396 0.000000 0.000000 0.000000
7.187367 0.000000 0.000000 0.000000
7.187379 0.000000 0.000000 0.000001
7.187426 0.000000 0.000000 0.000000
7.187379 0.000000 0.000000 0.000000
7.187371 0.000000 0.000000 0.000000
7.187350 0.000000 0.000000 0.000001
7.187406 0.000000 0.000000 0.000000
7.187347 0.000000 0.000000 0.000001
7.187403 0.000000 0.000000 0.000000
7.187362 0.000000 0.000000 0.000001
7.187395 0.000000 0.000000 0.000000
7.187288 0.000001 0.000001 0.000001
7.187280 0.000000 0.000000 0.000001
7.187020 0.000000 0.000001 0.000002
7.187281 0.000000 0.000001 0.000001
7.187282 0.000002 0.000004 0.000000
7.187282 0.000000 0.000020 0.000001
7.187284 0.000000 0.000005 0.000001
7.187363 0.000000 0.000000 0.000000
7.187345 0.000000 0.000000 0.000000
7.187291 0.000001 0.000001 0.000000
7.187150 0.000017 0.000020 0.000002
7.187151 0.000017 0.000020 0.000002
7.187214 0.000006 0.000028 0.000003
7.187209 0.000004 0.000031 0.000004
7.187335 0.000000 0.000000 0.000000
7.187305 0.000000 0.000000 0.000000
7.187215 0.000000 0.000001 0.000001
7.186960 0.000001 0.000001 0.000002
7.186957 0.000000 0.000024 0.000002
7.186962 0.000000 0.000062 0.000001
7.186962 0.000000 0.000065 0.000001
7.187315 0.000000 0.000001 0.000000
7.187357 0.000000 0.000000 0.000000
7.187286 0.000002 0.000092 0.000005
7.187175 0.000015 0.000032 0.000012
7.187325 0.000028 0.000052 0.000005
7.187162 0.000016 0.000068 0.000004
7.187300 0.000029 0.000107 0.000007
7.187297 0.000007 0.000015 0.000009
7.187275 0.000002 0.000093 0.000007
7.187434 0.000011 0.000073 0.000006
7.187307 0.000011 0.000005 0.000005
7.187308 0.000010 0.000003 0.000005
7.187269 0.000000 0.000004 0.000001
7.187315 0.000000 0.000001 0.000000
7.187354 0.000000 0.000000 0.000000
7.187246 0.000009 0.000003 0.000001
7.187260 0.000010 0.000002 0.000002
7.187319 0.000002 0.000057 0.000000
7.187293 0.000001 0.000008 0.000006
7.187317 0.000014 0.000005 0.000006
7.187211 0.000009 0.000022 0.000003
7.187350 0.000009 0.000021 0.000001
7.187307 0.000005 0.000039 0.000007
7.187187 0.000003 0.000001 0.000002
7.187188 0.000003 0.000001 0.000002
7.187197 0.000000 0.000006 0.000006
7.187197 0.000000 0.000006 0.000006
7.187315 0.000000 0.000000 0.000000
7.187284 0.000007 0.000002 0.000003
7.187298 0.000004 0.000006 0.000002
7.187285 0.000000 0.000016 0.000001
7.187271 0.000003 0.000020 0.000000
7.187277 0.000007 0.000001 0.000002
7.187296 0.000007 0.000004 0.000001
7.187302 0.000001 0.000001 0.000002
7.187306 0.000000 0.000000 0.000000
7.187275 0.000002 0.000006 0.000001
7.187272 0.000002 0.000006 0.000001
7.187283 0.000003 0.000025 0.000000
7.187283 0.000003 0.000025 0.000000
7.187288 0.000000 0.000001 0.000000
7.187338 0.000000 0.000000 0.000000
7.187274 0.000002 0.000001 0.000001
7.187307 0.000003 0.000001 0.000001
7.187289 0.000001 0.000001 0.000000
7.187286 0.000002 0.000000 0.000001
7.187291 0.000002 0.000012 0.000001
7.187307 0.000002 0.000007 0.000000
7.187304 0.000001 0.000008 0.000001
7.187305 0.000001 0.000001 0.000001
7.187261 0.000002 0.000001 0.000001
7.187261 0.000002 0.000000 0.000001
7.187286 0.000001 0.000000 0.000000
7.187287 0.000000 0.000000 0.000000
7.187231 0.000001 0.000002 -0.000000
7.187247 0.000004 0.000007 0.000002
7.187247 0.000004 0.000007 0.000002
7.187274 0.000000 0.000010 0.000000
7.187275 0.000000 0.000011 0.000000
7.187281 0.000000 0.000000 0.000000
7.187253 0.000000 0.000000 0.000000
7.187169 0.000000 0.000000 0.000000
7.186915 0.000000 0.000000 0.000000
7.186154 0.000001 0.000001 0.000001
7.187126 0.000010 0.000004 0.000005
7.187120 0.000010 0.000000 0.000006
7.186907 0.000000 0.000075 0.000017
7.186907 0.000000 0.000079 0.000017
7.187057 0.000000 0.000000 0.000000
7.186699 0.000010 0.000058 0.000005
7.186892 0.000014 0.000053 0.000008
7.186907 0.000045 0.000017 0.000008
7.186934 0.000007 0.000029 0.000012
7.186936 0.000004 0.000097 0.000001
7.187303 0.000021 0.000046 0.000019
7.187258 0.000021 0.000046 0.000018
7.186922 0.000009 0.000131 0.000007
7.187211 0.000001 0.000007 0.000004
7.187220 0.000005 0.000014 0.000004
7.186946 0.000003 0.000069 0.000000
7.186983 0.000000 0.000001 0.000000
7.187211 0.000000 0.000000 0.000000
7.187189 0.000000 0.000002 0.000000
7.187181 0.000008 0.000010 0.000001
7.186782 0.000011 0.000011 0.000009
7.186791 0.000012 0.000011 0.000010
7.186960 0.000001 0.000000 0.000000
7.187201 0.000000 0.000000 0.000000
7.187097 0.000001 0.000001 0.000000
7.186136 0.000022 0.000068 0.000004
7.186136 0.000022 0.000070 0.000004
7.187431 0.000023 0.000105 0.000003
7.186968 0.000001 0.000000 0.000000
7.187182 0.000000 0.000000 0.000000
7.186634 0.000048 0.000002 0.000001
7.186881 0.000059 0.000004 0.000019
7.186901 0.000002 0.000039 0.000019
7.186677 0.000030 0.000013 0.000001
7.187045 0.000033 0.000148 0.000010
7.186682 0.000017 0.000236 0.000006
7.187244 0.000029 0.000013 0.000001
7.187177 0.000057 0.000084 0.000026
7.186695 0.000030 0.000001 0.000019
7.186695 0.000030 0.000000 0.000019
7.186976 0.000040 0.000156 0.000020
7.186974 0.000040 0.000153 0.000019
7.186998 0.000000 0.000000 0.000000
7.186811 0.000018 0.000015 0.000000
7.186791 0.000021 0.000040 0.000004
7.186837 0.000017 0.000053 0.000003
7.186883 0.000028 0.000090 0.000017
7.186789 0.000028 0.000132 0.000010
7.187052 0.000037 0.000131 0.000014
7.186869 0.000038 0.000132 0.000014
7.187056 0.000017 0.000146 0.000010
7.186730 0.000010 0.000012 0.000002
7.186731 0.000010 0.000012 0.000002
7.186960 0.000001 0.000004 0.000002
7.186927 0.000000 0.000000 0.000000
7.186905 0.000014 0.000002 0.000005
7.186866 0.000010 0.000013 0.000001
7.186904 0.000002 0.000057 0.000001
7.186855 0.000002 0.000008 0.000002
7.186925 0.000003 0.000015 0.000005
7.186976 0.000003 0.000017 0.000003
7.186945 0.000002 0.000017 0.000003
7.186917 0.000001 0.000003 0.000000
7.186817 0.000009 0.000042 0.000000
7.186823 0.000008 0.000042 0.000000
7.186890 0.000002 0.000028 0.000000
7.186906 0.000001 0.000009 0.000000
7.186845 0.000001 0.000000 0.000000
7.187097 0.000000 0.000000 0.000000
7.186634 0.000001 0.000000 0.000000
7.186001 0.000001 0.000000 0.000001
7.186680 0.000000 0.000032 0.000007
7.186686 -0.000000 0.000035 0.000006
7.186510 0.000020 0.000027 0.000003
7.186509 0.000021 0.000027 0.000004
7.186829 0.000001 0.000000 0.000000
7.187084 0.000000 0.000000 0.000000
7.186821 0.000007 0.000041 0.000007
7.186786 0.000007 0.000033 0.000003
7.186529 0.000025 0.000026 0.000002
7.186738 0.000024 0.000026 0.000003
7.186845 0.000009 0.000129 0.000007
7.186874 0.000038 0.000041 0.000016
7.186952 0.000029 0.000046 0.000002
7.186983 0.000003 0.000015 0.000001
7.186967 0.000003 0.000005 0.000001
7.186539 0.000013 0.000016 0.000001
7.186541 0.000012 0.000017 0.000001
7.186895 0.000000 0.000000 0.000000
7.186794 0.000001 0.000000 0.000000
7.186835 0.000001 0.000000 0.000000
7.186996 0.000001 0.000013 0.000001
7.187140 0.000004 0.000023 0.000003
7.186833 0.000001 0.000000 0.000000
7.187021 0.000000 0.000000 0.000000
7.186784 0.000006 0.000048 0.000004
7.186860 0.000048 0.000018 0.000013
7.186581 0.000004 0.000088 0.000001
7.186686 0.000002 0.000089 0.000001
7.186737 0.000003 0.000036 0.000012
7.186856 0.000010 0.000033 0.000005
7.186868 0.000004 0.000099 0.000003
7.187022 0.000001 0.000030 0.000001
7.186719 0.000002 0.000048 0.000000
7.186719 0.000001 0.000048 0.000001
7.186557 0.000007 0.000017 0.000003
7.186559 0.000007 0.000020 0.000003
7.186846 0.000000 0.000001 0.000000
7.187004 0.000000 0.000000 0.000000
7.186834 0.000020 0.000006 0.000006
7.186906 0.000014 0.000010 0.000003
7.186810 0.000007 0.000025 0.000008
7.186891 0.000001 0.000055 0.000002
7.186892 0.000009 0.000006 0.000002
7.186641 0.000001 0.000064 0.000004
7.186627 0.000002 0.000063 0.000004
7.186931 0.000002 0.000004 0.000001
7.186596 0.000015 0.000031 0.000002
7.186598 0.000015 0.000028 0.000002
7.186812 0.000014 0.000046 0.000004
7.186812 0.000014 0.000046 0.000004
7.186875 0.000000 0.000000 0.000000
7.186801 0.000001 0.000000 0.000000
7.186814 0.000000 0.000001 0.000000
7.186579 0.000026 0.000029 0.000002
7.186975 0.000006 0.000009 0.000001
7.186967 0.000005 0.000007 0.000001
7.186581 0.000025 0.000030 0.000003
7.186840 0.000000 0.000001 0.000000
7.186963 0.000000 0.000000 0.000000
7.186830 0.000010 0.000001 0.000000
7.186906 0.000015 0.000026 0.000002
7.186843 0.000007 0.000024 0.000007
7.186671 0.000014 0.000022 0.000004
7.186898 0.000003 0.000036 0.000004
7.186597 0.000013 0.000023 0.000003
7.186827 0.000009 0.000048 0.000002
7.186877 0.000001 0.000004 0.000001
7.186571 0.000007 0.000026 0.000002
7.186569 0.000007 0.000026 0.000002
7.186790 0.000017 0.000031 0.000001
7.186788 0.000016 0.000033 0.000001
7.186831 0.000001 0.000000 0.000000
7.186957 0.000000 0.000000 0.000000
7.186858 0.000006 0.000003 0.000000
7.186868 0.000007 0.000003 0.000003
7.186842 0.000000 0.000014 0.000002
7.186622 0.000003 0.000011 0.000002
7.186845 0.000000 0.000021 0.000001
7.186645 0.000001 0.000010 0.000002
7.186858 0.000001 0.000025 0.000001
7.186896 0.000004 0.000023 0.000001
7.186844 0.000000 0.000005 0.000000
7.186844 0.000000 0.000008 0.000000
7.186616 0.000000 0.000010 0.000000
7.186864 0.000000 0.000000 0.000000
7.186815 0.000000 0.000001 -0.000000
7.186833 0.000000 0.000001 0.000000
7.186633 0.000001 0.000010 0.000001
7.186775 0.000000 0.000000 0.000002
7.186776 0.000000 -0.000000 0.000002
7.186834 0.000001 0.000000 0.000000
7.186926 0.000000 0.000000 0.000000
7.186844 0.000005 0.000002 0.000000
7.186828 0.000008 0.000004 0.000000
7.186876 0.000006 0.000003 0.000003
7.186842 0.000001 0.000016 0.000001
7.186599 0.000011 0.000002 0.000003
7.186861 0.000001 0.000020 0.000000
7.186668 0.000010 0.000002 0.000003
7.186865 0.000005 0.000023 0.000003
7.186877 0.000001 0.000004 0.000002
7.186881 0.000000 0.000006 0.000001
7.186648 0.000001 0.000001 0.000003
7.186649 0.000001 0.000002 0.000003
7.186863 0.000000 0.000000 0.000000
7.186831 0.000000 0.000001 -0.000000
7.186858 0.000000 0.000000 0.000000
7.186844 0.000001 0.000000 0.000000
7.186876 0.000002 0.000002 0.000000
7.186883 0.000002 0.000003 0.000000
7.186618 0.000001 0.000003 0.000001
7.186827 0.000001 0.000000 0.000000
7.186893 0.000000 0.000000 0.000000
7.186828 0.000000 0.000011 0.000001
7.186839 0.000000 0.000007 0.000001
7.186847 0.000008 0.000001 0.000004
7.186843 0.000010 0.000002 0.000000
7.186660 0.000003 0.000003 0.000002
7.186607 0.000004 0.000004 0.000001
7.186866 0.000001 0.000022 0.000001
7.186862 0.000006 0.000022 0.000001
7.186814 0.000001 0.000005 0.000000
7.186623 0.000001 0.000002 0.000002
7.186627 0.000000 0.000001 0.000002
7.186846 0.000000 0.000001 0.000000
7.186883 0.000000 0.000000 0.000000
7.186850 0.000004 0.000000 0.000001
7.186850 0.000003 0.000001 0.000000
7.186849 0.000000 0.000003 0.000001
7.186855 0.000002 0.000008 0.000000
7.186844 0.000001 0.000013 0.000000
7.186633 0.000001 0.000003 0.000001
7.186634 0.000000 0.000002 0.000001
7.186860 0.000000 0.000001 0.000000
7.186852 0.000000 0.000002 0.000001
7.186849 -0.000000 0.000001 0.000001
7.186629 0.000001 0.000004 0.000001
7.186844 0.000001 0.000000 -0.000000
7.186881 0.000000 0.000000 0.000000
7.186863 0.000000 0.000000 0.000000
7.186857 0.000001 0.000000 0.000001
7.186853 0.000001 0.000002 0.000000
7.186858 0.000000 0.000001 0.000000
7.186858 0.000000 0.000006 0.000000
7.186625 0.000003 0.000001 0.000001
7.186642 0.000002 0.000000 0.000000
7.186859 0.000002 0.000001 0.000001
7.186857 0.000001 0.000001 0.000000
7.186856 0.000001 0.000001 0.000000
7.186848 0.000000 0.000000 0.000000
7.186832 0.000000 0.000000 0.000000
7.186784 0.000001 0.000000 0.000000
7.186838 0.000000 0.000003 0.000000
7.186838 0.000000 0.000003 0.000000
7.186633 0.000001 0.000003 0.000000
7.186636 0.000001 0.000001 0.000000
7.186841 0.000000 0.000000 0.000000
7.186826 0.000001 0.000001 0.000000
7.186829 0.000000 0.000004 0.000000
7.186830 0.000000 0.000001 0.000001
7.186834 0.000002 0.000001 0.000001
7.186836 0.000000 0.000006 0.000000
7.186629 0.000002 0.000004 0.000001
7.186638 0.000000 0.000003 -0.000000
7.186831 0.000002 0.000005 0.000001
7.186824 0.000001 0.000001 0.000000
7.186826 0.000001 0.000001 0.000000
7.186641 0.000001 0.000004 0.000001
7.186638 0.000002 0.000004 0.000001
7.186834 0.000001 0.000001 0.000000
7.186856 0.000000 0.000000 0.000000
7.186830 0.000000 0.000001 0.000000
7.186830 0.000000 0.000002 0.000000
7.186831 0.000001 0.000001 0.000000
7.186833 0.000000 0.000001 0.000000
7.186835 0.000001 0.000001 0.000000
7.186631 0.000000 0.000001 0.000000
7.186624 0.000001 0.000003 0.000000
7.186828 0.000001 0.000007 0.000000
7.186828 0.000001 0.000007 0.000000
7.186613 0.000001 0.000006 0.000000
7.186612 0.000001 0.000006 0.000000
7.186832 0.000000 0.000000 0.000000
7.186823 0.000001 0.000000 0.000001
7.186826 0.000002 0.000003 0.000001
7.186832 0.000000 0.000001 0.000000
7.186833 0.000000 0.000000 0.000000
7.186832 0.000001 0.000006 0.000000
7.186627 0.000003 0.000004 0.000000
7.186636 0.000002 0.000003 0.000000
7.186833 0.000000 0.000000 0.000000
7.186828 0.000000 0.000003 0.000000
7.186827 0.000000 0.000004 0.000000
7.186623 0.000001 0.000002 0.000000
7.186624 0.000001 0.000002 0.000000
7.186820 0.000001 0.000000 0.000000
7.186841 0.000000 0.000000 0.000000
7.186830 0.000000 0.000000 0.000000
7.186823 0.000002 0.000001 0.000000
7.186824 0.000003 0.000002 0.000000
7.186825 0.000003 0.000002 0.000000
7.186636 0.000001 0.000002 0.000000
7.186822 0.000000 0.000000 0.000000
7.186813 0.000000 0.000000 0.000000
7.186823 0.000000 0.000001 0.000000
7.186830 0.000000 0.000000 0.000000
7.186822 0.000000 0.000000 0.000000
7.186819 0.000001 0.000000 -0.000000
7.186829 0.000000 0.000000 0.000000
7.186817 0.000000 0.000000 0.000000
7.186814 0.000000 0.000000 -0.000000
7.186808 -0.000000 0.000000 0.000000
7.186796 0.000000 0.000000 0.000000
7.186796 0.000001 0.000000 0.000000
7.186820 0.000000 0.000000 0.000000
7.186802 0.000000 0.000000 0.000000
7.186796 0.000000 0.000000 0.000000
7.186791 0.000000 0.000000 0.000000
7.186779 0.000000 0.000000 0.000000
7.186781 0.000000 0.000000 0.000000
7.186769 0.000000 0.000000 0.000000
7.186747 0.000000 0.000000 0.000000
7.186758 0.000000 0.000000 0.000000
7.186748 0.000001 0.000000 0.000000
7.186784 0.000000 0.000000 0.000000
7.186743 -0.000000 -0.000000 0.000000
7.186716 0.000000 0.000000 0.000001
7.186739 0.000000 0.000000 0.000000
7.186716 0.000001 0.000000 0.000000
7.186725 0.000000 0.000000 0.000000
7.186698 0.000000 0.000000 0.000000
7.186695 0.000001 0.000000 0.000000
7.186758 0.000000 0.000000 0.000000
7.186716 0.000000 0.000000 0.000000
7.186700 0.000000 0.000000 0.000000
7.186691 0.000000 0.000000 0.000000
7.186662 0.000000 0.000000 0.000000
7.186663 0.000001 0.000000 0.000000
7.186723 0.000000 0.000000 0.000000
7.186661 0.000000 0.000000 0.000000
7.186622 0.000000 0.000000 0.000000
7.186636 0.000000 0.000000 0.000000
7.186611 0.000000 0.000000 0.000000
7.186558 0.000000 0.000000 0.000000
7.186571 0.000000 0.000000 0.000000
7.186522 0.000000 0.000000 0.000001
7.186654 0.000000 0.000000 0.000000
7.186554 0.000000 0.000000 0.000000
7.186500 0.000000 0.000000 0.000000
7.186501 0.000000 0.000000 0.000000
7.186465 0.000001 0.000000 0.000000
7.186593 -0.000000 0.000000 0.000000
7.186468 0.000000 0.000000 0.000000
7.186391 0.000001 0.000000 0.000000
7.186446 0.000001 -0.000000 0.000000
7.186557 0.000000 0.000000 0.000000
7.186463 0.000001 0.000000 0.000000
7.186544 0.000000 0.000000 0.000000
7.186470 0.000000 0.000000 0.000000
7.186437 0.000000 0.000000 0.000000
7.186377 0.000001 0.000000 0.000000
7.186406 0.000001 0.000000 0.000000
7.186510 0.000000 0.000000 0.000000
7.186441 0.000000 0.000000 0.000000
7.186425 0.000000 0.000000 0.000000
7.186387 0.000000 0.000000 0.000001
7.186396 0.000000 0.000000 0.000000
7.186343 0.000001 0.000000 0.000000
7.186397 0.000001 -0.000000 0.000000
7.186451 0.000000 0.000000 0.000000
7.186392 0.000000 0.000000 0.000000
7.186354 0.000000 0.000000 0.000001
7.186385 0.000001 0.000000 0.000000
7.186435 0.000000 0.000000 0.000000
7.186393 0.000000 0.000000 0.000000
7.186379 0.000000 0.000000 0.000000
7.186351 0.000000 0.000000 0.000001
7.186359 0.000000 0.000000 0.000001
7.186416 0.000000 0.000000 0.000000
7.186341 0.000000 0.000000 0.000001
7.186228 0.000000 0.000000 0.000001
7.185886 0.000001 0.000002 0.000002
7.186154 0.000002 0.000002 0.000001
7.186165 0.000001 0.000001 0.000001
7.186330 0.000001 0.000000 0.000000
7.186330 0.000001 -0.000000 -0.000000
7.186365 0.000000 0.000000 0.000000
7.186335 0.000000 0.000000 0.000000
7.186246 0.000001 0.000000 0.000000
7.186152 0.000001 0.000008 0.000013
7.186152 0.000001 0.000008 0.000013
7.186049 0.000012 0.000003 0.000014
7.186049 0.000012 0.000003 0.000014
7.186350 0.000000 0.000000 0.000001
7.186384 0.000000 0.000000 0.000000
7.186273 0.000003 0.000010 0.000001
7.186345 0.000023 0.000031 0.000007
7.186182 0.000003 0.000010 0.000001
7.186222 0.000028 0.000039 0.000000
7.186255 0.000003 0.000046 0.000001
7.186279 0.000007 0.000023 0.000001
7.186293 0.000005 0.000028 0.000007
7.186340 0.000000 0.000001 0.000001
7.186349 0.000006 0.000008 0.000000
7.186347 0.000005 0.000007 0.000000
7.186156 0.000013 0.000020 0.000001
7.186158 0.000013 0.000020 0.000001
7.186350 0.000000 0.000000 0.000000
7.186285 0.000006 0.000004 0.000001
7.186309 0.000001 0.000010 0.000000
7.186327 0.000006 0.000020 0.000001
7.186254 0.000004 0.000012 0.000002
7.186201 0.000004 0.000011 0.000000
7.186301 0.000015 0.000014 0.000002
7.186334 0.000001 0.000004 0.000002
7.186345 0.000005 0.000020 0.000001
7.186361 0.000009 0.000013 0.000003
7.186364 0.000009 0.000013 0.000003
7.186135 0.000020 0.000005 0.000007
7.186135 0.000020 0.000007 0.000007
7.186333 0.000000 0.000000 0.000000
7.186304 0.000000 0.000000 0.000000
7.186217 0.000001 0.000000 0.000000
7.185954 0.000001 0.000000 0.000001
7.186094 0.000021 0.000014 0.000017
7.186144 0.000005 0.000006 0.000013
7.186131 0.000002 0.000011 0.000007
7.186132 0.000002 0.000011 0.000007
7.186296 0.000001 0.000000 0.000000
7.186358 0.000000 0.000000 0.000000
7.186168 0.000003 0.000011 0.000003
7.186217 0.000026 0.000016 0.000002
7.186252 0.000000 0.000019 0.000000
7.186264 0.000006 0.000052 0.000002
7.186265 0.000004 0.000011 0.000003
7.186267 0.000008 0.000013 0.000006
7.186301 0.000001 0.000003 0.000004
7.186310 0.000001 0.000001 0.000001
7.186151 0.000010 0.000005 0.000003
7.186176 0.000001 0.000002 0.000000
7.186194 0.000001 0.000007 0.000001
7.186155 0.000010 0.000018 0.000000
7.186307 0.000000 0.000000 0.000000
7.186300 0.000005 0.000000 0.000002
7.186240 0.000010 0.000012 0.000001
7.186297 0.000004 0.000011 0.000002
7.186175 0.000008 0.000001 0.000000
7.186258 0.000007 0.000002 0.000000
7.186277 0.000009 0.000017 0.000002
7.186301 0.000001 0.000016 0.000001
7.186306 0.000001 0.000001 0.000000
7.186258 0.000001 0.000013 0.000000
7.186255 0.000002 0.000013 0.000000
7.186203 0.000001 0.000010 0.000000
7.186205 0.000001 0.000010 0.000000
7.186294 0.000000 0.000000 0.000000
7.186261 0.000001 0.000000 0.000000
7.186261 0.000001 0.000000 0.000000
7.186318 0.000005 0.000004 0.000001
7.186160 0.000004 0.000004 0.000003
7.186164 0.000004 0.000004 0.000003
7.186280 0.000001 0.000000 0.000000
7.186332 0.000000 0.000000 0.000000
7.186244 0.000011 0.000000 0.000000
7.186279 0.000001 0.000014 0.000001
7.186280 0.000001 0.000006 0.000002
7.186284 0.000006 0.000000 0.000002
7.186217 0.000003 0.000022 0.000000
7.186217 0.000004 0.000022 0.000000
7.186280 0.000001 0.000026 0.000000
7.186306 0.000000 0.000004 0.000000
7.186217 0.000004 0.000011 0.000002
7.186217 0.000004 0.000011 0.000002
7.186175 0.000001 0.000000 0.000000
7.186048 0.000004 0.000003 0.000000
7.186320 0.000006 0.000005 0.000001
7.186315 0.000007 0.000006 0.000001
7.186172 0.000009 0.000003 0.000002
7.186173 0.000009 0.000003 0.000002
7.186293 0.000000 0.000000 0.000000
7.186272 0.000000 0.000000 0.000000
7.186209 0.000000 0.000000 0.000000
7.186019 0.000000 0.000000 0.000001
7.185449 -0.000000 0.000000 0.000003
7.186041 0.000011 0.000049 0.000000
7.186052 0.000019 0.000064 0.000004
7.186241 0.000000 0.000000 0.000000
7.186536 0.000124 0.000042 0.000021
7.185856 0.000109 0.000061 0.000001
7.186218 0.000013 0.000098 0.000032
7.185972 0.000041 0.000143 0.000038
7.186065 0.000042 0.000143 0.000037
7.186104 0.000003 0.000195 0.000007
7.186875 0.000021 0.000169 0.000018
7.185994 0.000090 0.000088 0.000003
7.185755 0.000032 0.000116 0.000021
7.185755 0.000033 0.000116 0.000021
7.186063 0.000016 0.000032 0.000004
7.186065 0.000043 0.000044 0.000004
7.186219 0.000000 0.000000 0.000000
7.186202 0.000053 0.000024 0.000013
7.186014 0.000058 0.000015 0.000005
7.185756 0.000039 0.000032 0.000009
7.186411 0.000028 0.000049 0.000015
7.186185 0.000003 0.000103 0.000001
7.186281 0.000038 0.000032 0.000008
7.186511 0.000022 0.000055 0.000004
7.185913 0.000012 0.000067 0.000017
7.185949 0.000036 0.000033 0.000001
7.185947 0.000036 0.000037 0.000000
7.185960 0.000003 0.000079 0.000013
7.185960 0.000003 0.000079 0.000013
7.186200 0.000000 0.000000 0.000000
7.186153 0.000000 0.000000 0.000000
7.186013 0.000000 0.000000 0.000001
7.185592 0.000000 0.000001 0.000002
7.186237 0.000002 0.000013 0.000006
7.186248 0.000001 0.000011 0.000004
7.186137 0.000000 0.000000 0.000000
7.186070 0.000000 0.000000 0.000001
7.186088 0.000000 0.000000 0.000001
7.186464 0.000001 0.000007 0.000005
7.186201 0.000000 0.000010 0.000004
7.186126 0.000000 0.000000 0.000000
7.186068 0.000000 0.000000 0.000000
7.185895 0.000000 -0.000000 0.000001
7.185376 0.000001 0.000000 0.000002
7.185708 0.000039 0.000016 0.000013
7.185704 0.000039 0.000022 0.000014
7.185004 0.000071 0.000185 0.000074
7.185004 0.000072 0.000185 0.000074
7.186065 0.000000 0.000000 0.000001
7.186173 0.000000 0.000000 0.000000
7.185188 0.000094 0.000221 0.000061
7.185510 0.000239 0.000153 0.000168
7.185580 0.000015 0.000218 0.000004
7.186048 0.000023 0.000478 0.000008
7.186956 0.000440 0.000204 0.000009
7.185676 0.000231 0.000325 0.000126
7.186114 0.000231 0.000325 0.000124
7.186084 0.000007 0.000022 0.000002
7.185670 0.000073 0.000116 0.000004
7.185652 0.000071 0.000118 0.000002
7.184937 0.000138 0.000206 0.000063
7.184941 0.000136 0.000207 0.000063
7.186063 0.000000 0.000000 0.000001
7.186166 0.000000 0.000000 0.000000
7.185525 0.000153 0.000087 0.000021
7.186024 0.000014 0.000070 0.000044
7.185723 0.000028 0.000102 0.000042
7.186196 0.000110 0.000184 0.000016
7.185755 0.000100 0.000124 0.000061
7.186067 0.000028 0.000102 0.000044
7.186085 0.000032 0.000151 0.000020
7.186164 0.000012 0.000022 0.000007
7.185345 0.000026 0.000046 0.000003
7.185321 0.000024 0.000042 0.000001
7.186412 0.000020 0.000018 0.000011
7.186426 0.000017 0.000021 0.000011
7.186087 0.000000 0.000000 0.000000
7.185823 0.000035 0.000020 0.000009
7.185938 0.000003 0.000053 0.000001
7.185866 0.000021 0.000055 0.000003
7.185924 0.000021 0.000055 0.000001
7.186028 0.000036 0.000133 0.000025
7.186054 0.000070 0.000017 0.000002
7.186068 0.000070 0.000076 0.000032
7.186097 0.000036 0.000090 0.000000
7.185792 0.000021 0.000020 0.000015
7.185792 0.000021 0.000019 0.000014
7.185834 0.000002 0.000089 0.000007
7.185837 0.000002 0.000088 0.000007
7.186063 0.000000 0.000000 0.000001
7.186140 0.000000 0.000000 0.000000
7.185845 0.000004 0.000028 0.000004
7.186035 0.000022 0.000016 0.000005
7.186087 0.000012 0.000049 0.000003
7.185945 0.000004 0.000028 0.000006
7.186004 0.000016 0.000015 0.000009
7.185952 0.000031 0.000024 0.000001
7.186066 0.000009 0.000024 0.000012
7.186179 0.000029 0.000049 0.000011
7.185910 0.000010 0.000000 0.000000
7.185910 0.000010 0.000000 0.000000
7.185979 0.000005 0.000013 0.000001
7.186070 0.000000 0.000000 0.000000
7.185867 0.000019 0.000007 0.000001
7.186047 0.000010 0.000006 0.000003
7.186035 0.000003 0.000012 0.000004
7.185923 0.000019 0.000007 0.000001
7.186003 0.000010 0.000005 0.000005
7.186059 0.000003 0.000025 0.000002
7.186059 0.000015 0.000000 0.000005
7.186073 0.000001 0.000004 0.000001
7.186004 0.000002 0.000001 0.000000
7.186003 0.000002 0.000001 0.000000
7.185838 0.000019 0.000001 0.000001
7.186055 0.000000 0.000000 0.000001
7.186119 0.000000 0.000000 0.000000
7.186044 0.000005 0.000001 0.000001
7.186081 0.000001 0.000007 0.000002
7.185898 0.000002 0.000001 0.000002
7.186071 0.000006 0.000002 0.000001
7.186068 0.000000 0.000010 0.000000
7.185892 0.000002 0.000001 0.000000
7.186073 0.000005 0.000002 0.000003
7.186058 0.000004 0.000003 0.000003
7.186074 0.000000 0.000006 0.000001
7.186074 0.000001 0.000007 0.000000
7.185884 0.000008 0.000004 0.000001
7.186051 0.000000 0.000000 0.000000
7.186008 0.000000 0.000000 0.000001
7.186000 0.000000 0.000000 0.000001
7.186055 0.000001 0.000003 0.000001
7.186058 0.000001 0.000006 0.000001
7.185833 0.000010 0.000002 0.000003
7.185847 0.000005 0.000005 0.000006
7.186032 0.000000 0.000000 0.000001
7.186103 0.000000 0.000000 0.000000
7.186027 0.000005 0.000000 0.000001
7.186045 0.000000 0.000013 0.000001
7.186052 0.000006 0.000001 0.000001
7.186064 0.000002 0.000000 0.000000
7.186049 0.000000 0.000004 0.000002
7.185918 0.000010 0.000002 0.000004
7.185872 0.000010 0.000003 0.000002
7.186047 0.000002 0.000012 0.000001
7.185857 0.000001 0.000003 0.000002
7.185888 0.000005 0.000007 0.000001
7.186030 0.000001 0.000010 0.000001
7.186030 0.000001 0.000010 0.000001
7.186033 0.000000 0.000000 0.000001
7.186097 0.000000 0.000000 0.000000
7.186044 0.000000 0.000003 0.000001
7.186054 0.000003 0.000000 0.000000
7.186039 0.000003 0.000005 0.000000
7.186055 0.000001 0.000001 0.000000
7.185895 0.000001 0.000006 0.000001
7.186048 0.000002 0.000005 0.000000
7.185895 0.000001 0.000006 0.000001
7.186051 0.000000 0.000000 0.000001
7.186047 0.000000 0.000001 0.000001
7.186047 0.000000 0.000000 0.000001
7.186089 0.000000 0.000000 0.000000
7.186045 0.000001 0.000001 0.000001
7.186050 0.000001 0.000001 0.000001
7.185895 0.000001 0.000001 0.000001
7.186047 0.000002 0.000003 0.000000
7.186051 0.000002 0.000001 0.000000
7.186052 0.000000 0.000001 -0.000000
7.185896 0.000000 0.000001 0.000001
7.186052 0.000002 0.000001 0.000001
7.186045 0.000000 0.000001 0.000001
7.186046 0.000000 0.000001 0.000001
7.186055 0.000000 0.000000 0.000000
7.186054 0.000000 0.000000 0.000000
7.186050 0.000000 0.000000 0.000000
7.186046 0.000000 0.000002 0.000000
7.186045 0.000001 0.000000 0.000000
7.186047 0.000000 0.000000 0.000000
7.186037 0.000001 0.000000 -0.000000
7.186033 0.000000 0.000006 0.000001
7.186033 0.000000 0.000006 0.000001
7.185891 0.000002 0.000002 0.000001
7.185891 0.000003 0.000001 0.000001
7.186034 0.000000 0.000000 0.000000
7.186017 0.000000 0.000001 0.000000
7.185997 0.000001 0.000001 0.000001
7.186020 0.000000 0.000000 0.000001
7.186010 0.000000 0.000000 0.000000
7.185938 0.000001 0.000002 0.000000
7.185932 0.000009 0.000008 0.000002
7.185932 0.000009 0.000008 0.000002
7.185801 0.000006 0.000035 0.000001
7.185802 0.000006 0.000035 0.000001
7.186023 0.000001 0.000000 0.000000
7.186046 0.000000 0.000000 0.000000
7.185992 0.000004 0.000001 0.000001
7.185887 0.000003 0.000002 0.000002
7.185903 0.000003 0.000002 0.000004
7.185993 0.000002 0.000012 0.000003
7.186007 0.000008 0.000002 0.000001
7.185981 0.000001 0.000009 0.000001
7.186020 0.000001 0.000009 0.000000
7.186023 0.000003 0.000001 0.000001
7.185994 0.000002 0.000001 0.000000
7.185876 0.000004 0.000003 0.000000
7.185972 0.000010 0.000002 0.000001
7.186024 0.000000 0.000001 0.000000
7.186044 0.000000 0.000000 0.000000
7.186007 0.000000 0.000003 0.000000
7.186024 0.000002 0.000003 0.000001
7.185875 0.000002 0.000006 0.000002
7.185915 0.000002 0.000006 0.000000
7.185993 0.000005 0.000005 0.000000
7.186000 0.000003 0.000000 0.000001
7.186000 0.000001 0.000008 0.000000
7.186011 0.000004 0.000007 0.000004
7.185996 0.000000 0.000001 0.000000
7.185996 0.000001 0.000001 0.000000
7.185903 0.000000 0.000002 0.000001
7.186023 0.000000 0.000000 0.000000
7.186016 0.000000 0.000000 0.000000
7.186005 0.000000 0.000000 0.000000
7.185985 0.000000 0.000000 0.000000
7.185983 0.000000 0.000000 0.000000
7.185952 0.000000 0.000000 0.000000
7.185960 0.000000 0.000001 0.000000
7.186016 0.000000 0.000000 0.000000
7.185969 0.000000 0.000000 0.000000
7.185957 0.000000 0.000001 0.000000
7.186001 0.000000 0.000000 0.000000
7.185950 0.000001 0.000000 0.000000
7.186000 0.000000 0.000000 0.000000
7.185952 0.000000 0.000000 0.000000
7.185942 0.000000 0.000001 0.000000
7.185986 0.000000 0.000000 0.000000
7.185938 0.000000 0.000000 0.000000
7.185907 0.000000 0.000001 0.000000
7.185932 0.000000 0.000000 0.000000
7.185905 0.000000 0.000001 0.000000
7.185913 -0.000000 0.000000 0.000000
7.185877 0.000000 0.000000 0.000000
7.185769 0.000001 0.000000 0.000000
7.185446 0.000003 0.000001 0.000000
7.185899 0.000000 0.000001 0.000000
7.185909 0.000001 0.000003 0.000001
7.185769 0.000001 0.000003 0.000001
7.185769 0.000001 0.000003 0.000001
7.185892 0.000000 0.000000 0.000000
7.185842 0.000003 0.000014 0.000002
7.185750 0.000002 0.000014 0.000003
7.185840 0.000004 0.000000 0.000003
7.185873 0.000006 0.000000 0.000002
7.185877 0.000000 0.000010 0.000001
7.185874 0.000007 0.000006 0.000002
7.185788 0.000004 0.000015 0.000004
7.185919 0.000004 0.000014 0.000001
7.185766 0.000000 0.000005 0.000002
7.185839 0.000000 0.000008 0.000001
7.185839 0.000001 0.000008 0.000001
7.185869 0.000000 0.000000 0.000000
7.185827 0.000000 0.000001 0.000001
7.185844 0.000001 0.000001 0.000001
7.185914 0.000001 0.000000 0.000000
7.185923 0.000002 0.000000 0.000000
7.185786 0.000002 0.000000 0.000001
7.185781 0.000003 0.000002 0.000001
7.185855 0.000000 0.000000 0.000000
7.185814 0.000001 0.000001 0.000000
7.185815 0.000001 0.000000 0.000000
7.185872 0.000003 0.000005 0.000000
7.185837 0.000001 0.000002 0.000000
7.185830 0.000000 0.000000 0.000000
7.185779 0.000001 0.000000 0.000000
7.185755 0.000001 0.000000 0.000000
7.185531 0.000002 0.000001 0.000000
7.186004 0.000009 0.000003 0.000003
7.185900 0.000008 0.000019 0.000005
7.185816 0.000000 0.000001 0.000000
7.185889 0.000000 0.000000 0.000000
7.185586 0.000033 0.000000 0.000005
7.185940 0.000043 0.000000 0.000037
7.185562 0.000004 0.000100 0.000001
7.185730 0.000098 0.000065 0.000011
7.185468 0.000080 0.000101 0.000001
7.185771 0.000038 0.000139 0.000009
7.186043 0.000082 0.000101 0.000002
7.185843 0.000003 0.000003 0.000001
7.185370 0.000002 0.000021 0.000002
7.185370 0.000002 0.000022 0.000001
7.185748 0.000013 0.000000 0.000008
7.185752 0.000011 0.000001 0.000008
7.185835 0.000001 0.000000 0.000000
7.185878 0.000000 0.000000 0.000000
7.185614 0.000006 0.000022 0.000011
7.185835 0.000024 0.000008 0.000007
7.185643 0.000030 0.000112 0.000011
7.185849 0.000018 0.000015 0.000008
7.185746 0.000018 0.000014 0.000015
7.185765 0.000016 0.000014 0.000014
7.185775 0.000037 0.000063 0.000014
7.185845 0.000000 0.000010 0.000000
7.185647 0.000002 0.000019 0.000005
7.185646 0.000002 0.000020 0.000005
7.185723 0.000001 0.000005 0.000007
7.185735 0.000000 0.000001 0.000005
7.185835 0.000000 0.000000 0.000000
7.185775 0.000003 0.000008 0.000004
7.185706 0.000001 0.000005 0.000002
7.185780 0.000001 0.000021 0.000000
7.185805 0.000003 0.000006 0.000003
7.185815 0.000009 0.000020 0.000002
7.185825 0.000017 0.000009 0.000004
7.185827 0.000000 0.000006 0.000004
7.185832 0.000001 0.000000 0.000001
7.185705 0.000003 0.000003 0.000002
7.185705 0.000003 0.000003 0.000002
7.185724 0.000001 0.000001 0.000004
7.185724 0.000001 0.000001 0.000004
7.185828 0.000000 0.000000 0.000000
7.185803 0.000001 0.000000 0.000000
7.185822 0.000000 0.000001 0.000001
7.185738 0.000001 0.000003 0.000001
7.185806 0.000001 0.000001 0.000001
7.185724 0.000004 0.000002 0.000002
7.185810 0.000000 0.000001 0.000000
7.185860 0.000000 0.000000 0.000000
7.185792 0.000004 0.000011 0.000003
7.185809 0.000005 0.000001 0.000000
7.185811 0.000006 0.000003 0.000000
7.185816 0.000002 0.000010 0.000003
7.185824 0.000001 0.000010 0.000001
7.185762 0.000012 0.000001 0.000004
7.185749 0.000010 0.000001 0.000003
7.185849 0.000004 0.000001 0.000001
7.185772 0.000002 0.000009 0.000001
7.185818 0.000000 0.000008 0.000001
7.185817 0.000000 0.000008 0.000001
7.185815 0.000001 0.000000 0.000000
7.185855 0.000000 0.000000 0.000000
7.185749 0.000001 0.000001 0.000001
7.185824 0.000004 0.000003 0.000001
7.185762 0.000001 0.000001 0.000001
7.185818 0.000002 0.000004 0.000001
7.185816 0.000000 0.000005 0.000000
7.185831 -0.000000 0.000005 0.000000
7.185838 0.000001 0.000000 0.000000
7.185830 0.000001 0.000000 0.000000
7.185757 0.000001 0.000003 0.000001
7.185836 0.000000 0.000006 0.000001
7.185836 0.000000 0.000006 0.000001
7.185821 0.000000 0.000000 0.000000
7.185802 0.000000 0.000001 0.000000
7.185801 0.000000 0.000001 0.000000
7.185803 0.000000 0.000001 0.000001
7.185733 0.000001 0.000000 0.000001
7.185813 0.000001 0.000000 0.000000
7.185844 0.000000 0.000000 0.000000
7.185750 0.000005 0.000002 0.000001
7.185761 0.000003 0.000002 0.000001
7.185804 0.000003 0.000004 0.000001
7.185817 0.000001 0.000006 0.000001
7.185830 0.000003 0.000001 0.000001
7.185831 0.000002 0.000004 0.000000
7.185833 0.000002 0.000007 0.000000
7.185794 0.000004 0.000009 0.000003
7.185750 0.000001 0.000001 0.000001
7.185802 0.000000 0.000005 0.000000
7.185802 0.000000 0.000008 0.000000
7.185808 0.000000 0.000000 0.000000
7.185785 0.000001 0.000000 0.000000
7.185770 0.000001 0.000000 0.000000
7.185766 0.000002 0.000006 0.000003
7.185781 0.000000 0.000001 0.000000
7.185786 0.000000 0.000003 0.000000
7.185770 0.000002 0.000010 0.000003
7.185805 0.000001 0.000000 0.000000
7.185835 0.000000 0.000000 0.000000
7.185797 0.000000 0.000004 0.000000
7.185799 0.000004 0.000002 0.000000
7.185800 0.000000 0.000005 0.000001
7.185801 0.000003 0.000004 0.000002
7.185808 0.000000 0.000002 0.000000
7.185735 0.000002 0.000008 0.000000
7.185776 0.000000 0.000008 0.000000
7.185810 0.000001 0.000001 0.000001
7.185796 0.000002 0.000003 0.000000
7.185796 0.000002 0.000003 0.000000
7.185750 0.000001 0.000002 0.000001
7.185815 0.000000 0.000000 0.000000
7.185753 0.000001 0.000002 0.000001
7.185758 0.000001 0.000002 0.000000
7.185804 0.000000 0.000001 0.000001
7.185801 0.000000 0.000003 0.000000
7.185806 0.000000 0.000001 0.000001
7.185809 0.000001 0.000000 0.000000
7.185809 0.000001 0.000002 0.000001
7.185811 0.000001 0.000002 0.000000
7.185750 0.000001 0.000001 0.000001
7.185799 0.000002 0.000003 0.000000
7.185800 0.000002 0.000002 0.000000
7.185806 0.000001 0.000000 0.000000
7.185828 0.000000 0.000000 0.000000
7.185807 0.000000 0.000000 0.000000
7.185801 0.000000 0.000001 0.000000
7.185750 0.000001 0.000000 0.000002
7.185802 0.000000 0.000002 0.000001
7.185802 0.000000 0.000002 0.000001
7.185804 0.000000 0.000000 0.000000
7.185792 0.000001 0.000000 0.000000
7.185794 0.000000 0.000000 0.000000
7.185777 0.000000 0.000000 0.000000
7.185725 0.000000 0.000000 0.000000
7.185571 0.000000 0.000001 0.000000
7.185108 0.000001 0.000004 0.000000
7.185430 0.000001 0.000004 0.000001
7.185430 0.000001 0.000003 0.000000
7.185585 0.000000 0.000001 0.000002
7.185578 0.000000 0.000004 0.000002
7.185754 0.000000 0.000000 0.000000
7.185524 0.000002 0.000004 0.000001
7.185617 0.000003 0.000006 0.000001
7.185655 0.000003 0.000016 0.000000
7.185656 0.000018 0.000004 0.000001
7.185721 0.000005 0.000030 0.000008
7.185730 0.000002 0.000016 0.000000
7.185695 0.000022 0.000019 0.000007
7.185727 0.000001 0.000001 0.000000
7.185675 0.000001 0.000003 0.000000
7.185696 0.000006 0.000001 0.000002
7.185520 0.000003 0.000015 0.000004
7.185522 0.000005 0.000015 0.000003
7.185735 0.000000 0.000000 0.000000
7.185704 0.000004 0.000005 0.000000
7.185560 0.000004 0.000004 0.000002
7.185700 0.000001 0.000008 0.000000
7.185716 0.000006 0.000005 0.000003
7.185581 0.000003 0.000002 0.000002
7.185700 0.000007 0.000011 0.000001
7.185728 0.000002 0.000011 0.000003
7.185726 0.000000 0.000001 0.000000
7.185539 0.000002 0.000001 0.000000
7.185540 0.000003 0.000000 0.000000
7.185681 0.000000 0.000005 0.000001
7.185681 0.000000 0.000005 0.000001
7.185710 0.000000 0.000000 0.000000
7.185663 0.000000 0.000000 0.000000
7.185522 0.000000 0.000001 -0.000000
7.185099 0.000000 0.000004 0.000001
7.185523 0.000002 0.000001 0.000000
7.185513 0.000000 0.000001 0.000000
7.185488 0.000001 0.000007 0.000002
7.185417 0.000003 0.000007 0.000000
7.185470 0.000015 0.000010 0.000001
7.185474 0.000016 0.000010 0.000001
7.185658 0.000000 0.000001 0.000000
7.185747 0.000000 0.000000 0.000000
7.185525 0.000017 0.000012 0.000003
7.185628 0.000020 0.000003 0.000014
7.185640 0.000028 0.000014 0.000007
7.185647 0.000002 0.000026 0.000001
7.185578 0.000007 0.000038 0.000011
7.185449 0.000007 0.000036 0.000010
7.185772 0.000012 0.000059 0.000004
7.185672 0.000002 0.000011 0.000000
7.185558 0.000003 0.000003 0.000001
7.185555 0.000003 0.000001 0.000000
7.185421 0.000020 0.000031 0.000012
7.185421 0.000019 0.000031 0.000012
7.185678 0.000000 0.000000 0.000000
7.185638 0.000004 0.000010 0.000000
7.185647 0.000000 0.000005 0.000005
7.185467 0.000018 0.000003 0.000003
7.185559 0.000018 0.000004 0.000004
7.185572 0.000005 0.000022 0.000000
7.185657 0.000010 0.000022 0.000000
7.185661 0.000016 0.000005 0.000005
7.185672 0.000003 0.000002 0.000001
7.185509 0.000003 0.000001 0.000002
7.185515 0.000001 0.000005 0.000002
7.185627 0.000002 0.000026 0.000001
7.185628 0.000002 0.000025 0.000001
7.185657 0.000000 0.000000 0.000000
7.185612 0.000000 0.000001 0.000000
7.185640 0.000001 0.000000 0.000000
7.185409 -0.000000 0.000004 0.000001
7.185411 0.000001 0.000004 0.000001
7.185511 0.000009 0.000001 0.000003
7.185510 0.000009 0.000001 0.000003
7.185638 0.000000 0.000001 0.000000
7.185711 0.000000 0.000000 0.000000
7.185470 0.000005 0.000008 0.000002
7.185557 0.000006 0.000009 0.000001
7.185630 0.000012 0.000009 0.000000
7.185583 0.000002 0.000019 0.000004
7.185585 0.000008 0.000028 0.000003
7.185637 0.000001 0.000004 0.000000
7.185644 0.000001 0.000008 0.000000
7.185673 0.000002 0.000007 0.000001
7.185590 0.000004 0.000007 0.000000
7.185591 0.000004 0.000006 0.000000
7.185457 0.000009 0.000009 0.000000
7.185457 0.000009 0.000010 0.000000
7.185642 0.000000 0.000000 0.000000
7.185601 0.000000 0.000001 0.000000
7.185597 0.000000 0.000000 0.000000
7.185462 0.000000 0.000001 0.000000
7.185057 0.000001 0.000002 0.000001
7.185376 0.000007 0.000013 0.000001
7.185429 0.000011 0.000031 0.000002
7.185437 0.000000 0.000030 0.000000
7.185474 0.000005 0.000045 0.000001
7.185585 0.000000 0.000001 0.000000
7.185679 0.000000 0.000000 0.000000
7.185250 0.000026 0.000030 0.000006
7.185268 0.000042 0.000110 0.000006
7.185551 0.000077 0.000109 0.000011
7.185591 0.000005 0.000031 0.000001
7.185590 0.000003 0.000035 0.000011
7.185418 0.000026 0.000149 0.000013
7.185507 0.000027 0.000147 0.000013
7.185612 0.000001 0.000009 0.000000
7.185288 0.000028 0.000110 0.000008
7.185287 0.000028 0.000110 0.000008
7.185582 0.000010 0.000001 0.000001
7.185616 0.000000 0.000000 0.000000
7.185367 0.000013 0.000001 0.000007
7.185500 0.000022 0.000006 0.000001
7.185455 0.000006 0.000043 0.000003
7.185553 0.000001 0.000051 0.000004
7.185576 0.000012 0.000006 0.000006
7.185587 0.000003 0.000001 0.000004
7.185557 0.000013 0.000002 0.000007
7.185666 0.000011 0.000021 0.000005
7.185404 0.000008 0.000001 0.000001
7.185405 0.000008 0.000001 0.000001
7.185478 0.000007 0.000028 0.000001
7.185485 0.000006 0.000034 0.000002
7.185592 0.000000 0.000001 0.000000
7.185657 0.000000 0.000000 0.000000
7.185552 0.000010 0.000000 0.000000
7.185581 0.000006 0.000004 0.000004
7.185546 0.000001 0.000021 0.000000
7.185605 0.000002 0.000010 0.000001
7.185566 0.000007 0.000016 0.000000
7.185366 0.000014 0.000022 0.000001
7.185558 0.000014 0.000020 0.000001
7.185603 0.000001 0.000002 0.000000
7.185570 0.000008 0.000003 0.000001
7.185565 0.000011 0.000002 0.000001
7.185432 0.000012 0.000002 0.000003
7.185426 0.000012 0.000001 0.000003
7.185605 0.000000 0.000000 0.000000
7.185598 0.000003 0.000001 0.000001
7.185496 0.000005 0.000002 0.000000
7.185574 0.000005 0.000000 0.000000
7.185600 0.000002 0.000004 0.000001
7.185429 0.000006 0.000004 0.000001
7.185571 0.000000 0.000011 0.000000
7.185598 0.000000 0.000003 0.000001
7.185594 0.000003 0.000006 0.000002
7.185565 0.000003 0.000006 0.000000
7.185450 0.000006 0.000001 0.000002
7.185452 0.000006 0.000001 0.000001
7.185591 0.000000 0.000001 0.000000
7.185640 0.000000 0.000000 0.000000
7.185595 0.000002 0.000000 0.000000
7.185587 0.000003 0.000000 0.000001
7.185462 0.000001 0.000000 0.000001
7.185585 0.000000 0.000004 0.000000
7.185462 0.000001 0.000002 0.000001
7.185585 0.000000 0.000006 0.000000
7.185609 0.000001 0.000002 0.000001
7.185606 0.000003 0.000006 0.000002
7.185591 0.000000 0.000001 0.000000
7.185591 0.000000 0.000001 0.000000
7.185599 0.000000 0.000001 0.000000
7.185593 0.000000 0.000001 0.000000
7.185592 0.000001 0.000001 0.000000
7.185597 0.000000 0.000001 0.000000
7.185593 0.000000 0.000002 0.000000
7.185597 0.000000 0.000002 0.000000
7.185600 0.000001 0.000001 0.000000
7.185457 0.000001 0.000001 0.000000
7.185468 0.000001 0.000001 0.000000
7.185599 0.000000 0.000002 0.000000
7.185592 0.000000 0.000001 0.000000
7.185592 -0.000000 0.000002 0.000000
7.185597 0.000000 0.000000 0.000000
7.185595 0.000000 0.000001 0.000000
7.185599 0.000000 0.000000 -0.000000
7.185597 0.000000 0.000000 0.000000
7.185602 0.000000 0.000000 0.000000
7.185599 0.000000 0.000000 0.000000
7.185613 0.000000 0.000000 0.000000
7.185592 0.000000 0.000000 0.000000
7.185588 0.000000 0.000000 0.000000
7.185580 0.000000 0.000000 0.000000
7.185586 0.000000 0.000000 0.000000
7.185584 0.000000 0.000001 0.000000
7.185594 0.000000 0.000000 0.000000
7.185583 0.000000 0.000000 0.000000
7.185576 0.000000 0.000000 0.000000
7.185566 0.000000 0.000000 0.000000
7.185569 0.000000 0.000001 0.000000
7.185588 0.000000 0.000000 0.000000
7.185569 0.000000 0.000000 0.000000
7.185566 0.000000 0.000000 0.000000
7.185559 0.000000 0.000000 0.000000
7.185545 0.000000 0.000000 0.000000
7.185547 0.000000 0.000000 0.000001
7.185574 0.000000 0.000000 0.000000
7.185548 0.000000 0.000000 0.000000
7.185544 0.000000 0.000000 0.000000
7.185528 0.000000 0.000000 0.000001
7.185539 0.000000 0.000000 0.000000
7.185524 0.000000 0.000000 0.000001
7.185531 0.000000 0.000000 0.000001
7.185557 0.000000 0.000000 0.000000
7.185527 0.000000 0.000000 0.000001
7.185556 0.000000 0.000000 0.000000
7.185536 0.000000 0.000000 0.000000
7.185525 0.000000 0.000000 0.000001
7.185528 0.000000 0.000000 0.000001
7.185549 0.000000 0.000000 0.000000
7.185535 0.000000 0.000000 0.000001
7.185546 0.000000 0.000000 0.000000
7.185535 0.000000 0.000000 0.000001
7.185545 0.000000 0.000000 0.000000
7.185527 0.000000 0.000000 0.000001
7.185528 0.000000 0.000000 0.000001
7.185460 0.000000 0.000000 0.000000
7.185453 0.000001 0.000001 0.000002
7.185457 0.000000 0.000001 0.000000
7.185442 0.000000 0.000000 0.000002
7.185454 0.000002 0.000002 0.000000
7.185449 0.000001 0.000000 0.000002
7.185465 0.000001 0.000001 0.000001
7.185465 0.000001 0.000001 0.000001
7.185451 0.000001 0.000000 0.000001
7.185453 0.000001 0.000001 0.000001
7.185431 0.000006 0.000004 0.000000
7.185460 0.000000 0.000001 0.000000
7.185453 0.000003 0.000003 0.000001
7.185455 0.000001 0.000007 0.000001
7.185459 0.000001 0.000006 0.000002
7.185450 0.000002 0.000004 0.000001
7.185461 0.000000 0.000001 0.000000
7.185453 0.000000 0.000001 0.000001
7.185451 0.000000 0.000001 0.000001
7.185455 0.000000 0.000000 0.000001
7.185450 0.000000 0.000000 0.000002
7.185449 0.000003 0.000009 0.000000
7.185449 0.000002 0.000009 0.000000
7.185454 0.000000 0.000000 0.000001
7.185434 0.000002 0.000002 0.000004
7.185420 0.000003 0.000001 0.000004
7.185421 0.000003 0.000002 0.000004
7.185420 0.000003 0.000001 0.000004
7.185421 0.000003 0.000002 0.000004
7.185454 0.000000 0.000002 0.000001
7.185459 0.000000 0.000000 0.000000
7.185454 0.000000 0.000001 0.000001
7.185459 0.000000 0.000001 0.000001
7.185456 0.000000 0.000001 0.000001
7.185461 0.000003 0.000002 0.000003
7.185456 0.000001 0.000002 0.000003
7.185429 0.000002 0.000004 0.000001
7.185428 0.000002 0.000004 0.000001
7.185443 0.000001 0.000006 0.000000
7.185430 0.000001 0.000007 0.000002
7.185439 0.000005 0.000002 0.000001
7.185451 0.000002 0.000005 0.000002
7.185446 0.000001 0.000008 0.000000
7.185428 0.000006 0.000005 0.000003
7.185479 0.000005 0.000004 0.000000
7.185500 0.000002 0.000015 0.000001
7.185421 0.000002 0.000006 0.000002
7.185421 0.000003 0.000006 0.000002
7.185423 0.000001 0.000013 0.000001
7.185423 0.000001 0.000013 0.000001
7.185453 0.000002 0.000001 0.000000
7.185454 0.000000 0.000001 0.000001
7.185449 0.000001 0.000006 0.000000
7.185447 0.000001 0.000001 0.000001
7.185458 0.000000 0.000002 0.000002
7.185449 0.000000 0.000001 0.000001
7.185471 0.000001 0.000005 0.000001
7.185466 0.000001 0.000000 0.000000
7.185441 0.000001 -0.000000 0.000002
7.185440 0.000001 -0.000000 0.000002
7.185447 0.000001 0.000001 0.000002
7.185444 0.000001 0.000000 0.000002
7.185457 0.000000 0.000001 0.000000
7.185452 0.000000 0.000001 0.000002
7.185458 0.000001 0.000002 0.000001
7.185459 0.000001 0.000000 0.000000
7.185458 0.000000 0.000001 0.000000
7.185450 0.000001 0.000002 0.000001
7.185455 0.000001 0.000000 0.000001
7.185460 0.000000 0.000000 0.000001
7.185456 0.000000 0.000001 0.000001
7.185457 0.000000 0.000000 0.000001
7.185452 0.000001 0.000000 0.000001
7.185453 0.000001 0.000000 0.000001
7.185458 0.000000 0.000000 0.000001
7.185457 0.000000 0.000000 0.000001
7.185453 0.000001 0.000001 0.000001
7.185459 0.000000 0.000000 0.000000
7.185460 -0.000000 0.000000 0.000000
7.185460 0.000000 0.000000 0.000000
7.185460 0.000000 0.000001 0.000001
7.185463 0.000001 0.000001 0.000000
7.185454 0.000000 0.000001 0.000001
7.185453 0.000000 0.000002 0.000001
7.185456 0.000000 0.000001 0.000000
7.185454 0.000000 0.000002 0.000000
7.185465 0.000000 0.000000 0.000000
7.185457 0.000000 0.000000 0.000001
7.185458 0.000000 0.000000 0.000000
7.185454 0.000000 0.000001 0.000001
7.185449 0.000001 0.000002 0.000001
7.185452 0.000000 0.000002 0.000001
7.185455 0.000000 0.000001 0.000001
7.185456 0.000000 0.000001 0.000001
7.185459 -0.000000 0.000000 0.000001
7.185459 -0.000000 0.000000 0.000000
7.185458 0.000000 0.000000 0.000000
7.185458 0.000000 0.000000 0.000000
7.185457 0.000000 0.000000 0.000001
7.185459 0.000000 0.000000 0.000000
7.185457 0.000000 0.000000 0.000001
7.185458 0.000000 0.000000 0.000001
7.185455 0.000000 0.000001 0.000000
7.185458 0.000000 0.000000 0.000000
7.185458 0.000000 0.000000 0.000001
7.185454 0.000000 0.000000 0.000001
7.185453 0.000000 0.000001 0.000001
7.185459 0.000000 0.000001 0.000000
7.185455 0.000000 0.000001 0.000001
7.185455 0.000000 0.000001 0.000001
7.185453 0.000000 0.000000 0.000001
7.185451 0.000000 0.000000 0.000002
7.185456 0.000000 0.000002 0.000000
7.185456 0.000000 0.000002 0.000000
7.185447 0.000001 0.000001 0.000001
7.185447 0.000001 0.000001 0.000001
7.185457 0.000000 0.000000 0.000000
7.185456 0.000000 0.000001 0.000000
7.185456 0.000000 0.000000 0.000000
7.185455 0.000000 0.000001 0.000000
7.185457 0.000000 0.000000 0.000000
7.185457 0.000000 0.000001 0.000000
7.185457 0.000000 0.000000 0.000000
7.185456 0.000000 0.000000 0.000001
7.185458 -0.000000 0.000000 0.000000
7.185455 0.000001 0.000001 0.000000
7.185450 0.000001 0.000001 0.000001
7.185451 0.000001 0.000001 0.000001
7.185450 0.000001 0.000000 0.000002
7.185454 0.000001 0.000001 0.000000
7.185457 0.000001 0.000000 0.000000
7.185455 0.000000 0.000001 0.000000
7.185459 0.000000 0.000000 0.000000
7.185458 0.000000 0.000001 0.000001
7.185453 0.000001 0.000000 0.000001
7.185454 0.000000 0.000000 0.000002
7.185456 0.000000 0.000001 0.000000
7.185454 0.000000 0.000001 0.000001
7.185453 0.000000 0.000001 0.000001
7.185458 0.000000 0.000000 0.000000
7.185455 0.000000 0.000001 0.000001
7.185456 0.000000 0.000001 0.000000
7.185457 0.000000 0.000000 0.000001
7.185456 0.000000 0.000001 0.000000
7.185453 0.000000 0.000000 0.000001
7.185454 0.000000 0.000000 0.000001
7.185457 0.000001 0.000000 0.000000
7.185456 0.000000 0.000001 0.000000
7.185456 0.000000 0.000001 0.000000
7.185456 0.000000 0.000001 0.000000
7.185457 0.000000 0.000000 0.000000
7.185456 0.000000 0.000000 0.000000
7.185456 0.000000 0.000001 0.000000
7.185454 0.000000 0.000000 0.000001
7.185456 0.000000 0.000001 0.000000
7.185452 0.000000 0.000000 0.000001
7.185451 0.000001 0.000000 0.000001
7.185456 0.000000 0.000001 0.000001
7.185457 0.000000 0.000000 0.000000
7.185452 0.000001 0.000001 0.000001
7.185457 0.000000 0.000000 0.000000
7.185457 0.000000 0.000000 0.000000
7.185456 0.000000 0.000001 0.000000
7.185456 0.000000 0.000001 0.000000
7.185459 0.000000 0.000000 0.000000
7.185452 0.000001 0.000000 0.000001
7.185453 0.000000 0.000000 0.000001
7.185456 0.000000 0.000000 0.000000
7.185457 0.000000 0.000000 0.000001
7.185457 0.000000 0.000001 0.000000
7.185456 0.000000 0.000000 0.000001
7.185456 0.000000 0.000000 0.000001
7.185452 0.000001 0.000000 0.000001
7.185456 0.000000 0.000001 0.000000
7.185457 0.000000 0.000000 0.000000
7.185456 0.000000 0.000000 0.000000
7.185456 0.000000 0.000001 0.000000
7.185456 0.000000 0.000000 0.000000
7.185457 0.000000 0.000000 0.000000
7.185456 0.000000 0.000001 0.000000
7.185452 0.000000 0.000000 0.000001
7.185453 0.000001 0.000000 0.000001
7.185457 0.000000 0.000000 0.000000
7.185457 0.000000 0.000000 0.000000
7.185456 0.000000 0.000000 0.000000
7.185452 0.000001 0.000000 0.000001
7.185456 0.000000 0.000000 0.000000
7.185456 0.000000 0.000000 0.000000
7.185456 0.000000 0.000000 0.000000
7.185457 0.000000 0.000000 0.000000
7.185452 0.000000 0.000000 0.000001
7.185456 0.000000 0.000000 0.000000
7.185456 0.000000 0.000000 0.000000
7.185456 0.000000 0.000000 0.000000
7.185452 0.000001 0.000000 0.000001
7.185456 0.000000 0.000001 0.000000
7.185456 0.000000 0.000001 0.000000
7.185456 0.000000 0.000000 0.000000
7.185456 0.000000 0.000000 0.000000
7.185456 0.000000 0.000000 0.000000
7.185456 0.000000 0.000000 0.000000
7.185457 0.000000 0.000000 0.000000
7.185456 0.000000 0.000000 0.000000
7.185452 0.000000 0.000000 0.000001
7.185453 0.000000 0.000000 0.000001
7.185456 0.000000 0.000000 0.000000
7.185456 0.000000 0.000001 0.000000
7.185456 0.000000 0.000000 0.000000
7.185456 0.000000 0.000000 0.000000
7.185456 0.000000 0.000000 0.000000
7.185456 0.000000 0.000000 0.000000
7.185456 0.000000 0.000000 0.000000
7.185456 0.000000 0.000000 0.000000
7.185456 0.000000 0.000000 0.000000
7.185456 0.000000 0.000000 0.000000
7.185452 0.000000 0.000000 0.000001
7.185452 0.000000 0.000000 0.000001
7.185457 0.000000 0.000000 0.000000
7.185456 0.000000 0.000000 0.000000
7.185456 0.000000 0.000000 0.000000
7.185456 0.000000 0.000000 0.000000
7.185456 0.000000 0.000000 0.000000
7.185456 0.000000 0.000000 0.000000
7.185456 0.000000 0.000000 0.000000
7.185456 0.000000 0.000000 0.000000
7.185452 0.000000 0.000000 0.000001
7.185452 0.000000 0.000000 0.000001
7.185456 0.000000 0.000000 0.000000
7.185456 0.000000 0.000000 0.000000
7.185456 0.000000 0.000000 0.000000
7.185456 0.000000 0.000000 0.000000
7.185456 0.000000 0.000000 0.000000
7.185456 0.000000 0.000000 0.000000
7.185456 0.000000 0.000000 0.000000
7.185456 0.000000 0.000000 0.000000
7.185456 0.000000 0.000000 0.000000
7.185452 0.000000 0.000000 0.000001
7.185452 0.000000 0.000000 0.000001
7.185456 0.000000 0.000000 0.000000
7.185456 0.000000 0.000000 0.000000
7.185456 0.000000 0.000000 0.000000
7.185456 0.000000 0.000000 0.000000
7.185456 0.000000 0.000000 0.000000
7.185456 0.000000 0.000000 0.000000
7.185456 0.000000 0.000000 0.000000
7.185456 0.000000 0.000000 0.000000
7.185452 0.000000 0.000000 0.000001
7.185452 0.000000 0.000000 0.000001
7.185456 0.000000 0.000000 0.000000
7.185456 0.000000 0.000000 0.000000
7.185456 0.000000 0.000000 0.000000
7.185456 0.000000 0.000000 0.000000
7.185456 0.000000 0.000000 0.000000
7.185456 0.000000 0.000000 0.000000
7.185456 0.000000 0.000000 0.000000
7.185456 0.000000 0.000000 0.000000
7.185452 0.000000 0.000000 0.000001
7.185452 0.000000 0.000000 0.000001
7.185456 0.000000 0.000000 0.000000
7.185456 0.000000 0.000000 0.000000
7.185456 0.000000 0.000000 0.000000
7.185456 0.000000 0.000000 0.000000
7.185456 0.000000 0.000000 0.000000
7.185456 0.000000 0.000000 0.000000
7.185456 0.000000 0.000000 0.000000
7.185456 0.000000 0.000000 0.000000
7.185452 0.000000 0.000000 0.000001
7.185452 0.000000 0.000000 0.000001
7.185456 0.000000 0.000000 0.000000
7.185456 0.000000 0.000000 0.000000
7.185456 0.000000 0.000000 0.000000
7.185456 0.000000 0.000000 0.000000
7.185456 0.000000 0.000000 0.000000
7.185456 0.000000 0.000000 0.000000
7.185456 0.000000 0.000000 0.000000
7.185456 0.000000 0.000000 0.000000
7.185456 0.000000 0.000000 0.000000
7.185452 0.000000 0.000000 0.000001
7.185452 0.000000 0.000000 0.000001
7.185456 0.000000 0.000000 0.000000
7.185456 0.000000 0.000000 0.000000
7.185456 0.000000 0.000000 0.000000
7.185456 0.000000 0.000000 0.000000
7.185456 0.000000 0.000000 0.000000
7.185456 0.000000 0.000000 0.000000
7.185456 0.000000 0.000000 0.000000
7.185456 0.000000 0.000000 0.000000
7.185452 0.000000 0.000000 0.000001
7.185452 0.000000 0.000000 0.000001
7.185456 0.000000 0.000000 0.000000
7.185456 0.000000 0.000000 0.000000
7.185456 0.000000 0.000000 0.000000
7.185456 0.000000 0.000000 0.000000
7.185456 0.000000 0.000000 0.000000
7.185456 0.000000 0.000000 0.000000
7.185456 0.000000 0.000000 0.000000
7.185456 0.000000 0.000000 0.000000
7.185452 0.000000 0.000000 0.000001
7.185452 0.000000 0.000000 0.000001
7.185456 0.000000 0.000000 0.000000
7.185456 0.000000 0.000000 0.000000
7.185456 0.000000 0.000000 0.000000
7.185456 0.000000 0.000000 0.000000
7.185456 0.000000 0.000000 0.000000
7.185456 0.000000 0.000000 0.000000
7.185456 0.000000 0.000000 0.000000
7.185456 0.000000 0.000000 0.000000
7.185452 0.000000 0.000000 0.000001
7.185452 0.000000 0.000000 0.000001
7.185456 0.000000 0.000000 0.000000
7.185456 0.000000 0.000000 0.000000
7.185456 0.000000 0.000000 0.000000
7.185456 0.000000 0.000000 0.000000
7.185456 0.000000 0.000000 0.000000
7.185456 0.000000 0.000000 0.000000
7.185456 0.000000 0.000000 0.000000
7.185456 0.000000 0.000000 0.000000
7.185452 0.000000 0.000000 0.000001
7.185452 0.000000 0.000000 0.000001
7.185456 0.000000 0.000000 0.000000
7.185456 0.000000 0.000000 0.000000
7.185456 0.000000 0.000000 0.000000
7.185456 0.000000 0.000000 0.000000
7.185456 0.000000 0.000000 0.000000
7.185456 0.000000 0.000000 0.000000
7.185456 0.000000 0.000000 0.000000
7.185456 0.000000 0.000000 0.000000
7.185456 0.000000 0.000000 0.000000
7.185452 0.000000 0.000000 0.000001
7.185452 0.000000 0.000000 0.000001
7.185456 0.000000 0.000000 0.000000
7.185456 0.000000 0.000000 0.000000
7.185456 0.000000 0.000000 0.000000
7.185456 0.000000 0.000000 0.000000
7.185456 0.000000 0.000000 0.000000
7.185456 0.000000 0.000000 0.000000
7.185456 0.000000 0.000000 0.000000
7.185456 0.000000 0.000000 0.000000
7.185452 0.000000 0.000000 0.000001
7.185452 0.000000 0.000000 0.000001
7.185456 0.000000 0.000000 0.000000
7.185456 0.000000 0.000000 0.000000
7.185456 0.000000 0.000000 0.000000
7.185456 0.000000 0.000000 0.000000
7.185456 0.000000 0.000000 0.000000
7.185456 0.000000 0.000000 0.000000
7.185456 0.000000 0.000000 0.000000
7.185456 0.000000 0.000000 0.000000
7.185452 0.000000 0.000000 0.000001
7.185452 0.000000 0.000000 0.000001
7.185456 0.000000 0.000000 0.000000
7.185456 0.000000 0.000000 0.000000
7.185456 0.000000 0.000000 0.000000
7.185456 0.000000 0.000000 0.000000
7.185456 0.000000 0.000000 0.000000
7.185456 0.000000 0.000000 0.000000
7.185452 0.000000 0.000000 0.000001
7.185452 0.000000 0.000000 0.000001
7.185456 0.000000 0.000000 0.000000
7.185456 0.000000 0.000000 0.000000
7.185456 0.000000 0.000000 0.000000
7.185456 0.000000 0.000000 0.000000
7.185456 0.000000 0.000000 0.000000
7.185452 0.000000 0.000000 0.000001
7.185452 0.000000 0.000000 0.000001
7.185456 0.000000 0.000000 0.000000
7.185456 0.000000 0.000000 0.000000
7.185456 0.000000 0.000000 0.000000
7.185456 0.000000 0.000000 0.000000
7.185452 0.000000 0.000000 0.000001
7.185452 0.000000 0.000000 0.000001
7.185456 0.000000 0.000000 0.000000
7.185456 0.000000 0.000000 0.000000
7.185456 0.000000 0.000000 0.000000
