-18.609139 0.000000 0.000000
-7.327816 0.000000 0.000000
-30.705317 -0.000000 0.000000
-45.447455 0.000000 0.000000
-43.170009 0.000000 0.000000
-41.526958 0.000000 0.000000
-45.510303 0.000000 0.000000
-42.448332 0.000000 0.000000
-45.037114 0.000000 0.000000
-45.462282 0.000000 0.000000
-45.498213 0.000000 0.000000
-45.490227 0.000000 0.000000
-45.507332 0.000000 0.000000
-45.502768 0.000000 0.000000
-45.510131 0.000000 0.000000
-45.507849 0.000000 0.000000
-45.510545 0.000000 -0.000000
-44.704273 -0.000000 0.000000
-45.381182 0.000000 0.000000
-45.478588 0.000000 0.000000
-45.510551 0.000000 0.000000
-45.510501 0.000000 0.000000
-45.510545 0.000000 0.000000
-45.510550 0.000000 0.000000
-45.510550 0.000000 0.000000
-45.510550 0.000000 0.000000
-45.502347 0.000000 0.000000
-45.510550 0.000000 0.000000
-45.510550 0.000000 0.000000
-45.509236 -0.000000 0.000000
-45.510551 -0.000000 0.000000
-45.510551 0.000000 -0.000000
-45.510551 0.000000 0.000000
-45.510222 0.000000 0.000000
-45.510551 -0.000000 0.000000
-45.510551 0.000000 -0.000000
-45.510468 0.000000 0.000000
-45.510551 0.000000 0.000000
-45.510537 -0.000000 0.000000
-45.510551 0.000000 0.000000
-45.510547 0.000000 0.000000
-45.510551 0.000000 0.000000
-45.510551 0.000000 0.000000
-45.510550 0.000000 0.000000
-45.510551 0.000000 0.000000
-45.510551 -0.000000 0.000000
-45.510551 0.000000 0.000000
-45.510551 0.000000 0.000000
-45.510551 0.000000 0.000000
-45.510551 0.000000 0.000000
-45.510551 0.000000 0.000000
-45.510551 0.000000 0.000000
-45.510551 0.000000 0.000000
-45.510551 0.000000 0.000000
-45.510551 0.000000 -0.000000
-45.510551 0.000000 0.000000
-45.510551 -0.000000 0.000000
-45.510551 0.000000 0.000000
-45.510551 0.000000 0.000000
-45.510551 0.000000 0.000000
-45.510551 -0.000000 0.000000
-45.510551 0.000000 0.000000
-45.510551 -0.000000 -0.000000
-45.510551 -0.000000 0.000000
-45.510551 -0.000000 0.000000
-45.510551 -0.000000 0.000000
-45.510551 0.000000 0.000000
-45.510551 0.000000 0.000000
-45.510551 0.000000 0.000000
-45.510551 -0.000000 0.000000
-45.510551 0.000000 0.000000
-45.510551 0.000000 0.000000
-45.510551 0.000000 0.000000
-45.510551 0.000000 0.000000
-45.510551 0.000000 0.000000
-45.510551 0.000000 0.000000
-45.510551 0.000000 0.000000
-45.510551 0.000000 0.000000
-45.510551 0.000000 0.000000
-45.510551 0.000000 0.000000
-45.510551 0.000000 0.000000
-45.510551 -0.000000 0.000000
-45.510551 0.000000 0.000000
-45.510551 0.000000 0.000000
-45.510551 0.000000 0.000000
-45.510551 -0.000000 -0.000000
-45.510551 -0.000000 0.000000
-45.510551 0.000000 0.000000
-45.510551 0.000000 0.000000
-45.510551 0.000000 0.000000
-45.510551 0.000000 0.000000
-45.510551 0.000000 -0.000000
-45.510551 0.000000 0.000000
-45.510551 0.000000 0.000000
-45.510551 0.000000 0.000000
-45.510551 0.000000 0.000000
-45.510551 0.000000 0.000000
-45.510551 0.000000 0.000000
-45.510551 0.000000 -0.000000
-45.510551 0.000000 0.000000
-45.510551 0.000000 0.000000
-45.510551 0.000000 0.000000
-45.510551 0.000000 -0.000000
-45.510551 0.000000 0.000000
-45.510551 -0.000000 0.000000
-45.510551 0.000000 0.000000
-45.510551 0.000000 0.000000
