-0.923791 -0.000000 -0.000000
-0.978722 0.000000 -0.000000
-0.855381 -0.000000 -0.000000
-0.961532 -0.000000 -0.000000
-0.639362 -0.000000 0.000000
-0.973953 -0.000000 -0.000000
-0.674320 -0.000000 0.000000
-0.973893 -0.000000 -0.000000
-0.835290 -0.000000 0.000000
-0.983984 -0.000000 -0.000000
-0.981431 -0.000000 0.000000
-0.980797 -0.000000 -0.000000
-0.987171 -0.000000 -0.000000
-0.968903 -0.000000 -0.000000
-0.993707 0.000000 -0.000000
-0.981029 -0.000000 -0.000000
-0.988608 -0.000000 -0.000000
-0.997026 -0.000000 0.000000
-0.999282 -0.000000 0.000000
-0.986496 -0.000000 -0.000000
-0.993512 -0.000000 -0.000000
-0.997628 -0.000000 -0.000000
-0.981425 -0.000000 -0.000000
-0.997733 -0.000000 0.000000
-0.996258 -0.000000 0.000000
-0.999289 -0.000000 -0.000000
-0.997298 -0.000000 0.000000
-0.999273 -0.000000 -0.000000
-0.999585 -0.000000 -0.000000
-0.998072 -0.000000 0.000000
-0.998298 -0.000000 -0.000000
-0.999887 -0.000000 -0.000000
-0.996774 -0.000000 0.000000
-0.999878 -0.000000 0.000000
-0.999557 -0.000000 0.000000
-0.999968 -0.000000 -0.000000
-0.999289 -0.000000 0.000000
-0.999996 -0.000000 0.000000
-0.999958 -0.000000 -0.000000
-0.983623 -0.000000 -0.000000
-0.978206 -0.000000 -0.000000
-0.917559 -0.000000 0.000000
-0.997302 -0.000000 -0.000000
-0.990071 -0.000000 -0.000000
-0.989417 -0.000000 -0.000000
-0.998790 -0.000000 -0.000000
-0.996754 -0.000000 0.000000
-0.995449 -0.000000 -0.000000
-0.999914 -0.000000 -0.000000
-0.999995 -0.000000 -0.000000
-0.999944 -0.000000 0.000000
-0.999995 -0.000000 0.000000
-0.999982 0.000000 -0.000000
-1.000000 -0.000000 -0.000000
-0.999987 -0.000000 -0.000000
-0.999999 -0.000000 0.000000
-0.999992 -0.000000 -0.000000
-0.999999 -0.000000 -0.000000
-0.999997 -0.000000 -0.000000
-1.000000 -0.000000 -0.000000
-0.999999 -0.000000 -0.000000
-1.000000 -0.000000 -0.000000
-1.000000 -0.000000 -0.000000
-1.000000 -0.000000 0.000000
-0.999928 -0.000000 -0.000000
-0.999961 -0.000000 -0.000000
-1.000000 -0.000000 -0.000000
-0.998268 -0.000000 0.000000
-0.998912 -0.000000 0.000000
-0.999999 -0.000000 -0.000000
-0.999999 -0.000000 0.000000
-0.999716 -0.000000 -0.000000
-0.999593 -0.000000 0.000000
-0.999999 -0.000000 -0.000000
-1.000000 -0.000000 -0.000000
-0.999917 -0.000000 -0.000000
-0.999943 -0.000000 -0.000000
-0.999999 -0.000000 -0.000000
-1.000000 0.000000 -0.000000
-1.000000 -0.000000 -0.000000
-0.999992 -0.000000 0.000000
-0.999987 -0.000000 -0.000000
-0.999999 -0.000000 -0.000000
-1.000000 -0.000000 -0.000000
-0.999999 -0.000000 -0.000000
-0.999997 -0.000000 -0.000000
-1.000000 -0.000000 -0.000000
-1.000000 0.000000 -0.000000
-1.000000 0.000000 -0.000000
-0.999999 -0.000000 -0.000000
-1.000000 -0.000000 -0.000000
-1.000000 -0.000000 -0.000000
-1.000000 -0.000000 -0.000000
-0.999999 -0.000000 -0.000000
-1.000000 -0.000000 -0.000000
-0.999999 -0.000000 -0.000000
-0.999999 -0.000000 0.000000
-1.000000 -0.000000 -0.000000
-0.999998 -0.000000 -0.000000
-1.000000 -0.000000 -0.000000
-1.000000 -0.000000 -0.000000
-1.000000 -0.000000 -0.000000
-0.999999 -0.000000 -0.000000
-1.000000 -0.000000 -0.000000
-1.000000 -0.000000 -0.000000
-1.000000 -0.000000 -0.000000
-1.000000 -0.000000 -0.000000
-0.999999 -0.000000 -0.000000
-1.000000 -0.000000 -0.000000
-1.000000 -0.000000 -0.000000
-1.000000 -0.000000 -0.000000
-1.000000 -0.000000 -0.000000
-1.000000 -0.000000 -0.000000
-1.000000 -0.000000 -0.000000
-1.000000 -0.000000 -0.000000
-1.000000 -0.000000 -0.000000
-1.000000 -0.000000 -0.000000
-1.000000 -0.000000 -0.000000
-1.000000 -0.000000 -0.000000
-1.000000 -0.000000 -0.000000
-1.000000 -0.000000 -0.000000
-1.000000 -0.000000 -0.000000
-1.000000 -0.000000 -0.000000
-1.000000 -0.000000 -0.000000
-1.000000 -0.000000 -0.000000
-1.000000 -0.000000 -0.000000
-1.000000 -0.000000 -0.000000
-1.000000 -0.000000 -0.000000
-1.000000 -0.000000 -0.000000
-1.000000 -0.000000 -0.000000
-1.000000 -0.000000 -0.000000
-1.000000 -0.000000 -0.000000
-1.000000 -0.000000 -0.000000
-1.000000 -0.000000 -0.000000
-1.000000 -0.000000 -0.000000
-1.000000 -0.000000 -0.000000
-1.000000 -0.000000 -0.000000
-1.000000 -0.000000 -0.000000
-1.000000 -0.000000 -0.000000
-1.000000 -0.000000 -0.000000
-1.000000 -0.000000 -0.000000
-1.000000 -0.000000 -0.000000
-1.000000 -0.000000 -0.000000
-1.000000 -0.000000 -0.000000
-1.000000 -0.000000 -0.000000
-1.000000 -0.000000 -0.000000
-1.000000 -0.000000 -0.000000
-1.000000 -0.000000 -0.000000
-1.000000 -0.000000 -0.000000
-1.000000 -0.000000 -0.000000
-1.000000 -0.000000 -0.000000
-1.000000 -0.000000 -0.000000
-1.000000 -0.000000 -0.000000
-1.000000 -0.000000 -0.000000
-1.000000 -0.000000 -0.000000
-1.000000 -0.000000 -0.000000
-1.000000 -0.000000 -0.000000
-1.000000 -0.000000 -0.000000
-1.000000 -0.000000 -0.000000
-1.000000 -0.000000 -0.000000
-1.000000 -0.000000 -0.000000
-1.000000 -0.000000 -0.000000
-1.000000 -0.000000 -0.000000
-1.000000 -0.000000 -0.000000
-1.000000 -0.000000 -0.000000
-1.000000 -0.000000 -0.000000
-1.000000 -0.000000 -0.000000
-1.000000 -0.000000 -0.000000
-1.000000 -0.000000 -0.000000
-1.000000 -0.000000 -0.000000
-1.000000 -0.000000 -0.000000
-1.000000 -0.000000 -0.000000
-1.000000 -0.000000 -0.000000
-1.000000 -0.000000 -0.000000
-1.000000 -0.000000 -0.000000
-1.000000 -0.000000 -0.000000
-1.000000 -0.000000 -0.000000
-1.000000 -0.000000 -0.000000
-1.000000 -0.000000 -0.000000
-1.000000 -0.000000 -0.000000
-1.000000 -0.000000 -0.000000
-1.000000 -0.000000 -0.000000
-1.000000 -0.000000 -0.000000
-1.000000 -0.000000 -0.000000
-1.000000 -0.000000 -0.000000
-1.000000 -0.000000 -0.000000
-1.000000 -0.000000 -0.000000
-1.000000 -0.000000 -0.000000
-1.000000 -0.000000 -0.000000
-1.000000 -0.000000 -0.000000
-1.000000 -0.000000 -0.000000
-1.000000 -0.000000 -0.000000
-1.000000 -0.000000 -0.000000
-1.000000 -0.000000 -0.000000
-1.000000 -0.000000 -0.000000
-1.000000 -0.000000 -0.000000
-1.000000 -0.000000 -0.000000
-1.000000 -0.000000 -0.000000
-1.000000 -0.000000 -0.000000
-1.000000 -0.000000 -0.000000
-1.000000 -0.000000 -0.000000
-1.000000 -0.000000 -0.000000
-1.000000 -0.000000 -0.000000
-1.000000 -0.000000 -0.000000
-1.000000 -0.000000 -0.000000
-1.000000 -0.000000 -0.000000
-1.000000 -0.000000 -0.000000
-1.000000 -0.000000 -0.000000
-1.000000 -0.000000 -0.000000
-1.000000 -0.000000 -0.000000
-1.000000 -0.000000 -0.000000
-1.000000 -0.000000 -0.000000
-1.000000 -0.000000 -0.000000
-1.000000 -0.000000 -0.000000
-1.000000 -0.000000 -0.000000
-1.000000 -0.000000 -0.000000
-1.000000 -0.000000 -0.000000
-1.000000 -0.000000 -0.000000
-1.000000 -0.000000 -0.000000
-1.000000 -0.000000 -0.000000
-1.000000 -0.000000 -0.000000
-1.000000 -0.000000 -0.000000
-1.000000 -0.000000 -0.000000
-1.000000 -0.000000 -0.000000
-1.000000 -0.000000 -0.000000
-1.000000 -0.000000 -0.000000
-1.000000 -0.000000 -0.000000
-1.000000 -0.000000 -0.000000
-1.000000 -0.000000 -0.000000
-1.000000 -0.000000 -0.000000
-1.000000 -0.000000 -0.000000
-1.000000 -0.000000 -0.000000
-1.000000 -0.000000 -0.000000
-1.000000 -0.000000 -0.000000
-1.000000 -0.000000 -0.000000
