2166.000000 80.000000 -0.000000 -0.000000
2366.000000 83.000000 4.000000 1.000000
2286.000000 87.000000 2.000000 3.000000
2325.000000 81.000000 5.000000 1.000000
2363.000000 79.000000 1.000000 1.000000
3038.000000 76.000000 4.000000 4.000000
5819.000000 67.000000 13.000000 13.000000
20966.000000 40.000000 40.000000 40.000000
127643.000000 41.000000 121.000000 121.000000
22806.000000 90.000000 45.000000 41.000000
19638.000000 53.000000 36.000000 37.000000
40461.000000 24.000000 109.000000 42.000000
27423.000000 63.000000 89.000000 37.000000
29018.000000 41.000000 61.000000 90.000000
13650.000000 31.000000 22.000000 7.000000
156390.000000 244.000000 32.000000 148.000000
22815.000000 1.000000 50.000000 32.000000
3404.000000 81.000000 91.000000 44.000000
16361.000000 50.000000 186.000000 97.000000
23561.000000 30.000000 112.000000 1.000000
34830.000000 33.000000 126.000000 9.000000
35090.000000 54.000000 175.000000 89.000000
104250.000000 200.000000 164.000000 174.000000
39528.000000 28.000000 59.000000 47.000000
25054.000000 1.000000 46.000000 35.000000
25050.000000 47.000000 60.000000 43.000000
14322.000000 26.000000 20.000000 8.000000
16506.000000 11.000000 14.000000 11.000000
24570.000000 34.000000 4.000000 20.000000
41814.000000 66.000000 56.000000 22.000000
10123.000000 35.000000 23.000000 15.000000
19669.000000 42.000000 21.000000 14.000000
14928.000000 18.000000 -0.000000 26.000000
18766.000000 23.000000 14.000000 53.000000
17149.000000 8.000000 29.000000 14.000000
9569.000000 30.000000 13.000000 8.000000
24245.000000 48.000000 7.000000 24.000000
10841.000000 14.000000 20.000000 5.000000
11949.000000 29.000000 10.000000 4.000000
19566.000000 29.000000 16.000000 13.000000
11071.000000 17.000000 14.000000 2.000000
9578.000000 22.000000 5.000000 25.000000
14450.000000 1.000000 21.000000 4.000000
18097.000000 38.000000 32.000000 27.000000
12855.000000 3.000000 9.000000 13.000000
14659.000000 23.000000 21.000000 9.000000
12231.000000 18.000000 13.000000 -0.000000
16758.000000 5.000000 10.000000 13.000000
4818.000000 21.000000 6.000000 19.000000
16435.000000 20.000000 15.000000 12.000000
13081.000000 10.000000 12.000000 3.000000
20335.000000 49.000000 21.000000 27.000000
19650.000000 22.000000 12.000000 16.000000
12617.000000 8.000000 14.000000 3.000000
23941.000000 8.000000 160.000000 49.000000
27835.000000 4.000000 57.000000 6.000000
48855.000000 102.000000 23.000000 44.000000
74072.000000 20.000000 229.000000 7.000000
24204.000000 64.000000 155.000000 95.000000
75637.000000 74.000000 238.000000 205.000000
14890.000000 1.000000 2.000000 21.000000
14481.000000 2.000000 6.000000 15.000000
10825.000000 19.000000 141.000000 15.000000
14274.000000 22.000000 3.000000 7.000000
19171.000000 7.000000 15.000000 3.000000
26691.000000 40.000000 35.000000 16.000000
20757.000000 28.000000 44.000000 47.000000
29800.000000 38.000000 274.000000 92.000000
11614.000000 9.000000 12.000000 1.000000
10589.000000 16.000000 14.000000 7.000000
13419.000000 17.000000 6.000000 16.000000
14971.000000 -0.000000 13.000000 2.000000
13968.000000 -0.000000 6.000000 10.000000
14861.000000 6.000000 4.000000 13.000000
12525.000000 4.000000 15.000000 4.000000
15207.000000 11.000000 15.000000 9.000000
12678.000000 -0.000000 9.000000 7.000000
11376.000000 -0.000000 18.000000 2.000000
15390.000000 8.000000 6.000000 10.000000
4426.000000 50.000000 1.000000 7.000000
12780.000000 14.000000 23.000000 11.000000
23251.000000 1.000000 106.000000 8.000000
17366.000000 13.000000 79.000000 2.000000
16838.000000 1.000000 4.000000 13.000000
35661.000000 53.000000 55.000000 31.000000
14661.000000 4.000000 9.000000 6.000000
16718.000000 9.000000 7.000000 10.000000
14454.000000 3.000000 6.000000 5.000000
14214.000000 1.000000 22.000000 21.000000
15019.000000 1.000000 3.000000 5.000000
13542.000000 1.000000 1.000000 2.000000
13843.000000 1.000000 5.000000 3.000000
14370.000000 2.000000 5.000000 9.000000
13481.000000 6.000000 1.000000 6.000000
15427.000000 4.000000 4.000000 7.000000
14628.000000 5.000000 4.000000 9.000000
14230.000000 3.000000 2.000000 5.000000
12806.000000 2.000000 8.000000 8.000000
14523.000000 3.000000 1.000000 3.000000
15246.000000 2.000000 6.000000 8.000000
13725.000000 4.000000 1.000000 2.000000
15618.000000 1.000000 5.000000 8.000000
14034.000000 4.000000 3.000000 1.000000
14066.000000 2.000000 -0.000000 4.000000
13122.000000 6.000000 3.000000 7.000000
14410.000000 2.000000 2.000000 2.000000
14121.000000 2.000000 3.000000 -0.000000
14413.000000 1.000000 -0.000000 2.000000
15190.000000 3.000000 -0.000000 3.000000
14578.000000 2.000000 2.000000 6.000000
14130.000000 -0.000000 -0.000000 2.000000
13811.000000 1.000000 1.000000 3.000000
13806.000000 1.000000 4.000000 1.000000
14078.000000 2.000000 2.000000 -0.000000
13581.000000 1.000000 2.000000 4.000000
14217.000000 2.000000 -0.000000 1.000000
14468.000000 3.000000 2.000000 3.000000
13795.000000 1.000000 1.000000 1.000000
14098.000000 4.000000 4.000000 2.000000
13862.000000 1.000000 1.000000 -0.000000
13959.000000 2.000000 3.000000 2.000000
14555.000000 1.000000 7.000000 3.000000
14514.000000 2.000000 2.000000 2.000000
13655.000000 1.000000 1.000000 1.000000
17599.000000 1.000000 99.000000 9.000000
15142.000000 14.000000 1.000000 5.000000
23430.000000 21.000000 64.000000 7.000000
34290.000000 4.000000 93.000000 1.000000
19813.000000 21.000000 102.000000 8.000000
23244.000000 27.000000 49.000000 14.000000
14125.000000 2.000000 1.000000 -0.000000
11386.000000 9.000000 9.000000 -0.000000
13108.000000 5.000000 28.000000 1.000000
11375.000000 6.000000 73.000000 6.000000
21450.000000 2.000000 12.000000 2.000000
21555.000000 3.000000 62.000000 4.000000
15556.000000 15.000000 42.000000 11.000000
12580.000000 4.000000 2.000000 -0.000000
16212.000000 3.000000 21.000000 2.000000
15350.000000 1.000000 23.000000 -0.000000
14461.000000 1.000000 1.000000 1.000000
15828.000000 3.000000 17.000000 2.000000
11893.000000 10.000000 52.000000 1.000000
13596.680000 0.400000 1.000000 2.800000
14083.480000 0.400000 1.000000 0.800000
13730.900800 0.560000 1.000000 1.520000
13868.719200 0.420000 1.000000 1.140000
13458.440800 2.940000 -0.000000 1.020000
14036.980200 0.530000 1.000000 0.490000
14333.685800 0.310000 -0.000000 1.770000
13856.407200 0.820000 1.000000 0.060000
14166.125000 0.250000 -0.000000 1.750000
13924.287200 0.820000 1.000000 0.060000
14037.061800 0.590000 1.000000 0.470000
14083.300800 0.560000 3.000000 0.480000
13850.753800 0.610000 -0.000000 0.130000
13700.348200 0.130000 -0.000000 1.290000
13843.485800 0.190000 1.000000 0.270000
13836.500800 0.560000 -0.000000 0.520000
13361.453800 3.610000 3.000000 2.130000
14039.053800 2.390000 1.000000 1.130000
13809.493800 0.610000 1.000000 0.130000
13649.493800 0.390000 -0.000000 0.130000
13645.493800 1.390000 -0.000000 0.870000
13661.493800 0.610000 -0.000000 1.130000
13899.753800 0.610000 2.000000 0.870000
13057.713800 3.390000 -0.000000 0.130000
11767.413800 5.390000 14.000000 0.870000
13642.013800 1.390000 8.000000 1.130000
13888.353800 0.610000 5.000000 0.130000
13944.453800 7.610000 12.000000 1.870000
14062.753800 1.390000 2.000000 1.870000
15375.973800 2.390000 27.000000 4.130000
13620.323200 1.120000 -0.000000 0.960000
13958.553800 0.110000 2.000000 0.630000
13582.864200 1.330000 -0.000000 0.890000
13771.253800 1.890000 -0.000000 0.630000
13689.039200 1.420000 5.000000 0.140000
14184.493800 0.390000 5.000000 0.130000
13179.491200 2.480000 2.000000 0.160000
13623.704200 5.170000 8.000000 0.610000
13933.803800 0.110000 1.000000 0.130000
13879.267200 0.320000 0.400000 0.240000
13911.552200 0.110000 0.440000 0.090000
13759.321900 0.190000 0.620000 0.580000
13827.240300 0.130000 0.220000 0.400000
13934.103300 0.940000 0.700000 0.130000
13861.641600 0.200000 0.080000 0.360000
13844.206400 0.560000 0.320000 0.360000
13877.147400 0.310000 0.080000 0.190000
13889.223800 0.610000 1.200000 0.230000
13856.076100 0.080000 0.260000 0.230000
13953.428300 0.070000 0.380000 -0.000000
13823.124900 0.400000 0.860000 0.270000
13851.553900 0.010000 0.380000 0.140000
13807.381900 1.250000 0.260000 0.620000
13859.456100 0.580000 0.260000 0.010000
13851.128100 0.020000 0.260000 0.210000
14140.756900 0.500000 0.740000 0.370000
13879.033700 0.340000 0.260000 0.090000
14100.488100 0.980000 0.740000 0.210000
13908.448100 0.020000 0.260000 0.210000
14108.548100 3.020000 1.740000 2.210000
13896.808100 4.020000 0.260000 1.210000
14099.528100 0.020000 4.740000 0.210000
14376.128100 0.020000 4.740000 0.210000
14112.128100 0.980000 0.260000 0.210000
12649.628100 5.980000 12.260000 2.790000
13836.293700 0.160000 0.260000 0.150000
14095.491800 0.590000 0.600000 0.170000
13775.171700 0.160000 0.140000 0.150000
13733.397100 0.050000 0.780000 0.360000
13935.976600 0.050000 0.580000 0.090000
13771.411700 1.160000 0.140000 0.150000
13674.171700 0.160000 1.140000 0.150000
13818.611700 0.160000 0.860000 0.150000
13782.731700 1.160000 1.860000 0.150000
14556.051700 3.160000 4.860000 1.150000
14012.371700 0.160000 4.860000 0.150000
13724.051700 3.160000 3.140000 1.150000
13927.311700 0.160000 1.140000 0.850000
12794.511700 6.840000 8.140000 0.850000
13579.011300 0.580000 0.220000 0.030000
13755.358100 0.930000 3.120000 0.220000
14105.208100 0.200000 3.180000 0.490000
13812.950800 2.060000 0.600000 0.520000
13964.461400 1.070000 0.740000 0.330000
13791.229300 0.220000 1.140000 0.450000
13281.751300 1.220000 7.340000 0.230000
13742.229900 0.450000 0.140000 0.180000
13710.290500 0.020000 1.120000 0.090000
13722.455300 0.420000 0.140000 0.050000
13870.857100 0.070000 0.860000 0.120000
13782.401100 0.130000 0.540000 0.060000
13828.066900 0.750000 0.240000 0.620000
13744.977100 0.050000 0.780000 0.360000
13902.326600 0.050000 0.080000 0.090000
13831.960500 0.300000 0.260000 0.130000
13865.941500 0.170000 0.130000 0.170000
13884.731000 0.140000 0.020000 0.180000
13801.851400 0.030000 0.060000 0.110000
13751.082000 0.010000 0.250000 0.060000
13842.159400 0.010000 0.200000 0.070000
13815.748200 0.280000 0.210000 0.070000
13853.890200 0.070000 0.050000 0.140000
13937.404300 0.150000 0.240000 0.080000
13816.068800 0.100000 0.040000 0.140000
13800.959100 0.130000 0.120000 0.040000
13832.623200 0.060000 0.120000 0.140000
13832.857100 0.040000 0.050000 0.120000
13882.513800 0.130000 0.130000 0.200000
13822.568700 0.070000 0.060000 0.080000
13869.356300 0.170000 0.080000 0.080000
13829.877300 0.040000 -0.000000 0.130000
13823.597800 0.040000 0.110000 0.070000
13831.555000 0.020000 0.070000 0.090000
13846.560500 0.090000 0.080000 0.060000
13850.219700 0.020000 0.180000 0.050000
13836.254100 0.040000 0.010000 0.100000
13832.669900 0.050000 0.030000 0.130000
13844.245000 0.050000 0.070000 0.080000
13751.766100 -0.000000 0.020000 0.090000
13678.589700 0.040000 0.010000 0.100000
13832.907100 0.070000 0.030000 0.070000
13816.960800 0.020000 0.010000 0.090000
13782.669700 0.020000 0.020000 0.090000
13777.097800 0.050000 0.040000 0.090000
13790.414300 0.030000 0.010000 0.090000
13754.415400 0.020000 0.010000 0.070000
13712.025700 0.040000 0.010000 0.060000
13708.789500 0.090000 0.020000 0.100000
13803.910900 0.020000 0.010000 0.080000
13755.597700 0.040000 0.020000 0.070000
13755.463600 0.020000 0.050000 0.070000
13693.106700 0.010000 0.040000 0.060000
13735.987500 0.030000 0.020000 0.040000
13729.768200 0.060000 0.050000 0.030000
13723.563000 0.030000 0.010000 0.060000
13712.385800 0.010000 -0.000000 0.050000
13689.167700 0.040000 0.010000 0.040000
13628.979400 0.070000 0.020000 0.030000
13671.446100 0.040000 0.010000 0.040000
13728.499400 0.060000 0.040000 0.040000
13702.839400 0.030000 0.030000 0.060000
13598.393900 0.050000 0.760000 0.080000
13701.420900 0.020000 -0.000000 0.030000
13694.934700 0.030000 -0.000000 0.020000
13668.561000 0.110000 -0.000000 0.030000
13736.443900 0.060000 0.060000 0.030000
13694.902300 0.010000 0.020000 0.040000
13591.983500 0.510000 0.480000 0.280000
13823.983800 1.490000 0.040000 0.510000
13880.149500 0.170000 3.000000 0.560000
13816.899900 0.130000 1.000000 0.500000
13834.747800 0.200000 0.260000 0.060000
13279.777100 1.880000 4.180000 0.610000
13725.301100 0.030000 0.010000 0.030000
13674.914200 0.450000 0.070000 0.080000
13740.091900 0.660000 0.030000 0.260000
13679.224700 0.250000 0.690000 0.050000
13821.147000 0.150000 0.860000 0.090000
13702.205800 0.050000 0.440000 0.190000
13594.079400 1.080000 1.150000 0.010000
13677.422200 0.020000 0.010000 0.030000
13747.529000 0.020000 0.390000 0.090000
13720.586900 0.300000 0.020000 0.130000
13686.385900 0.040000 0.140000 0.010000
13710.041500 0.030000 0.140000 0.020000
13712.178400 0.040000 0.170000 0.070000
13632.343500 0.430000 0.480000 -0.000000
13685.088568 0.022000 0.008000 0.010000
13671.745448 0.038000 0.012000 0.010000
13698.747556 0.034800 0.016800 0.008000
13657.597689 0.080600 0.019600 0.009200
13707.862933 0.002200 0.004800 0.024800
13688.166942 0.001100 0.014000 0.037900
13695.580777 0.026400 0.014000 0.015500
13716.427977 0.018400 0.001600 0.010100
13736.499175 0.017800 0.017600 0.000200
13707.610437 0.003800 0.005600 0.016200
13713.927542 0.009200 0.003600 0.014200
13706.151654 0.002200 0.007200 0.000200
13708.452783 0.006800 0.005600 0.015200
13715.723332 0.014000 0.005600 0.008100
13739.291014 0.024000 0.009400 0.012800
13698.007905 0.010600 0.003800 0.010700
13712.515409 0.005500 0.003800 0.007700
13701.785608 0.020400 0.009600 -0.000000
13712.495647 0.008800 0.003800 0.007500
13704.028613 0.014600 0.001400 0.006900
13697.843784 0.030600 0.005400 0.006700
13711.126544 0.002900 0.002800 0.004400
13712.255624 0.004900 0.000600 0.012800
13724.109537 0.007100 0.003800 0.004000
13714.329145 0.007600 0.001600 0.012800
13712.517685 0.001900 0.003400 0.006400
13726.520928 0.022900 0.022800 0.014400
13714.894274 0.012900 0.002800 0.005600
13713.139226 0.007100 0.002800 0.004400
13660.211454 0.227100 0.122800 0.015600
13732.827308 0.082900 0.142800 0.154400
13726.505668 0.122900 0.202800 0.014400
13728.761396 0.197100 0.322800 0.005600
13704.542104 0.357100 0.227200 0.185600
13714.291534 0.592900 0.547200 0.064400
13726.204357 0.018200 0.032800 0.018200
13714.671339 0.006400 0.001800 0.012100
13713.095558 0.002400 0.000800 0.002700
13720.723728 0.012400 0.009200 0.022700
13697.888854 0.007600 0.000800 0.017300
13718.570896 0.017600 0.010800 0.007300
13712.307576 0.352400 0.190800 0.092700
13759.866938 0.137600 0.080800 0.077300
13712.491214 0.097600 0.080800 0.017300
13729.995834 0.137600 0.190800 0.027300
13717.937478 0.002400 0.199200 0.102700
13646.287708 0.032400 0.339200 0.057300
13719.009320 0.018300 0.005200 0.024000
13697.908886 0.009700 0.009400 0.009000
13718.057806 0.002900 0.005400 0.000800
13711.641230 0.008500 0.000600 0.001500
13711.513278 0.004600 0.003800 -0.000000
13720.595342 0.006200 0.009800 0.003100
13709.508025 -0.000000 0.005300 0.000700
13712.604786 0.001300 0.001300 0.005800
13708.949494 0.094400 0.060200 0.005700
13723.558778 0.166200 0.023700 0.053000
13705.623328 0.023500 0.137500 0.011000
13741.986555 0.018700 0.119600 0.005600
13713.527883 0.007000 0.090100 0.057900
13685.032290 0.263200 0.125700 0.011600
13705.088970 0.000300 0.007000 0.000500
13714.815976 0.002200 0.002300 0.000700
13711.438170 0.001700 0.002600 0.006500
13712.292759 0.001300 0.000300 0.002800
13713.347396 0.000700 0.005000 0.006600
13711.706498 0.002100 0.000900 0.001700
13713.068990 0.003300 0.003400 0.001500
13716.480481 0.000200 0.008400 0.003100
13711.267552 0.000100 0.001800 0.000200
13712.191229 0.004600 0.002400 0.000400
13712.849063 0.001400 0.001900 0.001300
13709.607723 0.005900 0.013400 0.005900
13711.594553 0.004000 0.004200 0.001300
13712.703897 0.000700 0.000700 0.001600
13709.033518 0.001700 0.006800 0.001000
13713.066551 0.001300 0.003200 0.000800
13702.344182 0.053100 0.007000 0.001200
13706.538590 0.063700 0.091000 0.015700
13722.529320 0.017300 0.124000 0.009300
13701.064991 0.052100 0.038100 0.029000
13715.939028 0.007900 0.017900 0.017200
13719.236245 0.089300 0.005200 0.018800
13709.957801 0.005900 0.009900 0.005900
13709.503065 0.001700 0.002100 0.001000
13710.921207 0.001900 0.001000 0.001900
13714.286193 0.001100 0.001700 0.001200
13714.224694 0.002400 0.001800 0.002000
13711.740867 0.000900 0.000300 0.000900
13713.449123 0.002700 0.000600 0.002100
13712.135820 0.000900 0.000600 0.000800
13712.021512 0.001700 0.002000 0.001800
13712.631236 0.000800 0.000800 0.000600
13709.903455 0.001500 0.002200 0.001400
13713.200421 0.000400 0.000600 0.000500
13711.699512 0.000600 0.000700 0.002200
13712.459089 0.000300 0.000300 0.000600
13713.602275 0.000300 0.002300 0.000600
13711.851096 0.000100 0.000700 -0.000000
13712.599241 0.001600 0.000500 0.000700
13712.276422 0.000300 0.000300 0.000400
13713.245071 0.000800 0.000600 0.001000
13712.118396 0.000500 0.000200 0.000400
13712.124141 0.000600 0.001000 0.000800
13712.513130 0.000300 0.000300 0.000200
13713.223272 0.002100 0.000300 0.002000
13711.276921 0.000800 0.000800 0.000500
13712.722196 0.000200 0.000300 0.000300
13708.118101 0.017000 0.002100 0.001600
13709.294422 0.011500 0.048500 0.013100
13715.295270 0.013900 0.035900 0.006900
13716.319193 0.023900 0.046400 0.012100
13717.131051 0.031100 -0.000000 0.001300
13708.930461 0.028400 0.029900 0.017400
13712.137189 0.000140 0.000360 0.000960
13712.376112 0.000190 0.000160 0.000210
13712.947505 0.000056 0.000956 0.000276
13712.132952 0.000139 0.000336 0.000069
13712.697777 0.000408 0.000382 0.000256
13712.538118 0.000231 0.000161 0.000092
13713.024147 0.001495 0.001125 0.000261
13712.640410 0.000399 0.000174 0.000453
13712.364882 0.000150 0.000207 0.000187
13714.136403 0.021103 0.019635 0.006019
13709.651602 0.018536 0.019313 0.001556
13714.210008 0.001408 0.015741 0.001407
13710.552471 0.004969 0.010625 0.006560
13713.742420 0.001260 0.006539 0.004149
13712.938206 0.035952 0.019183 0.001175
13712.043882 0.000299 0.000271 0.000399
13712.552616 0.000075 0.000157 0.000125
13712.270750 0.000351 0.000308 0.000231
13712.455029 0.000137 0.000173 0.000092
13712.777767 0.000191 0.000511 0.000102
13712.299140 0.000057 0.000074 0.000026
13712.503804 0.000295 0.000369 0.000272
13712.408035 0.000069 0.000028 0.000090
13711.533437 0.000436 0.000816 0.000271
13712.534476 0.000153 0.000134 0.000236
13712.484454 0.000036 0.000034 0.000130
13711.674348 0.002711 0.000802 0.002670
13713.545308 0.014843 0.000138 0.005044
13714.856202 0.010189 0.013784 0.002661
13712.502189 0.005618 0.012528 0.001448
13713.652972 0.005426 0.012474 0.004997
13707.565133 0.007899 0.014946 0.003774
13711.538752 0.000452 0.000769 0.000271
13712.341608 0.000321 0.000083 0.000028
13712.488968 0.000093 0.000100 0.000062
13712.438276 0.000140 0.000124 0.000040
13712.294951 0.000046 0.000221 0.000212
13712.488199 0.000045 0.000063 0.000041
13712.429226 0.000149 0.000134 0.000126
13712.436012 0.000068 0.000060 0.000001
13713.052120 0.000359 0.000445 0.000086
13712.368221 0.000161 0.000129 0.000001
13712.464337 0.000011 0.000083 0.000046
13710.445439 0.011179 0.002014 0.000075
13713.691843 0.015845 0.002318 0.005567
13712.857961 0.000359 0.012771 0.000155
13714.032224 0.002962 0.006937 0.000770
13712.589679 0.000529 0.008298 0.005517
13711.312976 0.028828 0.002538 0.000886
13713.055399 0.000349 0.000474 0.000086
13712.353817 0.000035 0.000027 0.000102
13713.466809 0.004073 0.000385 0.002272
13711.921270 0.010967 0.000106 0.001894
13713.112161 0.000496 0.005434 0.000385
13711.533274 0.001812 0.002874 0.001077
13712.686075 0.000096 0.003943 0.001878
13712.209808 0.015990 0.004266 0.001350
13712.408560 0.000110 0.000043 0.000138
13712.408176 0.000024 0.000010 0.000033
13712.484520 0.000018 0.000027 0.000107
13712.386504 0.000022 0.000014 0.000050
13712.574163 0.000105 0.000111 0.000022
13712.367906 0.000016 0.000028 0.000014
13712.370382 0.000027 0.000091 0.000075
13712.440848 0.000015 0.000040 0.000016
13712.400623 0.000051 0.000091 0.000024
13712.427187 0.000038 0.000021 0.000005
13712.247102 0.000008 0.000082 0.000155
13712.324032 0.000031 0.000065 0.000033
13712.365096 0.000012 0.000033 0.000015
13712.929372 0.001102 0.005493 0.000794
13712.270639 0.004238 0.002105 0.000961
13712.010635 0.000832 0.002996 0.000454
13712.507470 0.000065 0.001669 0.000031
13712.488371 0.000110 0.001677 0.000943
13712.001070 0.006223 0.006544 0.000243
13712.417164 0.000022 0.000035 0.000067
13712.394169 0.000011 0.000002 0.000020
13712.344166 0.000016 0.000076 0.000013
13712.416678 0.000007 0.000011 0.000009
13712.353613 0.000052 0.000002 0.000013
13712.408783 0.000016 0.000017 0.000000
13712.372867 0.000026 0.000016 0.000037
13712.399338 0.000011 0.000012 0.000015
13712.484204 0.000004 0.000038 0.000097
13712.429635 0.000015 0.000015 0.000019
13712.184050 0.001102 0.000468 0.000012
13712.566969 0.001570 0.000498 0.000502
13712.494710 0.000035 0.001691 0.000009
13712.417761 0.000214 0.001822 0.000122
13712.447225 0.000003 0.000837 0.000519
13712.389365 0.002875 0.001003 0.000179
13712.451535 0.000031 0.000027 0.000008
13712.388813 0.000004 0.000014 0.000009
13712.373468 0.000007 0.000027 0.000017
13712.415582 0.000009 0.000004 0.000010
13712.397040 0.000011 0.000013 0.000006
13712.412802 0.000015 0.000001 0.000020
13712.398838 0.000004 0.000001 0.000010
13712.407425 0.000014 0.000017 0.000025
13712.401359 0.000005 0.000004 0.000005
13712.408923 0.000034 0.000021 0.000051
13712.411477 0.000015 0.000014 0.000000
13712.400638 0.000004 0.000006 0.000004
13712.226664 0.000216 0.000896 0.000283
13712.449637 0.000382 0.001187 0.000068
13712.445545 0.000412 0.000795 0.000121
13712.461747 0.000865 0.000004 0.000250
13712.420531 0.000377 0.000117 0.000127
13712.404038 0.001468 0.001382 0.000819
13712.424425 0.000009 0.000021 0.000004
13712.397716 0.000001 0.000005 0.000005
13712.388976 0.000006 0.000010 0.000019
13712.409752 0.000004 0.000006 0.000002
13712.387740 0.000010 0.000003 0.000005
13712.394700 0.000005 0.000001 0.000001
13712.402828 0.000009 0.000001 0.000010
13712.399836 0.000001 0.000001 0.000005
13712.400707 0.000002 0.000008 0.000003
13712.400655 0.000003 0.000003 0.000002
13712.399704 0.000004 0.000005 0.000009
13712.400946 0.000003 0.000002 0.000001
13712.401817 0.000003 0.000016 0.000013
13712.387789 0.000008 0.000008 0.000006
13712.404261 0.000001 0.000002 0.000000
13712.414209 0.000012 0.000015 0.000005
13712.402443 0.000003 0.000006 0.000003
13712.398898 0.000001 0.000002 0.000003
13712.403193 0.000374 0.000371 0.000065
13712.371886 0.000351 0.000427 0.000070
13712.395728 0.000046 0.000387 0.000040
13712.331444 0.000130 0.000346 0.000113
13712.415490 0.000009 0.000159 0.000094
13712.507829 0.000553 0.000188 0.000112
13712.399948 0.000006 0.000001 0.000004
13712.399864 0.000001 0.000000 0.000003
13712.372966 0.000011 0.000044 0.000015
13712.407906 0.000073 0.000110 0.000034
13712.407562 0.000195 0.000208 0.000025
13712.415458 0.000023 0.000112 0.000003
13712.401071 0.000133 0.000184 0.000084
13712.420607 0.000372 0.000031 0.000088
13712.407149 0.000002 0.000001 0.000004
13712.403792 0.000002 0.000003 0.000001
13712.395955 0.000003 0.000003 0.000002
13712.404351 0.000001 0.000000 0.000003
13712.399536 0.000003 0.000002 0.000002
13712.402728 0.000001 0.000001 0.000001
13712.405962 0.000001 0.000002 0.000001
13712.405921 0.000004 0.000003 0.000004
13712.402189 0.000001 0.000001 0.000000
13712.401651 0.000001 0.000001 0.000001
13712.406853 0.000001 0.000001 0.000003
13712.401611 0.000000 0.000000 0.000001
13712.399014 0.000001 0.000002 0.000002
13712.404225 0.000000 0.000001 0.000000
13712.400701 0.000001 0.000002 0.000000
13712.401591 0.000001 0.000001 0.000000
13712.399876 0.000003 0.000004 0.000006
13712.403287 0.000000 0.000001 0.000002
13712.402060 0.000000 0.000000 0.000000
12608.064062 2.000000 7.000000 0.000000
13242.012246 6.000000 11.000000 3.000000
13117.633633 1.000000 1.000000 1.000000
14010.401455 1.000000 3.000000 2.000000
14164.343563 7.000000 5.000000 3.000000
13765.305978 3.000000 1.000000 2.000000
14162.228383 7.000000 4.000000 0.000000
13180.499347 9.000000 0.000000 2.000000
14241.080135 14.000000 12.000000 3.000000
13853.670617 10.000000 10.000000 3.000000
13659.498144 0.000000 0.000000 0.000000
13524.786397 0.000000 0.000000 0.000000
13336.651154 0.000000 0.000000 0.000000
14716.245425 0.000000 0.000000 0.000000
13787.109913 12.000000 1.000000 0.000000
13585.371169 9.000000 5.000000 1.000000
13357.356216 1.000000 3.000000 0.000000
14828.636331 1.000000 16.000000 0.000000
14228.348318 3.000000 7.000000 1.000000
14037.843082 0.000000 8.000000 0.000000
13606.926395 0.000000 1.000000 1.000000
13123.882117 0.000000 3.000000 0.000000
12956.830256 3.000000 0.860000 7.800000
13230.209213 1.510000 1.720000 4.600000
13705.237807 0.050000 5.060000 0.030000
13121.371027 0.380000 5.720000 0.320000
13027.729688 0.380000 3.620000 0.350000
12940.790492 0.150000 4.000000 0.440000
13463.751606 1.540000 0.060000 0.530000
14002.514102 1.440000 8.220000 0.330000
13429.655529 3.600000 0.940000 2.000000
13559.699868 2.190000 0.120000 1.000000
13492.026784 0.080000 2.040000 0.050000
13141.333696 0.380000 2.140000 0.220000
13258.241564 0.620000 0.860000 0.210000
13335.909631 0.430000 1.400000 0.030000
13165.667046 0.000000 2.600000 0.260000
13679.693001 0.750000 4.960000 0.270000
13535.024985 0.970000 5.160000 0.720000
13363.733332 0.620000 1.700000 0.460000
13261.488830 0.030000 1.020000 0.020000
13430.958020 0.270000 1.100000 0.140000
13402.543844 0.120000 0.800000 0.140000
13316.535540 0.100000 0.000000 0.000000
13367.770200 0.300000 0.160000 0.020000
13249.379889 0.520000 0.720000 0.000000
13406.378314 0.660000 0.372000 0.428000
13339.454987 0.400000 0.256000 0.266000
13343.967632 0.072100 0.098000 0.022700
13344.442417 0.087200 0.022000 0.011400
13338.751888 0.007800 0.090000 0.052900
13275.411923 0.134300 0.602200 0.046100
13387.406260 0.134300 0.937800 0.046100
13331.988793 0.291500 0.365600 0.133800
13330.961442 0.212000 0.512000 0.028000
13340.049608 0.084000 0.344000 0.016000
13319.951471 0.013100 0.171400 0.014500
13351.071113 0.006600 0.175600 0.007200
13324.182241 0.059200 0.214200 0.032900
13324.212365 0.068600 0.142800 0.007600
13335.928403 0.010800 0.120000 0.012800
13364.979600 0.005100 0.472800 0.005200
13335.940370 0.105700 0.270200 0.020500
13337.159250 0.081300 0.187600 0.002100
13339.400933 0.015700 0.020000 0.014200
13344.570506 0.019500 0.079800 0.013100
13336.756536 0.003500 0.056400 0.001300
13331.381174 0.037400 0.035800 0.002900
13327.500450 0.008600 0.133200 0.000700
13340.417304 0.028500 0.012800 0.004600
13326.475905 0.017160 0.021120 0.020000
13328.835604 0.010170 0.045840 0.011800
13334.801396 0.002522 0.006000 0.004026
13337.643165 0.015120 0.006204 0.004298
13339.047983 0.004443 0.031656 0.005838
13337.489434 0.005345 0.002450 0.000390
13330.125867 0.002840 0.091470 0.003732
13340.826821 0.000030 0.074468 0.001636
13331.337992 0.010580 0.033120 0.018040
13333.352692 0.004010 0.019840 0.009980
13336.581443 0.002653 0.008600 0.002287
13337.245597 0.007103 0.000664 0.000268
13337.661912 0.003448 0.004734 0.002933
13335.018247 0.001495 0.021918 0.000680
13338.076341 0.002873 0.020504 0.001307
13335.327477 0.008836 0.011256 0.003501
13337.582308 0.003518 0.021387 0.006291
13336.885920 0.002008 0.017540 0.003712
13337.179640 0.000631 0.009990 0.000193
13336.038268 0.000381 0.009736 0.000116
13337.671144 0.002504 0.007868 0.000584
13336.896895 0.002624 0.002900 0.001781
13336.677560 0.001699 0.001178 0.000178
13335.444133 0.001329 0.012200 0.001298
13336.349820 0.006410 0.005432 0.001025
13336.573757 0.003032 0.003908 0.000835
13336.588580 0.000065 0.001624 0.000428
13336.859500 0.000041 0.001568 0.000263
13336.137737 0.000072 0.007824 0.000216
13336.250807 0.000629 0.005079 0.000258
13336.461112 0.001533 0.000987 0.000559
13337.609462 0.000949 0.010699 0.000433
13335.706281 0.002974 0.006135 0.001337
13336.197467 0.001605 0.002634 0.000857
13336.676320 0.000591 0.000548 0.000148
13336.574054 0.000122 0.000525 0.000075
13336.796262 0.000075 0.002070 0.000014
13336.493966 0.000257 0.002032 0.000048
13336.636414 0.000193 0.000293 0.000247
13336.729933 0.000576 0.000744 0.000261
13336.986765 0.000280 0.006674 0.000477
13336.774487 0.000228 0.003050 0.000304
13336.709315 0.000261 0.000937 0.000067
13336.576579 0.000016 0.001025 0.000005
13336.633496 0.000038 0.000213 0.000046
13336.734890 0.000327 0.000868 0.000098
13336.656109 0.000006 0.000193 0.000102
13336.596542 0.000040 0.000799 0.000109
13336.640287 0.000041 0.000707 0.000243
13336.639319 0.000018 0.000457 0.000120
13336.633886 0.000051 0.000525 0.000003
13336.683099 0.000006 0.000481 0.000000
13336.606784 0.000166 0.000368 0.000003
13336.602628 0.000070 0.000483 0.000081
13336.623075 0.000200 0.000316 0.000092
13336.757455 0.000012 0.001212 0.000014
13336.666064 0.000023 0.000590 0.000098
13336.663575 0.000016 0.000394 0.000048
13336.644775 0.000031 0.000020 0.000011
13336.652433 0.000011 0.000020 0.000022
13336.668726 0.000008 0.000215 0.000009
13336.635538 0.000011 0.000259 0.000014
13336.645039 0.000059 0.000003 0.000018
13336.660412 0.000055 0.000042 0.000005
13336.676571 0.000102 0.000192 0.000118
13336.658085 0.000059 0.000024 0.000068
13336.654740 0.000038 0.000057 0.000017
13336.645217 0.000010 0.000080 0.000005
13336.665025 0.000011 0.000123 0.000002
13336.654970 0.000015 0.000096 0.000015
13336.656661 0.000028 0.000115 0.000002
13336.630310 0.000002 0.000309 0.000000
13336.656381 0.000066 0.000012 0.000019
13336.653479 0.000042 0.000004 0.000012
13336.650793 0.000012 0.000005 0.000001
13336.654188 0.000001 0.000043 0.000000
13336.647659 0.000006 0.000063 0.000000
13336.647564 0.000013 0.000026 0.000006
13336.649194 0.000004 0.000011 0.000005
13336.657525 0.000010 0.000063 0.000000
13336.651781 0.000037 0.000036 0.000004
13336.653001 0.000021 0.000001 0.000003
13336.650223 0.000001 0.000009 0.000001
13336.650622 0.000002 0.000016 0.000002
13336.653339 0.000005 0.000027 0.000002
13336.652948 0.000006 0.000019 0.000001
13336.651509 0.000001 0.000013 0.000001
13336.648281 0.000004 0.000032 0.000004
13336.651349 0.000011 0.000009 0.000009
13336.650810 0.000007 0.000010 0.000005
13336.651017 0.000002 0.000003 0.000000
13336.650633 0.000000 0.000008 0.000001
13336.652267 0.000002 0.000014 0.000000
13336.651626 0.000003 0.000008 0.000002
13336.651405 0.000001 0.000001 0.000000
13336.649973 0.000003 0.000017 0.000000
13336.651805 0.000002 0.000004 0.000001
13336.651731 0.000001 0.000000 0.000001
13336.651536 0.000001 0.000004 0.000001
13336.651232 0.000001 0.000006 0.000000
13336.651433 0.000002 0.000003 0.000001
13336.650781 0.000000 0.000005 0.000000
13336.651688 0.000001 0.000006 0.000001
13336.650252 0.000000 0.000013 0.000000
13336.650067 0.000005 0.000012 0.000002
13336.650617 0.000003 0.000005 0.000001
13336.651213 0.000001 0.000002 0.000001
13336.651057 0.000000 0.000001 0.000000
13336.651467 0.000000 0.000003 0.000000
13336.651224 0.000000 0.000001 0.000000
13336.651149 0.000000 0.000000 0.000001
13336.650812 0.000001 0.000003 0.000000
13336.651405 0.000001 0.000002 0.000000
13336.651362 0.000000 0.000000 0.000000
13336.652088 0.000000 0.000010 0.000000
13336.651761 0.000000 0.000006 0.000000
13336.651136 0.000000 0.000000 0.000000
13336.651083 0.000001 0.000002 0.000000
13336.651656 0.000000 0.000000 0.000002
13336.651496 0.000000 0.000001 0.000001
13336.651115 0.000000 0.000000 0.000000
13336.651052 0.000000 0.000001 0.000000
13336.650750 0.000002 0.000007 0.000001
13336.650914 0.000001 0.000005 0.000000
13336.650797 0.000000 0.000003 0.000000
13336.651087 0.000000 0.000002 0.000000
13336.651135 0.000001 0.000001 0.000000
13336.651208 0.000001 0.000001 0.000000
13336.651111 0.000000 0.000001 0.000001
13336.651352 0.000001 0.000006 0.000000
13336.651036 0.000001 0.000003 0.000000
13336.651135 0.000000 0.000002 -0.000000
13336.651084 0.000000 0.000000 0.000000
13336.650993 0.000001 0.000000 0.000000
13336.651012 0.000000 0.000001 0.000000
13336.650935 0.000001 0.000001 0.000000
13336.651053 0.000000 0.000000 0.000000
13336.650855 0.000001 0.000000 0.000000
13336.651235 0.000000 0.000000 0.000000
13336.650982 0.000000 -0.000000 0.000000
13336.650855 0.000001 0.000000 0.000000
13336.650994 0.000000 0.000001 0.000000
13336.651114 0.000000 0.000000 0.000000
13336.651003 0.000000 0.000000 0.000000
13336.650979 0.000000 0.000000 0.000000
13336.650911 0.000000 -0.000000 0.000000
13336.650899 0.000001 0.000000 0.000000
13336.651060 0.000000 -0.000000 0.000000
13336.650919 0.000000 0.000000 0.000000
13336.650887 0.000000 0.000000 0.000000
13336.650800 0.000001 0.000000 0.000000
13336.650828 0.000000 0.000000 0.000000
13336.650716 0.000000 0.000001 0.000000
13336.650808 0.000000 0.000000 0.000000
13336.650710 0.000000 0.000000 0.000000
13336.650721 0.000001 0.000000 0.000000
13336.650916 0.000000 0.000000 0.000000
13336.650782 -0.000000 0.000000 0.000000
13336.650731 0.000000 -0.000000 0.000000
13336.650664 0.000000 0.000000 0.000000
13336.650541 0.000000 0.000000 0.000000
13336.650550 0.000000 0.000000 0.000000
13336.650498 0.000000 0.000000 0.000000
13336.650332 0.000000 0.000001 0.000000
13336.650430 0.000000 0.000000 0.000000
13336.650254 0.000000 0.000000 0.000000
13336.650290 0.000001 0.000000 0.000000
13336.650621 0.000000 0.000000 0.000000
13336.650275 0.000000 0.000000 0.000000
13336.650226 0.000001 0.000000 0.000000
13336.650522 0.000000 0.000000 0.000000
13336.650285 0.000000 0.000001 0.000000
13336.650484 0.000000 0.000000 0.000000
13336.650272 0.000000 0.000000 0.000000
13336.650191 0.000001 0.000000 0.000000
13336.650439 0.000000 0.000000 0.000000
13336.650192 0.000001 0.000000 0.000000
13336.650421 0.000000 0.000000 0.000000
13336.650180 0.000000 0.000000 0.000000
13336.650029 0.000000 0.000001 0.000000
13336.650121 0.000000 0.000000 0.000000
13336.649963 0.000000 0.000001 0.000000
13336.650020 0.000000 0.000000 0.000000
13336.649819 0.000001 0.000000 0.000000
13336.650064 0.000000 0.000001 0.000000
13336.650222 0.000000 0.000000 0.000000
13336.650047 0.000001 0.000000 0.000000
13336.650216 0.000000 0.000000 0.000000
13336.650050 0.000000 0.000000 0.000000
13336.650013 0.000000 0.000001 0.000000
13336.650170 0.000000 0.000000 0.000000
13336.650001 0.000000 0.000000 0.000000
13336.649893 0.000000 0.000000 0.000000
13336.649921 0.000001 0.000000 0.000000
13336.650116 0.000000 0.000000 0.000000
13336.649571 0.000001 0.000000 0.000000
13336.649816 0.000000 0.000001 0.000000
13336.649910 0.000000 0.000000 0.000000
13336.649423 0.000000 0.000005 0.000001
13336.650058 0.000000 0.000005 0.000000
13336.649688 0.000000 0.000002 0.000000
13336.649769 0.000000 0.000001 0.000001
13336.649800 0.000001 0.000001 0.000001
13336.650444 0.000002 0.000000 0.000000
13336.649922 0.000001 0.000000 0.000000
13336.649834 0.000001 0.000000 0.000000
13336.650045 0.000000 0.000000 0.000000
13336.650038 0.000000 0.000002 0.000000
13336.649810 0.000000 0.000001 0.000000
13336.649905 0.000001 0.000000 0.000000
13336.649826 0.000001 0.000000 0.000001
13336.649985 0.000001 0.000001 0.000001
13336.649803 0.000000 0.000001 0.000001
13336.649923 0.000001 0.000000 0.000000
13336.649898 0.000000 0.000000 0.000000
13336.649939 0.000001 0.000000 0.000001
13336.649987 0.000001 0.000001 0.000000
13336.649843 0.000000 0.000000 0.000000
13336.649692 0.000001 0.000001 0.000000
13336.649877 0.000000 0.000000 0.000000
13336.649768 0.000000 0.000000 0.000000
13336.649651 0.000000 0.000001 0.000000
13336.649543 0.000001 0.000001 0.000000
13336.649686 0.000000 0.000002 0.000000
13336.649801 0.000000 0.000001 0.000000
13336.649883 0.000000 0.000000 0.000000
13336.649774 0.000001 0.000001 0.000001
13336.649308 0.000001 0.000006 0.000001
13336.649665 0.000001 0.000001 0.000000
13336.649525 0.000000 0.000004 0.000000
13336.649557 0.000001 0.000001 0.000000
13336.650322 0.000001 0.000003 0.000001
13336.649780 0.000000 0.000000 0.000000
13336.649767 0.000000 0.000001 0.000000
13336.649862 0.000000 0.000000 0.000000
13336.649892 0.000000 0.000002 0.000000
13336.649816 0.000000 0.000000 0.000000
13336.649780 0.000001 0.000000 0.000001
13336.649697 0.000000 0.000001 0.000000
13336.649603 0.000000 0.000001 0.000000
13336.649768 0.000000 0.000001 0.000000
13336.649711 0.000000 0.000001 0.000000
13336.649750 0.000000 0.000000 0.000000
13336.649686 0.000000 0.000000 0.000001
13336.649721 0.000000 0.000000 0.000000
13336.649650 0.000000 0.000000 0.000000
13336.649663 0.000000 0.000000 0.000001
13336.649798 0.000000 0.000000 0.000000
13336.649682 0.000000 0.000001 0.000000
13336.649783 0.000000 0.000000 0.000000
13336.649694 0.000000 0.000000 0.000000
13336.649674 0.000000 0.000000 0.000000
13336.649635 0.000000 0.000000 0.000000
13336.649563 0.000000 0.000000 0.000000
13336.649565 0.000000 0.000000 0.000000
13336.649509 0.000000 0.000000 0.000000
13336.649388 0.000000 0.000001 0.000000
13336.649490 0.000000 0.000000 0.000000
13336.649388 0.000001 0.000001 0.000000
13336.649437 0.000001 0.000001 0.000000
13336.649615 -0.000000 0.000000 0.000000
13336.649446 0.000000 0.000000 0.000000
13336.649344 0.000001 0.000001 0.000000
13336.649414 0.000001 0.000001 0.000000
13336.649565 0.000000 0.000000 0.000000
13336.649465 0.000001 0.000001 0.000000
13336.649540 0.000000 0.000000 0.000000
13336.649454 0.000000 0.000000 0.000000
13336.649413 0.000000 0.000000 0.000000
13336.649337 0.000000 0.000000 0.000000
13336.649355 0.000000 0.000000 0.000000
13336.649325 0.000001 0.000000 0.000000
13336.649463 0.000000 0.000000 0.000000
13336.649332 0.000000 0.000000 0.000000
13336.649253 0.000000 0.000000 0.000000
13336.649276 0.000000 0.000000 0.000000
13336.649213 0.000001 0.000000 0.000000
13336.649394 0.000000 0.000000 0.000000
13336.649200 0.000000 0.000000 0.000000
13336.649077 0.000000 0.000000 0.000000
13336.649125 0.000000 0.000000 0.000000
13336.649072 0.000000 0.000000 0.000000
13336.648931 0.000000 0.000000 0.000000
13336.648927 0.000000 0.000000 0.000000
13336.648722 0.000000 0.000000 0.000000
13336.648767 0.000000 0.000000 0.000000
13336.648596 0.000000 0.000001 0.000000
13336.649089 0.000000 0.000000 0.000000
13336.648709 0.000000 0.000001 0.000000
13336.649021 0.000000 0.000000 0.000000
13336.648718 0.000000 0.000000 0.000000
13336.648533 0.000000 0.000001 0.000000
13336.648587 0.000000 0.000000 0.000000
13336.648342 0.000000 0.000001 0.000000
13336.648469 0.000000 0.000001 0.000000
13336.648883 0.000000 0.000000 0.000000
13336.648540 0.000000 0.000000 0.000000
13336.648345 0.000000 0.000001 0.000000
13336.648451 0.000000 0.000001 0.000000
13336.648775 0.000000 0.000000 0.000000
13336.648559 0.000000 0.000001 0.000000
13336.648721 0.000000 0.000000 0.000000
13336.648548 0.000000 0.000000 0.000000
13336.648524 0.000000 0.000001 0.000000
13336.648672 0.000000 0.000000 0.000000
13336.648506 0.000000 0.000001 0.000000
13336.648667 0.000000 0.000000 0.000000
13336.648488 0.000000 0.000000 0.000000
13336.648372 0.000000 0.000000 0.000000
13336.648414 0.000000 0.000001 0.000000
13336.648608 0.000000 0.000000 0.000000
13336.648027 0.000000 0.000001 0.000000
13336.648378 0.000000 0.000000 0.000000
13336.648344 0.000000 0.000000 0.000000
13336.648222 0.000000 0.000000 0.000000
13336.647857 0.000000 0.000000 0.000000
13336.646762 0.000000 -0.000000 0.000000
13336.643476 0.000000 0.000001 0.000002
13336.646031 0.000000 0.000010 0.000000
13336.647445 0.000000 0.000000 0.000000
13336.644661 0.000003 0.000022 0.000000
13336.646322 0.000003 0.000004 0.000001
13336.646214 0.000001 0.000006 0.000000
13336.646580 0.000005 0.000012 0.000000
13336.646586 0.000000 0.000001 0.000001
13336.647405 0.000004 0.000005 0.000000
13336.647079 0.000000 0.000000 0.000000
13336.646845 0.000000 0.000003 0.000000
13336.645646 0.000000 0.000010 0.000001
13336.645737 0.000003 0.000009 0.000001
13336.646375 0.000003 0.000008 0.000000
13336.646427 0.000000 0.000009 0.000000
13336.647421 0.000004 0.000014 0.000000
13336.649409 0.000003 0.000017 0.000000
13336.648222 0.000001 0.000008 0.000000
13336.646580 0.000001 0.000000 0.000000
13336.646783 0.000000 0.000001 0.000001
13336.646737 0.000000 0.000000 0.000000
13336.646664 0.000002 0.000001 0.000000
13336.648321 -0.000000 0.000010 0.000000
13336.647748 0.000000 0.000005 0.000000
13336.647157 0.000002 0.000009 0.000000
13336.647595 0.000000 0.000008 0.000001
13336.646809 0.000001 0.000000 0.000000
13336.647185 0.000002 0.000007 0.000001
13336.646217 0.000000 0.000007 0.000000
13336.645460 0.000002 0.000017 0.000000
13336.646186 0.000005 0.000009 0.000001
13336.646220 0.000003 0.000008 0.000001
13336.647103 0.000001 0.000005 0.000000
13336.646603 0.000000 0.000001 0.000000
13336.646491 0.000001 0.000003 0.000000
13336.646736 0.000001 0.000002 0.000000
13336.646743 0.000000 0.000000 0.000000
13336.646747 0.000001 0.000001 0.000000
13336.647019 0.000003 0.000000 0.000001
13336.646845 0.000002 0.000001 0.000001
13336.646697 0.000000 0.000000 0.000000
13336.646576 0.000000 0.000000 0.000000
13336.646214 0.000002 0.000000 0.000000
13336.646576 0.000000 0.000000 0.000000
13336.646570 0.000000 0.000000 0.000000
13336.646474 0.000001 0.000000 0.000000
13336.646552 0.000003 0.000001 0.000001
13336.646538 0.000000 0.000000 0.000000
13336.646441 0.000000 0.000001 0.000000
13336.646615 0.000001 0.000000 0.000000
13336.646446 0.000000 0.000000 -0.000000
13336.646300 0.000001 0.000000 0.000000
13336.646169 0.000002 0.000000 0.000000
13336.646342 0.000000 0.000001 0.000000
13336.646385 0.000000 0.000000 0.000000
13336.646230 0.000001 0.000000 0.000000
13336.646204 0.000001 0.000000 0.000000
13336.646269 0.000000 0.000001 0.000000
13336.646430 0.000000 0.000000 0.000000
13336.645170 0.000006 0.000008 0.000001
13336.645176 0.000004 0.000002 0.000001
13336.645569 0.000002 0.000002 0.000000
13336.645786 0.000004 0.000008 0.000000
13336.646490 0.000005 0.000003 0.000001
13336.646912 0.000008 0.000011 0.000001
13336.646400 0.000000 0.000001 0.000000
13336.646371 0.000000 0.000000 0.000000
13336.646269 0.000001 0.000001 0.000001
13336.646329 0.000003 0.000001 0.000001
13336.646343 0.000000 0.000001 0.000000
13336.646298 0.000000 0.000000 0.000000
13336.646162 0.000001 0.000001 0.000000
13336.646078 0.000003 0.000000 0.000000
13336.646277 0.000000 0.000001 0.000000
13336.646234 0.000000 0.000000 0.000000
13336.646082 0.000001 0.000000 0.000000
13336.646043 0.000001 0.000000 0.000001
13336.645846 0.000001 0.000005 0.000000
13336.646242 0.000000 0.000001 0.000000
13336.646395 0.000000 0.000000 0.000000
13336.644889 0.000003 0.000003 0.000002
13336.646413 0.000001 0.000005 0.000000
13336.645620 0.000002 0.000002 0.000001
13336.646399 0.000008 0.000000 0.000002
13336.646036 0.000000 0.000004 0.000000
13336.645913 0.000008 0.000004 0.000002
13336.646221 0.000000 0.000001 0.000000
13336.646243 0.000001 0.000000 0.000000
13336.646383 0.000000 0.000000 0.000000
13336.645858 0.000003 0.000000 0.000000
13336.645960 0.000002 0.000003 0.000001
13336.645810 0.000002 0.000002 0.000002
13336.646344 0.000000 0.000003 0.000001
13336.646298 0.000001 0.000001 0.000001
13336.646243 0.000001 0.000000 0.000000
13336.646274 0.000000 0.000000 0.000000
13336.645895 0.000000 0.000000 0.000001
13336.646035 0.000000 0.000001 0.000001
13336.646190 0.000003 0.000000 0.000000
13336.646238 0.000002 0.000001 0.000000
13336.646226 0.000000 0.000001 0.000000
13336.646236 0.000001 0.000001 0.000000
13336.646224 0.000000 0.000000 0.000000
13336.646195 0.000000 0.000001 0.000000
13336.646222 0.000000 0.000001 0.000000
13336.646177 0.000000 0.000001 0.000000
13336.646332 0.000000 0.000000 0.000000
13336.646167 0.000000 0.000000 0.000001
13336.646171 0.000001 0.000001 0.000001
13336.646141 0.000001 0.000000 0.000000
13336.646004 0.000001 0.000000 0.000001
13336.646165 0.000000 0.000001 0.000000
13336.646504 0.000003 0.000001 0.000001
13336.646174 0.000001 0.000000 0.000000
13336.646322 0.000000 0.000000 0.000000
13336.646201 0.000000 0.000000 0.000000
13336.646130 0.000000 0.000001 0.000001
13336.646195 0.000000 0.000000 0.000000
13336.646177 0.000000 0.000000 0.000000
13336.646125 0.000000 0.000001 0.000000
13336.646182 0.000000 0.000000 0.000000
13336.646131 0.000001 0.000000 0.000000
13336.646238 0.000000 0.000000 0.000000
13336.645936 0.000000 0.000003 0.000000
13336.646073 0.000000 0.000002 0.000000
13336.646175 0.000000 0.000000 0.000001
13336.646191 0.000000 0.000001 0.000000
13336.646194 0.000000 0.000000 0.000000
13336.646284 0.000001 0.000001 0.000000
13336.646214 0.000000 0.000000 0.000000
13336.646160 0.000000 0.000001 0.000000
13336.646208 0.000000 0.000000 0.000000
13336.646169 0.000000 0.000000 0.000000
13336.646147 0.000000 0.000000 0.000001
13336.646159 0.000000 0.000000 0.000000
13336.646134 0.000000 0.000001 0.000001
13336.646157 0.000000 0.000001 0.000000
13336.646186 0.000000 0.000000 0.000000
13336.646156 0.000000 0.000000 0.000000
13336.646136 0.000000 0.000000 0.000000
13336.646144 0.000000 0.000000 0.000000
13336.646132 0.000000 0.000000 0.000000
13336.646107 0.000000 0.000000 0.000001
13336.646119 0.000000 0.000000 0.000001
13336.646163 0.000000 0.000000 0.000000
13336.646124 0.000000 0.000000 0.000000
13336.646102 0.000000 0.000000 0.000000
13336.646106 0.000000 0.000000 0.000000
13336.646090 0.000000 0.000001 0.000000
13336.646141 0.000000 0.000000 0.000000
13336.646103 0.000000 0.000000 0.000000
13336.646091 0.000000 0.000000 0.000000
13336.646066 0.000000 0.000001 0.000000
13336.646077 0.000000 0.000000 0.000001
13336.646122 0.000000 0.000000 0.000000
13336.646078 0.000000 0.000000 0.000000
13336.646050 -0.000000 0.000000 0.000000
13336.646060 0.000000 0.000000 0.000000
13336.646056 0.000000 0.000000 0.000000
13336.646040 -0.000000 0.000000 0.000000
13336.646008 0.000000 -0.000000 0.000000
13336.646004 0.000000 0.000000 0.000000
13336.645955 0.000000 0.000001 0.000000
13336.645981 0.000000 0.000000 0.000000
13336.645925 0.000000 0.000000 0.000000
13336.645958 0.000000 0.000000 0.000000
13336.645923 0.000000 -0.000000 0.000000
13336.645856 0.000000 0.000000 0.000000
13336.645850 0.000000 0.000000 0.000000
13336.645750 0.000001 0.000000 0.000000
13336.645829 0.000000 0.000000 0.000000
13336.645740 0.000001 0.000000 0.000000
13336.645763 0.000001 0.000001 0.000000
13336.645944 0.000000 0.000000 0.000000
13336.645804 0.000000 0.000000 0.000000
13336.645726 0.000001 0.000000 0.000000
13336.645762 0.000001 0.000000 0.000000
13336.645898 0.000000 0.000000 0.000000
13336.645770 0.000001 0.000000 0.000000
13336.645886 0.000000 0.000000 0.000000
13336.645792 0.000001 0.000000 0.000000
13336.645872 0.000000 0.000000 0.000000
13336.645798 0.000001 0.000000 0.000000
13336.645864 0.000000 0.000000 0.000000
13336.645727 0.000001 0.000001 0.000000
13336.645805 0.000000 0.000000 0.000000
13336.645793 0.000001 0.000000 0.000000
13336.645847 0.000000 0.000000 0.000000
13336.645798 0.000000 0.000000 0.000000
13336.645769 0.000001 0.000000 0.000000
13336.645783 0.000001 0.000000 0.000000
13336.645833 0.000000 0.000000 0.000000
13336.645782 0.000000 0.000000 0.000000
13336.645733 0.000000 0.000000 0.000001
13336.645160 0.000000 0.000009 0.000000
13336.645774 0.000001 0.000000 0.000000
13336.645819 0.000000 0.000000 0.000000
13336.645679 0.000000 0.000000 0.000000
13336.645371 0.000002 0.000000 0.000000
13336.645363 0.000000 0.000008 0.000000
13336.645729 0.000000 0.000000 0.000000
13336.645619 0.000001 0.000000 0.000001
13336.645297 0.000001 0.000002 0.000000
13336.645317 0.000000 0.000005 0.000000
13336.645380 0.000000 0.000004 0.000001
13336.645465 0.000001 0.000005 0.000000
13336.646324 0.000001 0.000010 0.000000
13336.645466 0.000000 0.000003 0.000000
13336.645712 0.000000 0.000000 0.000000
13336.645522 0.000000 0.000002 0.000001
13336.645519 0.000000 0.000002 0.000001
13336.645792 0.000000 0.000001 0.000001
13336.645541 0.000000 0.000002 0.000000
13336.645641 0.000000 0.000002 0.000000
13336.645765 0.000001 0.000001 0.000000
13336.645494 0.000000 0.000003 0.000000
13336.645676 0.000000 0.000000 0.000001
13336.645772 0.000000 0.000000 0.000000
13336.645684 0.000000 0.000000 0.000001
13336.645613 0.000000 0.000001 0.000000
13336.645617 0.000000 0.000001 0.000000
13336.645641 0.000000 0.000000 0.000000
13336.645526 0.000001 0.000000 0.000000
13336.645792 0.000000 0.000001 0.000000
13336.645631 0.000000 0.000000 0.000000
13336.645555 0.000001 0.000000 0.000000
13336.645601 0.000000 0.000000 0.000000
13336.645510 0.000000 0.000001 0.000000
13336.645464 0.000000 0.000003 0.000000
13336.645577 0.000001 0.000000 0.000000
13336.645691 0.000000 0.000000 0.000000
13336.645493 0.000001 0.000000 0.000000
13336.645538 0.000001 0.000001 0.000000
13336.645472 0.000000 0.000002 0.000000
13336.645546 0.000000 0.000001 0.000001
13336.645243 0.000000 0.000005 0.000000
13336.645736 0.000000 0.000001 0.000000
13336.645591 0.000000 0.000001 0.000000
13336.645586 0.000000 0.000000 0.000000
13336.645523 0.000001 0.000001 0.000000
13336.645540 0.000001 0.000000 0.000001
13336.645483 0.000001 0.000002 0.000000
13336.645564 0.000001 0.000000 0.000000
13336.645659 0.000000 0.000000 0.000000
13336.645238 0.000000 0.000005 0.000000
13336.645429 0.000001 0.000001 0.000000
13336.645415 0.000001 0.000003 0.000000
13336.645504 0.000000 0.000001 0.000000
13336.645580 0.000001 0.000001 0.000001
13336.645767 0.000000 0.000001 0.000000
13336.645606 0.000000 0.000000 0.000000
13336.645567 0.000000 0.000000 0.000000
13336.645520 0.000001 0.000000 0.000000
13336.645510 0.000001 0.000000 0.000000
13336.645531 0.000001 0.000001 0.000000
13336.645555 0.000000 0.000001 0.000000
13336.645620 0.000000 0.000000 0.000000
13336.645389 0.000001 0.000002 0.000000
13336.645482 0.000000 0.000003 0.000000
13336.645488 0.000000 0.000002 0.000000
13336.645523 0.000000 0.000001 0.000000
13336.645539 0.000000 0.000001 0.000000
13336.645760 0.000001 0.000004 0.000000
13336.645573 0.000001 0.000000 0.000000
13336.645560 0.000000 0.000001 0.000000
13336.645613 0.000000 0.000000 0.000000
13336.645519 0.000001 0.000001 0.000000
13336.645511 0.000001 0.000001 0.000000
13336.645556 0.000000 0.000000 0.000000
13336.645525 0.000000 0.000000 0.000000
13336.645431 0.000000 0.000001 0.000001
13336.645363 0.000000 0.000003 0.000000
13336.645528 0.000000 0.000001 0.000000
13336.645586 0.000000 0.000000 0.000000
13336.645268 0.000000 0.000003 0.000000
13336.645400 0.000001 0.000001 0.000000
13336.645392 0.000000 0.000001 0.000001
13336.645189 0.000000 0.000005 0.000000
13336.645118 0.000001 0.000006 0.000000
13336.645537 0.000000 0.000000 0.000000
13336.645472 0.000001 0.000001 0.000000
13336.645522 0.000000 0.000000 0.000000
13336.645490 0.000001 0.000000 0.000000
13336.645513 0.000001 0.000000 0.000000
13336.645336 0.000000 0.000002 0.000000
13336.645497 0.000000 0.000000 0.000000
13336.645453 0.000000 0.000000 0.000000
13336.645320 0.000000 0.000000 0.000001
13336.645194 0.000001 0.000006 0.000000
13336.645457 0.000000 0.000000 0.000001
13336.645531 0.000000 0.000000 0.000000
13336.644684 0.000001 0.000010 0.000001
13336.645203 0.000001 0.000001 0.000001
13336.645329 0.000002 0.000002 0.000000
13336.645383 0.000000 0.000002 0.000001
13336.645386 0.000000 0.000004 0.000000
13336.645654 0.000000 0.000005 0.000002
13336.645283 0.000000 0.000002 0.000000
13336.645474 0.000001 0.000000 0.000000
13336.645521 0.000000 0.000000 0.000000
13336.645065 0.000000 0.000005 0.000001
13336.645244 0.000000 0.000004 0.000000
13336.645355 0.000001 0.000000 0.000000
13336.645345 0.000000 0.000000 0.000001
13336.645267 0.000000 0.000004 -0.000000
13336.645564 0.000000 0.000002 0.000001
13336.645512 0.000000 0.000001 0.000000
13336.645476 0.000000 0.000000 0.000000
13336.645409 0.000001 0.000000 0.000000
13336.645365 0.000000 0.000002 0.000000
13336.645287 0.000000 0.000002 0.000001
13336.645387 0.000000 0.000002 0.000000
13336.645446 0.000000 0.000000 0.000000
13336.645427 0.000000 0.000000 0.000000
13336.645369 0.000000 0.000001 0.000000
13336.645343 0.000000 0.000001 0.000000
13336.645398 0.000000 0.000000 0.000001
13336.645491 0.000000 0.000000 0.000000
13336.645425 0.000000 0.000000 0.000000
13336.645419 0.000001 0.000003 0.000001
13336.645328 0.000000 0.000002 0.000000
13336.645400 0.000000 0.000000 0.000001
13336.645468 0.000000 0.000000 0.000000
13336.645258 0.000000 0.000001 0.000001
13336.645246 0.000001 0.000003 0.000000
13336.645243 0.000001 0.000001 0.000001
13336.645392 0.000000 0.000003 0.000001
13336.645422 0.000000 0.000001 0.000001
13336.645611 0.000000 0.000003 0.000000
13336.645373 0.000000 0.000001 0.000000
13336.645412 0.000000 0.000000 0.000000
13336.645380 0.000000 0.000000 0.000000
13336.645285 0.000001 0.000001 0.000001
13336.645319 -0.000000 0.000002 0.000000
13336.645383 0.000000 0.000000 0.000000
13336.645280 0.000000 0.000002 0.000001
13336.645345 0.000000 0.000002 0.000001
13336.645176 0.000001 0.000001 0.000000
13336.645303 0.000000 0.000001 0.000000
13336.645363 0.000001 0.000000 0.000001
13336.645482 0.000000 0.000001 0.000001
13336.645329 0.000000 0.000001 0.000000
13336.645365 0.000000 0.000000 0.000000
13336.645324 0.000001 0.000001 0.000000
13336.645318 0.000002 0.000001 0.000000
13336.645305 0.000000 0.000000 0.000000
13336.645126 0.000000 0.000002 0.000000
13336.645280 0.000000 0.000001 0.000000
13336.645313 0.000000 0.000000 0.000000
13336.645173 0.000000 0.000000 0.000001
13336.645207 0.000000 0.000001 0.000001
13336.645204 0.000000 0.000003 0.000000
13336.645251 0.000000 0.000001 0.000000
13336.645213 0.000001 0.000002 0.000000
13336.645410 0.000001 0.000003 0.000001
13336.645285 0.000000 0.000000 0.000000
13336.645223 0.000000 0.000001 0.000000
13336.645276 0.000000 0.000000 0.000000
13336.645222 0.000000 0.000001 0.000000
13336.645237 0.000001 0.000000 0.000000
13336.645344 0.000000 0.000000 0.000000
13336.645244 0.000000 0.000001 0.000000
13336.645335 0.000000 0.000000 0.000000
13336.645261 0.000001 0.000000 0.000000
13336.645323 0.000000 0.000000 0.000000
13336.645266 0.000000 0.000001 0.000000
13336.645317 0.000000 0.000000 0.000000
13336.645275 0.000000 0.000000 0.000000
13336.645251 0.000001 0.000001 0.000000
13336.645264 0.000000 0.000001 0.000000
13336.645304 0.000000 0.000000 0.000000
13336.645265 0.000000 0.000000 0.000000
13336.645240 0.000001 0.000001 0.000000
13336.645256 0.000000 0.000001 0.000000
13336.645293 0.000000 0.000000 0.000000
13336.645253 0.000000 0.000001 0.000000
13336.645291 0.000000 0.000000 0.000000
13336.645263 0.000000 0.000000 0.000000
13336.645249 0.000000 0.000001 0.000000
13336.645254 0.000000 0.000001 0.000000
13336.645282 0.000000 0.000000 0.000000
13336.645260 0.000000 0.000000 0.000000
13336.645247 0.000001 0.000000 0.000000
13336.645253 0.000000 0.000000 0.000000
13336.645239 0.000001 0.000000 0.000000
13336.645251 0.000001 0.000001 0.000000
13336.645269 0.000000 0.000000 0.000000
13336.645249 0.000000 0.000000 0.000000
13336.645237 0.000000 0.000000 0.000001
13336.645247 0.000001 0.000000 0.000000
13336.645264 0.000000 0.000000 0.000000
13336.645237 0.000000 0.000000 0.000001
13336.645240 0.000000 0.000001 0.000000
13336.645251 0.000000 0.000000 0.000000
13336.645262 0.000001 0.000001 0.000001
13336.645184 0.000001 0.000001 0.000000
13336.645192 0.000001 0.000002 0.000000
13336.645241 0.000000 0.000000 0.000001
13336.645138 0.000000 0.000000 0.000001
13336.645304 0.000000 0.000001 0.000000
13336.645251 0.000000 0.000001 0.000001
13336.645247 0.000000 0.000000 0.000000
13336.645239 0.000000 0.000000 0.000000
13336.645237 0.000001 0.000000 0.000000
13336.645257 0.000000 0.000000 0.000000
13336.645240 0.000000 0.000001 0.000000
13336.645255 0.000000 0.000000 0.000000
13336.645242 0.000000 0.000000 0.000000
13336.645239 0.000000 0.000000 0.000000
13336.645235 0.000000 0.000000 0.000001
13336.645249 0.000000 0.000000 0.000000
13336.645236 0.000001 0.000000 0.000000
13336.645247 0.000000 0.000000 0.000000
13336.645238 0.000000 0.000000 0.000000
13336.645232 0.000000 0.000000 0.000001
13336.645233 0.000000 0.000000 0.000000
13336.645224 0.000000 0.000000 0.000001
13336.645229 0.000001 0.000000 0.000000
13336.645243 0.000000 0.000000 0.000000
13336.645233 0.000000 0.000000 0.000000
13336.645231 0.000000 0.000000 0.000000
13336.645225 0.000000 0.000001 0.000000
13336.645230 0.000001 0.000000 0.000000
13336.645237 0.000000 0.000000 0.000000
13336.645225 0.000000 0.000001 0.000000
13336.645258 0.000001 0.000001 0.000000
13336.645230 0.000000 0.000000 0.000001
13336.645236 0.000000 0.000000 0.000000
13336.645143 0.000001 0.000001 0.000000
13336.645199 0.000000 0.000001 0.000000
13336.645228 0.000001 0.000001 0.000001
13336.645207 0.000000 0.000001 0.000001
13336.645227 0.000000 0.000001 0.000000
13336.645346 0.000001 0.000001 0.000001
13336.645228 0.000000 0.000001 0.000001
13336.645230 0.000000 0.000000 0.000000
13336.645226 0.000001 0.000000 0.000000
13336.645228 0.000000 0.000000 0.000000
13336.645224 0.000001 0.000000 0.000000
13336.645226 0.000000 0.000000 0.000000
13336.645220 0.000001 0.000000 0.000001
13336.645226 0.000000 0.000000 0.000000
13336.645224 0.000000 0.000000 0.000000
13336.645219 0.000000 0.000001 0.000000
13336.645223 0.000001 0.000000 0.000000
13336.645229 0.000000 0.000000 0.000000
13336.645223 0.000000 0.000000 0.000001
13336.645228 0.000000 0.000000 0.000000
13336.645224 0.000001 0.000000 0.000000
13336.645227 0.000000 0.000000 0.000000
13336.645224 0.000000 0.000000 0.000000
13336.645222 0.000000 0.000000 0.000000
13336.645219 0.000000 0.000001 0.000000
13336.645221 0.000000 0.000000 0.000000
13336.645218 0.000000 0.000000 0.000000
13336.645219 0.000001 0.000000 0.000000
13336.645224 0.000000 0.000000 0.000000
13336.645219 0.000000 0.000001 0.000000
13336.645224 0.000000 0.000000 0.000000
13336.645208 0.000000 0.000001 0.000001
13336.645232 0.000001 0.000001 0.000000
13336.645219 0.000000 0.000000 0.000000
13336.645215 0.000001 0.000000 0.000001
13336.645186 0.000001 0.000001 0.000000
13336.645184 0.000000 0.000001 0.000001
13336.645179 0.000000 0.000001 0.000001
13336.645189 0.000001 0.000001 0.000000
13336.645282 0.000001 0.000000 0.000000
13336.645214 0.000000 0.000001 0.000000
13336.645217 0.000000 0.000001 0.000000
13336.645222 0.000000 0.000000 0.000000
13336.645195 0.000000 0.000001 0.000001
13336.645210 0.000001 0.000001 0.000000
13336.645224 0.000001 0.000000 0.000001
13336.645207 0.000000 0.000001 0.000001
13336.645208 0.000001 0.000000 0.000000
13336.645245 0.000000 0.000000 0.000001
13336.645212 0.000000 0.000001 0.000001
13336.645217 0.000000 0.000000 0.000001
13336.645222 0.000000 0.000000 0.000000
13336.645208 0.000000 0.000001 0.000001
13336.645221 0.000000 0.000001 0.000000
13336.645221 0.000001 0.000000 0.000000
13336.645215 0.000001 0.000000 0.000001
13336.645233 0.000000 0.000000 0.000001
13336.645197 0.000000 0.000001 0.000000
13336.645213 0.000000 0.000001 0.000000
13336.645219 0.000000 0.000000 0.000001
13336.645221 0.000000 0.000000 0.000000
13336.645214 0.000001 0.000001 0.000000
13336.645213 0.000000 0.000001 0.000000
13336.645220 0.000001 0.000000 0.000000
13336.645219 0.000000 0.000001 0.000000
13336.645213 0.000001 0.000001 0.000001
13336.645217 0.000000 0.000000 0.000001
13336.645215 0.000001 0.000001 0.000000
13336.645218 0.000000 0.000001 0.000000
13336.645221 0.000000 0.000000 0.000000
13336.645218 0.000001 0.000000 0.000000
13336.645221 0.000000 0.000000 0.000000
13336.645219 0.000000 0.000000 0.000000
13336.645218 0.000000 0.000000 0.000000
13336.645217 0.000000 0.000000 0.000001
13336.645220 0.000000 0.000000 0.000000
13336.645217 0.000000 0.000001 0.000000
13336.645220 0.000000 0.000000 0.000000
13336.645216 0.000001 0.000001 0.000000
13336.645216 0.000000 0.000000 0.000000
13336.645212 0.000000 0.000001 0.000001
13336.645214 0.000000 0.000001 0.000000
13336.645216 0.000000 0.000000 0.000000
13336.645216 0.000000 0.000001 0.000000
13336.645218 0.000000 0.000000 0.000000
13336.645215 0.000000 0.000000 0.000001
13336.645218 0.000000 0.000000 0.000000
13336.645216 0.000000 0.000000 0.000000
13336.645215 0.000000 0.000000 0.000001
13336.645217 0.000000 0.000000 0.000000
13336.645215 0.000000 0.000000 0.000001
13336.645217 0.000000 0.000000 0.000000
13336.645216 0.000000 0.000000 0.000000
13336.645215 0.000000 0.000000 0.000001
13336.645217 0.000000 0.000000 0.000000
13336.645215 0.000000 0.000001 0.000000
13336.645213 0.000000 0.000001 0.000001
13336.645217 0.000000 0.000000 0.000001
13336.645212 0.000000 0.000001 0.000000
13336.645212 0.000001 0.000001 0.000000
13336.645221 0.000001 0.000000 0.000001
13336.645222 0.000001 0.000000 0.000000
13336.645215 0.000000 0.000001 0.000001
13336.645212 0.000000 0.000001 0.000000
13336.645216 0.000000 0.000000 0.000001
13336.645215 0.000000 0.000000 0.000000
13336.645213 0.000000 0.000000 0.000001
13336.645219 0.000000 0.000000 0.000001
13336.645214 0.000000 0.000000 0.000001
13336.645217 0.000000 0.000000 0.000000
13336.645211 0.000000 0.000001 0.000000
13336.645212 0.000000 0.000001 0.000000
13336.645212 0.000000 0.000001 0.000001
13336.645218 0.000000 0.000000 0.000001
13336.645215 0.000000 0.000000 0.000001
13336.645216 0.000000 0.000000 0.000000
13336.645216 0.000000 0.000000 0.000001
13336.645216 0.000001 0.000000 0.000000
13336.645216 0.000000 0.000000 0.000000
13336.645215 0.000000 0.000000 0.000001
13336.645214 0.000000 0.000001 0.000001
13336.645213 0.000000 0.000001 0.000000
13336.645216 0.000000 0.000000 0.000001
13336.645214 0.000000 0.000001 0.000001
13336.645218 0.000001 0.000000 0.000001
13336.645216 0.000000 0.000000 0.000001
13336.645215 0.000000 0.000001 0.000001
13336.645215 0.000000 0.000000 0.000001
13336.645216 0.000000 0.000000 0.000000
13336.645216 0.000000 0.000000 0.000001
13336.645216 0.000000 0.000000 0.000001
13336.645215 0.000000 0.000001 0.000000
13336.645216 0.000000 0.000000 0.000000
13336.645216 0.000000 0.000000 0.000001
13336.645215 0.000000 0.000001 0.000001
13336.645215 0.000000 0.000000 0.000001
13336.645215 0.000000 0.000000 0.000000
13336.645215 0.000000 0.000001 0.000000
13336.645216 0.000000 0.000000 0.000000
13336.645216 0.000000 0.000000 0.000001
13336.645216 0.000000 0.000000 0.000000
13336.645215 0.000000 0.000000 0.000000
13336.645215 0.000000 0.000000 0.000001
13336.645215 0.000000 0.000000 0.000000
13336.645215 0.000000 0.000000 0.000001
13336.645216 0.000000 0.000000 0.000001
13336.645216 0.000000 0.000000 0.000000
13336.645215 0.000000 0.000000 0.000000
13336.645215 0.000000 0.000000 0.000000
13336.645215 0.000000 0.000000 0.000000
13336.645215 0.000000 0.000000 0.000001
13336.645215 0.000000 0.000000 0.000001
13336.645215 0.000000 0.000000 0.000000
13336.645216 0.000000 0.000000 0.000000
13336.645215 0.000000 0.000000 0.000001
13336.645215 0.000000 0.000000 0.000000
13336.645215 0.000000 0.000000 0.000000
13336.645215 0.000000 0.000000 0.000000
13336.645215 0.000000 0.000000 0.000000
13336.645215 0.000000 0.000000 0.000001
13336.645215 0.000000 0.000000 0.000000
13336.645215 0.000000 0.000000 0.000001
13336.645215 0.000000 0.000000 0.000000
13336.645215 0.000000 0.000000 0.000001
13336.645215 0.000000 0.000000 0.000000
13336.645215 0.000000 0.000000 0.000000
13336.645215 0.000000 0.000000 0.000000
13336.645215 0.000000 0.000000 0.000000
13336.645215 0.000000 0.000000 0.000000
13336.645215 0.000000 0.000000 0.000000
13336.645215 0.000000 0.000000 0.000000
13336.645215 0.000000 0.000000 0.000001
13336.645215 0.000000 0.000000 0.000000
13336.645215 0.000000 0.000000 0.000000
13336.645215 0.000000 0.000000 0.000000
13336.645215 0.000000 0.000000 0.000000
13336.645215 0.000000 0.000000 0.000000
13336.645215 0.000000 0.000000 0.000000
13336.645215 0.000000 0.000000 0.000000
13336.645215 0.000000 0.000000 0.000001
13336.645215 0.000000 0.000000 0.000001
13336.645215 0.000000 0.000000 0.000000
13336.645215 0.000000 0.000000 0.000000
13336.645215 0.000000 0.000000 0.000000
13336.645215 0.000000 0.000000 0.000000
13336.645215 0.000000 0.000000 0.000000
13336.645215 0.000000 0.000000 0.000000
13336.645215 0.000000 0.000000 0.000001
13336.645215 0.000000 0.000000 0.000000
13336.645215 0.000000 0.000000 0.000000
13336.645215 0.000000 0.000000 0.000000
13336.645215 0.000000 0.000000 0.000000
13336.645215 0.000000 0.000000 0.000000
13336.645215 0.000000 0.000000 0.000000
13336.645215 0.000000 0.000000 0.000000
13336.645215 0.000000 0.000000 0.000000
13336.645215 0.000000 0.000000 0.000000
13336.645215 0.000000 0.000000 0.000000
13336.645215 0.000000 0.000000 0.000000
13336.645215 0.000000 0.000000 0.000000
13336.645215 0.000000 0.000000 0.000000
13336.645215 0.000000 0.000000 0.000000
13336.645215 0.000000 0.000000 0.000000
13336.645215 0.000000 0.000000 0.000000
13336.645215 0.000000 0.000000 0.000000
13336.645215 0.000000 0.000000 0.000000
13336.645215 0.000000 0.000000 0.000000
13336.645215 0.000000 0.000000 0.000000
13336.645215 0.000000 0.000000 0.000000
13336.645215 0.000000 0.000000 0.000000
13336.645215 0.000000 0.000000 0.000000
13336.645215 0.000000 0.000000 0.000000
13336.645215 0.000000 0.000000 0.000000
13336.645215 0.000000 0.000000 0.000000
13336.645215 0.000000 0.000000 0.000000
13336.645215 0.000000 0.000000 0.000000
13336.645215 0.000000 0.000000 0.000000
13336.645215 0.000000 0.000000 0.000000
13336.645215 0.000000 0.000000 0.000000
13336.645215 0.000000 0.000000 0.000000
13336.645215 0.000000 0.000000 0.000000
13336.645215 0.000000 0.000000 0.000000
13336.645215 0.000000 0.000000 0.000000
13336.645215 0.000000 0.000000 0.000000
13336.645215 0.000000 0.000000 0.000000
13336.645215 0.000000 0.000000 0.000000
13336.645215 0.000000 0.000000 0.000000
13336.645215 0.000000 0.000000 0.000000
13336.645215 0.000000 0.000000 0.000000
13336.645215 0.000000 0.000000 0.000000
13336.645215 0.000000 0.000000 0.000000
13336.645215 0.000000 0.000000 0.000000
13336.645215 0.000000 0.000000 0.000000
13336.645215 0.000000 0.000000 0.000000
13336.645215 0.000000 0.000000 0.000000
13336.645215 0.000000 0.000000 0.000000
13336.645215 0.000000 0.000000 0.000000
13336.645215 0.000000 0.000000 0.000000
13336.645215 0.000000 0.000000 0.000000
13336.645215 0.000000 0.000000 0.000000
13336.645215 0.000000 0.000000 0.000000
13336.645215 0.000000 0.000000 0.000000
13336.645215 0.000000 0.000000 0.000000
