1	(  11.88       8.21     -11.87     )	17670.079859 153.776900 -153.776900 
2	(  10.88       9.21     -10.87     )	11917.842371 130.036900 -130.036900 
3	(   7.88      12.21      -7.87     )	2488.926707 70.816900 -70.816900 
4	(  -1.12      21.21       1.13     )	398.270915 1.156900 -1.156900 
5	( -28.12      48.21      28.13     )	551350.964339 764.176900 -764.176900 
6	(  -0.12      20.21       0.13     )	407.874803 0.896900 -0.896900 
7	(  -3.12      17.21      -9.87     )	56.054339 95.296900 -95.296900 
8	( -10.12      18.21       3.13     )	7091.617523 0.676900 -0.676900 
9	(  -3.12      30.21      -1.87     )	419.419939 1.376900 -1.376900 
10	( -40.12      12.21      12.13     )	2551717.725683 108.016900 -108.016900 
11	(   5.88      21.21      -3.87     )	178.845331 21.856900 -21.856900 
12	(  -4.12       9.21       5.13     )	60.548051 23.196900 -23.196900 

BBE ( SOL ) BBO
13	(  -3.12      25.21       0.13     )	239.663939 -2.103100 2.103100 
14	(  -0.12       9.21       4.13     )	84.571603 17.936900 -17.936900 
15	(  -1.12      28.21       0.13     )	726.649315 -0.103100 0.103100 
16	(  25.88      58.21      -8.87     )	374017.205491 105.556900 -105.556900 
17	( -25.12      29.21      -4.87     )	362175.358403 -0.403100 0.403100 
18	( -24.12      30.21      -0.87     )	304229.597491 -22.363100 22.363100 
19	(  -6.12      23.21       0.13     )	203.409875 -5.103100 5.103100 
20	( -15.12      48.21     -11.87     )	32548.346083 126.776900 -126.776900 
21	( -21.12      25.21      19.13     )	177114.901955 345.836900 -345.836900 
22	(  11.88      48.21      17.13     )	8636.127859 306.316900 -306.316900 
23	(  -1.12      27.21      -0.87     )	673.738115 0.636900 -0.636900 
24	(  -4.12      19.21       2.13     )	5.260051 1.416900 -1.416900 
25	(  -8.12      38.21      -6.87     )	769.474099 40.076900 -40.076900 
26	( -10.12      23.21       1.13     )	6274.573523 -7.843100 7.843100 
27	(  -6.12      38.21      -4.87     )	1.077875 18.596900 -18.596900 
28	( -11.12      27.21       7.13     )	9302.991235 40.716900 -40.716900 
29	(  -7.12      20.21      -9.87     )	929.957987 91.296900 -91.296900 
30	(  -3.12      28.21      -1.87     )	341.517539 1.376900 -1.376900 
31	(  -3.12      23.21       0.13     )	181.761539 -2.103100 2.103100 
32	(   3.88      26.21      -1.87     )	124.530355 8.376900 -8.376900 
33	(  -3.12      29.21      -4.87     )	379.468739 21.596900 -21.596900 
34	(  -3.12      30.21       0.13     )	419.419939 -2.103100 2.103100 
35	(  -8.12      29.21       1.13     )	1349.513299 -5.843100 5.843100 
36	(  -2.12      22.21       0.13     )	313.939827 -1.103100 1.103100 
37	(  -2.12      26.21      -0.87     )	471.664627 -0.363100 0.363100 
38	(  -1.12      29.21      -1.87     )	781.560515 3.376900 -3.376900 
39	(  -3.12      29.21       1.13     )	379.468739 -0.843100 0.843100 
40	(  -0.12      27.21       2.13     )	739.613203 5.416900 -5.416900 
41	(  -2.12      26.21       1.13     )	471.664627 0.156900 -0.156900 
42	(  -2.12      28.21       0.13     )	562.527027 -1.103100 1.103100 
43	(  -1.12      28.21       1.13     )	726.649315 1.156900 -1.156900 
44	(  -1.12      27.21       0.13     )	673.738115 -0.103100 0.103100 
45	(  -1.12      24.21       0.13     )	527.004515 -0.103100 0.103100 
46	(  -1.12      15.21       0.13     )	194.803715 -0.103100 0.103100 
47	(  -1.12     -11.79       0.13     )	170.201315 -0.103100 0.103100 
48	(  -1.12     -92.79       0.13     )	8844.394115 -0.103100 0.103100 
49	(  -1.12      16.21       1.13     )	223.714915 1.156900 -1.156900 
50	(  -1.12      -6.79       2.13     )	64.757315 4.416900 -4.416900 
51	(  -2.12      18.21       0.13     )	188.215027 -1.103100 1.103100 
52	(  -0.12     -11.79      -0.87     )	139.356403 1.636900 -1.636900 

BBE ( SOL ) BBO
53	(  -1.12       8.21       0.13     )	48.425315 -0.103100 0.103100 
54	(  -1.12      68.21       0.13     )	4483.097315 -0.103100 0.103100 
55	(  -1.12     -11.79      -0.87     )	170.201315 0.636900 -0.636900 
56	(  -1.12     -10.79       2.13     )	145.112515 4.416900 -4.416900 
57	(  -2.12      17.21       0.13     )	161.783827 -1.103100 1.103100 
58	(  -0.12      21.21       0.13     )	449.266003 0.896900 -0.896900 
59	(  -1.12      40.21      -0.87     )	1517.583715 0.636900 -0.636900 
60	(  -1.12     -41.79      -0.87     )	1852.865315 0.636900 -0.636900 
61	(  -1.12       6.21       0.13     )	24.602915 -0.103100 0.103100 
62	(  -1.12       0.21       0.13     )	1.135715 -0.103100 0.103100 
63	(  -1.12     -17.79       0.13     )	362.734115 -0.103100 0.103100 
64	(  -2.12     -85.79       1.13     )	8151.370227 0.156900 -0.156900 
65	(  -1.12      -4.79       2.13     )	36.579715 4.416900 -4.416900 
66	(  -2.12     -22.79       1.13     )	744.535827 0.156900 -0.156900 
67	(  -2.12     -99.79      -0.87     )	10875.333427 -0.363100 0.363100 
68	(  -2.12     100.21       0.13     )	9161.573427 -1.103100 1.103100 
69	(   0.88       6.21      -0.87     )	29.545891 2.636900 -2.636900 
70	(  -1.03     100.21      -0.17     )	9830.585240 -0.001100 0.001100 
71	(  -0.06      45.21      -1.07     )	2043.629837 2.084900 -2.084900 
72	(  -1.61      31.21       0.58     )	819.052321 -0.273600 0.273600 
73	(  -0.89      50.21      -0.08     )	2442.164561 0.116400 -0.116400 
74	(  -1.24      85.21      -0.67     )	7001.120698 0.208900 -0.208900 
75	(  -1.53      91.21       0.07     )	7897.780944 -0.525100 0.525100 
76	(  -0.96     102.21      -0.2      )	10259.378391 0.080000 -0.080000 
77	(  -0.76     400.21      -1.07     )	159706.086106 1.384900 -1.384900 
78	(  -1          0.21      -0.03     )	0.664100 0.000900 -0.000900 
79	(  -0.91     -299.79      -0.03     )	90371.278529 0.090900 -0.090900 
80	(  -1.05     -16.79      -0.03     )	320.183581 -0.049100 0.049100 
81	(  -1.09     -46.79      -0.03     )	2301.941761 -0.089100 0.089100 
82	(  -0.99      65.21      -0.03     )	4125.519655 0.010900 -0.010900 
83	(  -0.96     127.21      -0.03     )	15948.798391 0.040900 -0.040900 
84	(  -1.03      19.21      -0.03     )	329.431040 -0.029100 0.029100 
85	(  -0.98      91.21      -0.03     )	8145.029504 0.020900 -0.020900 
86	(  -1.02      37.21      -0.03     )	1308.280768 -0.019100 0.019100 
87	(  -0.99      73.21      -0.03     )	5217.198055 0.010900 -0.010900 
88	(  -1.01      46.21      -0.03     )	2042.167463 -0.009100 0.009100 
89	(  -1.04      32.21      -0.03     )	969.018903 -0.039100 0.039100 
90	(  -1         57.21      -0.03     )	3159.604100 0.000900 -0.000900 
91	(  -1.01      59.21      -0.03     )	3386.104863 -0.009100 0.009100 
92	(  -1.01      49.21      -0.03     )	2322.306863 -0.009100 0.009100 

BBE ( SOL ) BBO
93	(  -0.8      100.21      -0.03     )	9914.217300 0.200900 -0.200900 
94	(  -0.5       -9.79       0.97     )	100.824100 1.440900 -1.440900 
95	(  -1.28      71.21       0.97     )	4840.259511 0.660900 -0.660900 
96	(  -1         -1.79      -0.03     )	7.824100 0.000900 -0.000900 
97	(  -0.91     -299.79       0.39     )	90371.278529 0.242100 -0.242100 
98	(  -1.02      -3.79       0.15     )	23.373568 0.002500 -0.002500 
99	(  -1         69.21      -0.3      )	4652.644100 0.090000 -0.090000 
100	(  -1.02      14.21       0.04     )	173.479168 -0.018400 0.018400 
101	(  -1.02      13.21       0.47     )	148.139968 0.200900 -0.200900 
102	(  -1.05     -49.79       0.09     )	2590.088581 -0.041900 0.041900 
103	(  -1.2       12.21      -0.11     )	116.041300 -0.187900 0.187900 
104	(  -0.98      -0.79      -0.03     )	3.103104 0.020900 -0.020900 
105	(  -1.02      20.21       0.15     )	367.514368 0.002500 -0.002500 
106	(  -0.99       1.21       0.17     )	0.092455 0.038900 -0.038900 
107	(  -1.06     -19.79       0        )	437.421101 -0.060000 0.060000 
108	(  -1.1       13.21      -0.02     )	144.044100 -0.099600 0.099600 
109	(  -0.88      12.21      -0.08     )	130.808291 0.126400 -0.126400 
110	(  -1.0005    19.21       0.02     )	331.607692 -0.000100 0.000100 
111	(  -0.9803    15.21      -0.18     )	203.073556 0.052100 -0.052100 
112	(  -1.0101     1.21       0.07     )	0.076390 -0.005200 0.005200 
113	(  -0.9832     9.21       0        )	67.991619 0.016800 -0.016800 
114	(  -1.0136    16.21       0.12     )	230.552345 0.000800 -0.000800 
115	(  -1.0505    16.21      -0.01     )	228.246870 -0.050400 0.050400 
116	(  -0.9871    22.21      -0.08     )	450.991620 0.019300 -0.019300 
117	(  -1.002     76.21       0.17     )	5655.981914 0.026900 -0.026900 
118	(  -1.0279     1.21      -0.17     )	0.064662 0.001000 -0.001000 
119	(  -1.0094    25.21       0.1      )	585.250259 0.000600 -0.000600 
120	(  -1.0024     5.21      -0        )	17.723755 -0.002400 0.002400 
121	(  -1.0447     9.21       0        )	65.953505 -0.044700 0.044700 
122	(  -0.9505    11.21      -0.02     )	106.263012 0.049900 -0.049900 
123	(  -0.9937    16.21       0.12     )	231.766091 0.020700 -0.020700 
124	(  -1.0074    22.21      -0.08     )	449.274478 -0.001000 0.001000 
125	(  -1.0077    25.21      -0.0788   )	585.416109 -0.001491 0.001491 
126	(  -1.0157    40.21       0.19     )	1534.984014 0.020400 -0.020400 
127	(  -1.0039    10.21       0.025    )	84.720361 -0.003275 0.003275 
128	(  -1.0052    14.21       0.0067   )	174.268935 -0.005155 0.005155 
129	(  -1.0205    20.21       0.0361   )	367.475274 -0.019197 0.019197 
130	(  -1.006     21.21      -0.03     )	407.997990 -0.005100 0.005100 
131	(  -0.9771    22.21       0.014    )	451.825830 0.023096 -0.023096 
132	(  -1.001     19.21       0.0899   )	331.571268 0.007082 -0.007082 

BBE ( SOL ) BBO
133	(  -1.0083    18.21       0.24     )	295.650967 0.049300 -0.049300 
134	(  -1.0076    21.21       0        )	407.867919 -0.007600 0.007600 
135	(  -0.9982    17.21       0.037    )	262.920648 0.003169 -0.003169 
136	(  -0.9905    18.21       0.0046   )	296.874952 0.009521 -0.009521 
137	(  -0.9905    21.21       0.036    )	409.248411 0.010796 -0.010796 
138	(  -1.007     18.21       0.0075   )	295.741011 -0.006944 0.006944 
139	(  -0.999073  19.21       0.0049   )	331.711558 0.000951 -0.000951 
140	(  -1.007782  25.21       0.0463   )	585.408115 -0.005638 0.005638 
141	(  -1.000596  19.21       0.0393   )	331.600700 0.000948 -0.000948 
142	(  -1.007924  23.21       0.1013   )	492.617913 0.002338 -0.002338 
143	(  -1.001286  20.21       0.029    )	368.965278 -0.000445 0.000445 
144	(  -1.006861  24.21       0.06     )	538.105404 -0.003261 0.003261 
145	(  -1.002162  20.21       0.0445   )	368.897898 -0.000182 0.000182 
146	(  -0.993232  14.21      -0.0377   )	174.900423 0.008189 -0.008189 
147	(  -1.005358  22.21       0.0656   )	449.448640 -0.001055 0.001055 
148	(  -0.997624  18.21       0.021    )	296.387397 0.002817 -0.002817 
149	(  -1.0055    18.21       0.0264   )	295.844781 -0.004803 0.004803 
150	(  -0.99821   19.21       0.03     )	331.774308 0.002690 -0.002690 
151	(  -0.999189  19.21       0.0181   )	331.703119 0.001139 -0.001139 
152	(  -1.00013   19.95       0.019679 )	359.132644 0.000257 -0.000257 
153	(  -1.000575  19.37       0.027119 )	337.454661 0.000160 -0.000160 
154	(  -1.002028  19.24       0.0414   )	332.589591 -0.000314 0.000314 
155	(  -1.000605  19.77       0.025109 )	352.307489 0.000025 -0.000025 
156	(  -0.998958  18.69       0.003652 )	313.049756 0.001055 -0.001055 
157	(  -1.001361  19.83       0.034288 )	354.506382 -0.000185 0.000185 
158	(  -1.001258  19.27       0.02096  )	333.740964 -0.000819 0.000819 
159	(  -1.002605  19.61       0.028996 )	346.178063 -0.001764 0.001764 
160	(  -1.002527  20.27       0.020975 )	371.177999 -0.002087 0.002087 
161	(  -0.997289  19.41       0.026305 )	339.167388 0.003403 -0.003403 
162	(  -1.00092   21.45       0.040436 )	418.167250 0.000715 -0.000715 
163	(  -1.001176  19.21       0.034288 )	331.558442 -0.000000 0.000000 
164	(  -1.002889  17.21       0.061788 )	262.616656 0.000929 -0.000929 
165	(  -1.00092   21.77       0.040409 )	431.356471 0.000713 -0.000713 
166	(  -1.001965  21.77       0.044309 )	431.269582 -0.000002 0.000002 
167	(  -1.000523  17.21       0.022888 )	262.770202 0.000001 -0.000001 
168	(  -1.006045  27.77       0.101909 )	716.024034 0.004340 -0.004340 
169	(  -1.000827  17.21       0.028788 )	262.750491 0.000002 -0.000002 
170	(  -0.999827  11.21       0.012288 )	104.291158 0.000324 -0.000324 
171	(  -1.002876  17.21       0.061788 )	262.617500 0.000942 -0.000942 
172	(  -1.003976  17.21       0.062888 )	262.546006 -0.000021 0.000021 

BBE ( SOL ) BBO
173	(  -1.003827  20.21       0.061488 )	368.769683 -0.000046 0.000046 
174	(  -0.999676  14.21       0.012988 )	174.561205 0.000493 -0.000493 
175	(  -1.001376  20.21       0.036488 )	368.958358 -0.000045 0.000045 
176	(  -1.010827  15.21       0.043588 )	201.346270 -0.008927 0.008927 
177	(  -0.990827  15.21       0.033688 )	202.483069 0.010308 -0.010308 
178	(  -1.002927  16.21       0.008788 )	231.205912 -0.002850 0.002850 
179	(  -1.011176  18.21       0.024788 )	295.451398 -0.010562 0.010562 
180	(  -0.991176  20.21       0.043788 )	369.739101 0.010741 -0.010741 
181	(  -1.002027  17.21       0.028188 )	262.672634 -0.001232 0.001232 
182	(  -0.99978   11.21       0.012288 )	104.293075 0.000371 -0.000371 
183	(  -1.000932  19.21       0.030488 )	331.576221 -0.000003 0.000003 
184	(  -1.000895  15.21       0.029888 )	201.913244 -0.000002 0.000002 
185	(  -1.001095   9.21       0.033188 )	67.408169 0.000006 -0.000006 
186	(  -1.003576  21.21       0.059388 )	408.194694 -0.000049 0.000049 
187	(  -1.003095  19.21       0.055788 )	331.418474 0.000017 -0.000017 
188	(  -1.000876  17.21       0.029288 )	262.747313 -0.000018 0.000018 
189	(  -1.000876  17.21       0.028888 )	262.747313 -0.000041 0.000041 
190	(  -0.999295  13.21       0.027988 )	149.158494 0.001488 -0.001488 
191	(  -1.006095  15.21       0.049888 )	201.616998 -0.003606 0.003606 
192	(  -1.010895  15.21       0.019088 )	201.342372 -0.010531 0.010531 
193	(  -1.008076  19.21       0.014288 )	331.054055 -0.007872 0.007872 
194	(  -0.994276  19.21       0.054288 )	332.059745 0.008671 -0.008671 
195	(  -1.000795  15.21       0.029788 )	201.918929 0.000092 -0.000092 
196	(  -1.001099   9.21       0.033188 )	67.408038 0.000002 -0.000002 
197	(  -1.001699  -8.79       0.043088 )	95.950769 0.000158 -0.000158 
198	(  -1.004276  22.21       0.065488 )	449.540793 0.000013 -0.000013 
199	(  -1.003899   5.21       0.032988 )	17.698530 -0.002811 0.002811 
200	(  -1.000976  15.21       0.030388 )	201.908640 -0.000053 0.000053 
201	(  -1.000876  15.21       0.029988 )	201.914324 0.000023 -0.000023 
202	(  -0.998599   7.21       0.027888 )	38.638828 0.002179 -0.002179 
203	(  -1.000099   9.21       0.053188 )	67.440853 0.002730 -0.002730 
204	(  -0.991099  10.21       0.032388 )	85.190512 0.009950 -0.009950 
205	(  -1.011176  19.21       0.032488 )	330.826445 -0.010121 0.010121 
206	(  -0.991176  19.21       0.036088 )	332.283961 0.010126 -0.010126 
207	(  -1.013699  10.21       0.036988 )	84.357283 -0.012331 0.012331 
208	(  -1.001711  -8.79       0.043088 )	95.951240 0.000146 -0.000146 
209	(  -1.002708   8.21       0.028388 )	51.946033 -0.001902 0.001902 
210	(  -1.001178  18.21       0.034288 )	296.143011 -0.000002 0.000002 
211	(  -1.000902  17.21       0.029288 )	262.745627 -0.000044 0.000044 
212	(  -1.000846  17.21       0.028888 )	262.749259 -0.000011 0.000011 

BBE ( SOL ) BBO
213	(  -1.001647   8.21       0.034288 )	51.976638 -0.000471 0.000471 
214	(  -1.000873   9.21       0.043188 )	67.415456 0.000992 -0.000992 
215	(  -0.996099   9.21       0.032888 )	67.571864 0.004983 -0.004983 
216	(  -1.005589  19.21       0.024288 )	331.236209 -0.004999 0.004999 
217	(  -0.996763  19.21       0.044288 )	331.879414 0.005198 -0.005198 
218	(  -1.001146   9.21       0.033088 )	67.406495 -0.000051 0.000051 
219	(  -1.002889  17.53       0.061825 )	273.089753 0.000933 -0.000933 
220	(  -1.001418  10.15       0.043188 )	83.710629 0.000447 -0.000447 
221	(  -1.001319  18.75       0.036319 )	315.008852 0.000000 -0.000000 
222	(  -1.001748  17.75       0.042419 )	280.485364 0.000051 -0.000051 
223	(  -1.001502  18.75       0.038719 )	314.995847 -0.000003 0.000003 
224	(  -1.001266   7.21       0.039988 )	38.572690 0.000333 -0.000333 
225	(  -1.001117  21.75       0.032419 )	430.509790 -0.000066 0.000066 
226	(  -1.00095   16.75       0.030519 )	248.042663 -0.000019 0.000019 
227	(  -0.999831   8.21       0.039988 )	52.028967 0.001768 -0.001768 
228	(  -1.003099   9.21       0.042488 )	67.342334 -0.001294 0.001294 
229	(  -1.002563   8.21       0.025288 )	51.950217 -0.001924 0.001924 
230	(  -1.003151  18.75       0.046319 )	314.878596 -0.001006 0.001006 
231	(  -0.999487  18.75       0.026319 )	315.138898 0.001206 -0.001206 
232	(  -1.001077   9.21       0.033088 )	67.408759 0.000018 -0.000018 
233	(  -1.001748  17.37       0.042412 )	267.902423 0.000051 -0.000051 
234	(  -1.001267  17.82       0.035557 )	282.867159 -0.000003 0.000003 
235	(  -1.00079    9.8        0.025664 )	77.452213 -0.000131 0.000131 
236	(  -1.001117  21.57       0.032442 )	423.072994 -0.000064 0.000064 
237	(  -1.00095   16.8        0.030527 )	249.619973 -0.000018 0.000018 
238	(  -1.001243   9.71       0.03345  )	75.860823 -0.000124 0.000124 
239	(  -1.002099   9.14       0.033415 )	66.231286 -0.000982 0.000982 
240	(  -1.001047   9.19       0.038188 )	67.081829 0.000411 -0.000411 
241	(  -1.002319  18.52       0.034692 )	306.827814 -0.001115 0.001115 
242	(  -1.000319  18.98       0.037946 )	323.297470 0.001121 -0.001121 
243	(  -1.000767   9.23       0.03306  )	67.747674 0.000326 -0.000326 
244	(  -1.001748  17.37       0.042412 )	267.902436 0.000051 -0.000051 
245	(  -1.001064   9.22       0.03306  )	67.573430 0.000029 -0.000029 
246	(  -1.001387  18.78       0.036197 )	316.069759 -0.000077 0.000077 
247	(  -1.001185  19.57       0.033542 )	344.796881 -0.000060 0.000060 
248	(  -1.000916  17.8        0.029977 )	282.218424 -0.000018 0.000018 
249	(  -1.000896   9.09       0.031188 )	65.459137 0.000077 -0.000077 
250	(  -1.000795   9.41       0.03245  )	70.741383 0.000258 -0.000258 
251	(  -1.000599   9.14       0.034461 )	66.280116 0.000589 -0.000589 
252	(  -1.001487  18.79       0.034319 )	316.418243 -0.000310 0.000310 

BBE ( SOL ) BBO
253	(  -1.00115   18.71       0.038319 )	313.602606 0.000318 -0.000318 
254	(  -1.00132    9.21       0.034524 )	67.400778 -0.000128 0.000128 
255	(  -1.001195  18.73       0.034645 )	314.308120 0.000005 -0.000005 
256	(  -1.001032   9.09       0.032328 )	65.454718 0.000013 -0.000013 
257	(  -1.000947  18.7        0.031211 )	313.262988 0.000027 -0.000027 
258	(  -1.001363  18.74       0.036842 )	314.650866 -0.000006 0.000006 
259	(  -1.001126   9.11       0.03341  )	65.775589 -0.000010 0.000010 
260	(  -1.001203   9.19       0.032188 )	67.076725 -0.000167 0.000167 
261	(  -1.000899   9.19       0.032705 )	67.086675 0.000171 -0.000171 
262	(  -1.001474  18.68       0.037319 )	312.518135 -0.000081 0.000081 
263	(  -1.001164  18.82       0.035319 )	317.509455 0.000084 -0.000084 
264	(  -1.001075   9.3        0.033002 )	68.894332 0.000014 -0.000014 
265	(  -1.001114   9.11       0.03341  )	65.775978 0.000002 -0.000002 
266	(  -1.001161   8.81       0.034076 )	60.999871 0.000000 -0.000000 
267	(  -1.001299   7.91       0.036074 )	47.752219 0.000002 -0.000002 
268	(  -1.001715   5.21       0.042068 )	17.735268 0.000054 -0.000054 
269	(  -1.0013     7.91       0.036074 )	47.752212 0.000002 -0.000002 
270	(  -1.001717   4.91       0.042074 )	15.301309 0.000054 -0.000054 
271	(  -1.0013     7.81       0.036076 )	46.380733 0.000002 -0.000002 
272	(  -1.001717   4.81       0.042076 )	14.529996 0.000054 -0.000054 
273	(  -1.001229   4.81       0.035076 )	14.537419 0.000002 -0.000002 
274	(  -1.001429  -7.19       0.038076 )	67.163002 0.000021 -0.000021 
275	(  -1.001261   7.81       0.036076 )	46.381794 0.000041 -0.000041 
276	(  -1.004929  13.81       0.069976 )	163.883227 -0.000032 0.000032 
277	(  -1.001361   0.81       0.037476 )	0.077197 0.000044 -0.000044 
278	(  -1.001961  13.81       0.046876 )	164.035630 0.000237 -0.000237 
279	(  -1.000861  16.81       0.028876 )	249.941685 -0.000027 0.000027 
280	(  -1.005929   1.81      -0.014924 )	0.677213 -0.005706 0.005706 
281	(  -0.997129  -0.19       0.056576 )	1.442370 0.006072 -0.006072 
282	(  -1.011229   3.81       0.063676 )	7.810142 -0.007174 0.007174 
283	(  -1.011161  10.81       0.053576 )	95.836663 -0.008290 0.008290 
284	(  -0.991161   6.81       0.014576 )	34.000575 0.009052 -0.009052 
285	(  -1.003329   9.81       0.009976 )	77.538780 -0.003229 0.003229 
286	(  -1.001433  -7.19       0.038076 )	67.163134 0.000017 -0.000017 
287	(  -1.004896   7.81       0.069976 )	46.282708 0.000001 -0.000001 
288	(  -1.00104   10.81       0.032276 )	96.235328 0.000002 -0.000002 
289	(  -0.997542  23.81      -0.000224 )	520.560048 0.002458 -0.002458 
290	(  -1.003057  11.81       0.052476 )	116.763887 -0.000303 0.000303 
291	(  -1.001227   5.81       0.069076 )	23.152539 0.003545 -0.003545 
292	(  -1.009896   6.81       0.072876 )	33.565779 -0.004585 0.004585 

BBE ( SOL ) BBO
293	(  -1.005471   7.81       0.049976 )	46.267011 -0.002973 0.002973 
294	(  -1.006161   8.81       0.036076 )	60.843447 -0.004859 0.004859 
295	(  -0.996161   8.81       0.032076 )	61.155716 0.004868 -0.004868 
296	(  -1.004926   7.81       0.084476 )	46.281889 0.002211 -0.002211 
297	(  -1.015897  16.81       0.174676 )	248.984469 0.014615 -0.014615 
298	(  -1.004332   5.81       0.065776 )	23.092827 -0.000005 0.000005 
299	(  -1.000931  11.81       0.030476 )	116.855880 -0.000002 0.000002 
300	(  -1.005854   5.81       0.072976 )	23.063518 -0.000528 0.000528 
301	(  -1.006111   7.81       0.089976 )	46.249532 0.001985 -0.001985 
302	(  -1.009896   7.81       0.064576 )	46.146000 -0.005726 0.005726 
303	(  -1.002112   7.81       0.014076 )	46.358620 -0.001914 0.001914 
304	(  -1.00021    9.81       0.054076 )	77.648719 0.002715 -0.002715 
305	(  -1.004824   7.81       0.069776 )	46.284673 0.000045 -0.000045 
306	(  -1.004839   5.81       0.075076 )	23.083067 0.000798 -0.000798 
307	(  -1.002146   6.81       0.046276 )	33.746285 -0.000004 0.000004 
308	(  -1.003557   6.81       0.056676 )	33.713489 -0.000345 0.000345 
309	(  -1.001864   7.81       0.041276 )	46.365375 -0.000160 0.000160 
310	(  -1.004551   6.81       0.079976 )	33.690367 0.001845 -0.001845 
311	(  -1.006896   6.81       0.066276 )	33.635760 -0.002503 0.002503 
312	(  -1.001607   7.81       0.041176 )	46.372374 0.000089 -0.000089 
313	(  -1.006896   8.81       0.079076 )	60.820404 -0.000643 0.000643 
314	(  -1.000715   9.81       0.026976 )	77.630937 0.000013 -0.000013 
315	(  -1.004605   7.81       0.070276 )	46.290649 0.000334 -0.000334 
316	(  -1.006052   7.63       0.078999 )	43.836314 0.000189 -0.000189 
317	(  -1.000819   9.6        0.028623 )	73.971862 0.000001 -0.000001 
318	(  -1.003355  12.67       0.053374 )	136.072221 -0.000506 0.000506 
319	(  -1.001761   6.78       0.039651 )	33.407740 -0.000188 0.000188 
320	(  -1.004782   7.31       0.068843 )	39.735405 -0.000042 0.000042 
321	(  -1.005896   7.67       0.073595 )	44.371516 -0.000479 0.000479 
322	(  -1.004133   7.74       0.074976 )	45.356187 0.001489 -0.001489 
323	(  -1.000649   8.8        0.029076 )	60.859782 0.000197 -0.000197 
324	(  -1.001673   8.82       0.039076 )	61.140113 -0.000146 0.000146 
325	(  -1.004219   7.94       0.067444 )	48.086483 0.000330 -0.000330 
326	(  -1.005042   7.8        0.071606 )	46.142816 0.000085 -0.000085 
327	(  -1.001064   8.81       0.032561 )	61.002899 -0.000003 0.000003 
328	(  -1.000886   9.57       0.029776 )	73.454541 0.000000 -0.000000 
329	(  -1.001196   8.33       0.0345   )	53.733856 -0.000006 0.000006 
330	(  -1.005396   7.76       0.071735 )	45.591641 -0.000250 0.000250 
331	(  -1.004783   8.01       0.071088 )	49.045956 0.000271 -0.000271 
332	(  -1.004396   7.66       0.071809 )	44.278496 0.000761 -0.000761 

BBE ( SOL ) BBO
333	(  -1.001661   8.84       0.034691 )	61.453556 -0.000457 0.000457 
334	(  -1.000661   8.78       0.033461 )	60.547861 0.000459 -0.000459 
335	(  -1.004981   7.84       0.069619 )	46.689269 -0.000135 0.000135 
336	(  -1.004891   7.86       0.069949 )	46.965360 0.000002 -0.000002 
337	(  -1.001197   8.91       0.0346   )	62.570262 0.000000 -0.000000 
338	(  -1.001344   8.59       0.037012 )	57.607332 0.000026 -0.000026 
339	(  -1.00095    9.35       0.03072  )	69.730797 -0.000006 0.000006 
340	(  -1.004927   7.71       0.069347 )	44.931816 -0.000118 0.000118 
341	(  -1.004696   7.83       0.069367 )	46.560590 0.000116 -0.000116 
342	(  -1.00474    7.73       0.070976 )	45.205273 0.000297 -0.000297 
343	(  -1.001361   8.78       0.033965 )	60.526089 -0.000207 0.000207 
344	(  -1.000961   8.84       0.034187 )	61.475501 0.000208 -0.000208 
345	(  -1.004969   7.85       0.06953  )	46.826321 -0.000134 0.000134 
346	(  -1.004964   7.71       0.070636 )	44.930837 0.000026 -0.000026 
347	(  -1.00112    8.7879     0.034012 )	60.656535 0.000037 -0.000037 
348	(  -1.001216   8.6767     0.034869 )	58.934426 0.000000 -0.000000 
349	(  -1.001274   8.41       0.03571  )	54.910373 0.000001 -0.000001 
350	(  -1.001381   8.2767     0.037249 )	52.950214 0.000007 -0.000007 
351	(  -1.005021   7.71       0.070858 )	44.929300 -0.000000 0.000000 
352	(  -1.005397   7.41       0.073504 )	40.989680 0.000006 -0.000006 
353	(  -1.005094   7.31       0.071366 )	39.727501 -0.000001 0.000001 
354	(  -1.005314   6.11       0.07289  )	26.043514 -0.000001 0.000001 
355	(  -1.005974   2.11       0.07749  )	1.245878 0.000030 -0.000030 
356	(  -1.005397   7.71       0.073458 )	44.919186 -0.000001 0.000001 
357	(  -1.006738   5.71       0.082058 )	22.097181 -0.000004 0.000004 
358	(  -1.004924   6.11       0.07019  )	26.051494 0.000002 -0.000002 
359	(  -1.003735   7.71       0.058558 )	44.963871 -0.000306 0.000306 
360	(  -1.001831   8.71       0.040558 )	59.427667 -0.000186 0.000186 
361	(  -1.005305   5.11       0.07289  )	16.844975 0.000008 -0.000008 
362	(  -1.005757   6.11       0.08289  )	26.034446 0.001113 -0.001113 
363	(  -1.007314   6.11       0.07069  )	26.002558 -0.002317 0.002317 
364	(  -1.003951   6.71       0.080858 )	32.553902 0.002587 -0.002587 
365	(  -1.006091   8.71       0.060858 )	59.296074 -0.002387 0.002387 
366	(  -1.005293   6.11       0.07279  )	26.043944 0.000005 -0.000005 
367	(  -1.005974   2.51       0.077462 )	2.284290 0.000026 -0.000026 
368	(  -1.006533   6.97       0.080831 )	35.524816 0.000001 -0.000001 
369	(  -1.005698   6.16       0.075489 )	26.548011 0.000000 -0.000000 
370	(  -1.005974   2.51       0.07749  )	2.284290 0.000030 -0.000030 
371	(  -1.00685    6.31       0.083289 )	28.090565 0.000087 -0.000087 
372	(  -1.006835   5.89       0.082689 )	23.818407 0.000002 -0.000002 

BBE ( SOL ) BBO
373	(  -1.003709   5.11       0.06089  )	16.871210 -0.000002 0.000002 
374	(  -1.006796   6.22       0.086689 )	27.146470 0.000719 -0.000719 
375	(  -1.002569   8.16       0.047289 )	51.232050 -0.000333 0.000333 
376	(  -1.006327   5.61       0.07009  )	21.175470 -0.001415 0.001415 
377	(  -1.003698   5.71       0.077789 )	22.154498 0.002353 -0.002353 
378	(  -1.004222   5.83       0.08289  )	23.287394 0.002648 -0.002648 
379	(  -1.007314   6.26       0.08009  )	27.553653 -0.000900 0.000900 
380	(  -1.007698   6.61       0.073189 )	31.339233 -0.002342 0.002342 
381	(  -1.005273   6.11       0.07269  )	26.044353 0.000011 -0.000011 
382	(  -1.00685    6.31       0.083286 )	28.090565 0.000086 -0.000086 
383	(  -1.006936   6.29       0.083277 )	27.877291 -0.000001 0.000001 
384	(  -1.005591   5.96       0.074775 )	24.530708 0.000000 -0.000000 
385	(  -1.006422   5.51       0.080475 )	20.264293 0.000054 -0.000054 
386	(  -1.006684   6.42       0.081775 )	29.271448 0.000003 -0.000003 
387	(  -1.005635   6.58       0.07509  )	31.050620 0.000003 -0.000003 
388	(  -1.009658   4.54       0.112575 )	12.434942 0.003015 -0.003015 
389	(  -1.003326   7.64       0.054275 )	44.041285 -0.000381 0.000381 
390	(  -1.005738   5.46       0.071075 )	19.829298 -0.000687 0.000687 
391	(  -1.007314   5.9        0.07909  )	23.906624 -0.001059 0.001059 
392	(  -1.007591   5.92       0.078775 )	24.096973 -0.001386 0.001386 
393	(  -1.006457   6.16       0.064775 )	26.532318 -0.002261 0.002261 
394	(  -1.003314   6.32       0.06669  )	28.271932 0.001133 -0.001133 
395	(  -1.005307   5.95       0.075475 )	24.437463 0.000389 -0.000389 
396	(  -1.006422   5.51       0.08043  )	20.264293 0.000047 -0.000047 
397	(  -1.005575   5.9        0.074669 )	23.940768 0.000000 -0.000000 
398	(  -1.006358   5.27       0.079969 )	18.164373 0.000037 -0.000037 
399	(  -1.006304   5.11       0.079369 )	16.828543 -0.000005 0.000005 
400	(  -1.006179   5.11       0.07859  )	16.830600 -0.000003 0.000003 
401	(  -1.006222   4.3        0.079069 )	10.848015 0.000030 -0.000030 
402	(  -1.005321   6.86       0.072869 )	34.254864 -0.000011 0.000011 
403	(  -1.00557    5.4        0.074769 )	19.302038 0.000020 -0.000020 
404	(  -1.007575   5.9        0.079769 )	23.901497 -0.001212 0.001212 
405	(  -1.006587   5.89       0.064669 )	23.823267 -0.002405 0.002405 
406	(  -1.006332   6.09       0.06289  )	25.819182 -0.002377 0.002377 
407	(  -1.004296   6.13       0.08289  )	26.268797 0.002574 -0.002574 
408	(  -1.004131   5.91       0.080269 )	24.067028 0.002312 -0.002312 
409	(  -1.006358   5.27       0.080006 )	18.164373 0.000043 -0.000043 
410	(  -1.00542    5.71       0.073622 )	22.122040 -0.000000 0.000000 
411	(  -1.005738   4.51       0.075822 )	12.279666 0.000011 -0.000011 
412	(  -1.005689   5.11       0.07539  )	16.838660 -0.000006 0.000006 

BBE ( SOL ) BBO
413	(  -1.007495   6.41       0.086622 )	29.145821 0.000008 -0.000008 
414	(  -1.005359   5.55       0.073222 )	20.645030 0.000002 -0.000002 
415	(  -1.005613   6.01       0.074922 )	25.027646 0.000000 -0.000000 
416	(  -1.00742    5.63       0.075422 )	21.339486 -0.001732 0.001732 
417	(  -1.005724   5.63       0.063622 )	21.370944 -0.001677 0.001677 
418	(  -1.006976   6.02       0.08289  )	25.100303 -0.000106 0.000106 
419	(  -1.003652   6.2        0.06289  )	27.004094 0.000303 -0.000303 
420	(  -1.005773   6.21       0.072322 )	27.063803 -0.000543 0.000543 
421	(  -1.003336   5.28       0.073422 )	18.301366 0.002055 -0.002055 
422	(  -1.005738   4.51       0.075818 )	12.279666 0.000010 -0.000010 
423	(  -1.005391   5.4        0.073423 )	19.305190 -0.000000 0.000000 
424	(  -1.005304   4.47       0.072823 )	12.007407 -0.000001 0.000001 
425	(  -1.005304   4.4        0.072823 )	11.527996 -0.000001 0.000001 
426	(  -1.005043   1.4        0.071023 )	0.192215 0.000001 -0.000001 
427	(  -1.005291   4.4        0.072823 )	11.528173 0.000012 -0.000012 
428	(  -1.004243  -7.6        0.065623 )	74.146521 0.000063 -0.000063 
429	(  -1.003743   3.4        0.061223 )	5.764203 0.000005 -0.000005 
430	(  -1.010591  13.4        0.102823 )	153.272769 -0.000019 0.000019 
431	(  -1.005291   5.4        0.073023 )	19.306952 0.000041 -0.000041 
432	(  -1.005491   5.4        0.074323 )	19.303429 0.000033 -0.000033 
433	(  -1.009343  -1.6        0.121023 )	6.898351 0.005303 -0.005303 
434	(  -1.011443   6.4        0.089823 )	28.952400 -0.003375 0.003375 
435	(  -1.012691   0.4        0.074623 )	0.431814 -0.007123 0.007123 
436	(  -1.015043  -0.6        0.037223 )	2.698524 -0.013658 0.013658 
437	(  -0.998091  10.4        0.072223 )	88.471637 0.007125 -0.007125 
438	(  -0.997143  -1.6        0.066523 )	6.770251 0.007282 -0.007282 
439	(  -1.00426   -7.6        0.065623 )	74.147109 0.000046 -0.000046 
440	(  -1.005783   2.4        0.076023 )	1.967886 -0.000004 0.000004 
441	(  -1.005659   5.4        0.075223 )	19.300470 -0.000001 0.000001 
442	(  -1.005333   5.4        0.073023 )	19.306212 -0.000001 0.000001 
443	(  -1.005527   5.4        0.074323 )	19.302795 -0.000003 0.000003 
444	(  -1.010043   1.4        0.058723 )	0.184660 -0.006595 0.006595 
445	(  -1.008212   0.4        0.091023 )	0.420392 0.000073 -0.000073 
446	(  -1.003531  -0.6        0.060323 )	2.622832 0.000108 -0.000108 
447	(  -1.006143   5.4        0.093423 )	19.291944 0.002585 -0.002585 
448	(  -1.004639   5.4        0.053423 )	19.318431 -0.001785 0.001785 
449	(  -1.003308   2.4        0.062523 )	1.981619 0.000601 -0.000601 
450	(  -1.006165   4.4        0.078523 )	11.516294 0.000001 -0.000001 
451	(  -1.004458   1.4        0.072323 )	0.193109 0.000772 -0.000772 
452	(  -1.007043   1.4        0.073923 )	0.189173 -0.001579 0.001579 

BBE ( SOL ) BBO
453	(  -1.004462   1.4        0.081023 )	0.193103 0.002102 -0.002102 
454	(  -1.005592   2.4        0.072023 )	1.968945 -0.000405 0.000405 
455	(  -1.005963   5.4        0.083423 )	19.295115 0.000996 -0.000996 
456	(  -1.004819   5.4        0.063423 )	19.315263 -0.000797 0.000797 
457	(  -1.004798   1.4        0.070223 )	0.192589 0.000133 -0.000133 
458	(  -1.005304   4.47       0.072826 )	12.007407 -0.000001 0.000001 
459	(  -1.006024   4.4        0.077616 )	11.518210 -0.000000 0.000000 
460	(  -1.007923   1.4        0.090216 )	0.187843 0.000216 -0.000216 
461	(  -1.006705   2.4        0.081916 )	1.962774 0.000005 -0.000005 
462	(  -1.005742   1.4        0.075823 )	0.191149 0.000007 -0.000007 
463	(  -1.005648   4.4        0.075116 )	11.523321 -0.000006 0.000006 
464	(  -1.005593   5.4        0.074816 )	19.301633 0.000004 -0.000004 
465	(  -1.004777   0.4        0.068823 )	0.411776 -0.000041 0.000041 
466	(  -1.007043   1.4        0.068523 )	0.189173 -0.002348 0.002348 
467	(  -1.005502   1.4        0.081023 )	0.191514 0.001062 -0.001062 
468	(  -1.006341   4.4        0.067616 )	11.513901 -0.001769 0.001769 
469	(  -1.005707   4.4        0.087616 )	11.522519 0.001969 -0.001969 
470	(  -1.005284   2.4        0.073123 )	1.970654 0.000063 -0.000063 
471	(  -1.007923   1.4        0.090195 )	0.187843 0.000212 -0.000212 
472	(  -1.005161   1.14       0.071841 )	0.057016 -0.000000 0.000000 
473	(  -1.005515   0.14       0.074341 )	0.798968 0.000011 -0.000011 
474	(  -1.005852   1.14       0.076541 )	0.056685 0.000006 -0.000006 
475	(  -1.005691   1.4        0.075423 )	0.191226 -0.000003 0.000003 
476	(  -1.005631   1.14       0.074941 )	0.056791 -0.000015 0.000015 
477	(  -1.005473   5.14       0.073941 )	17.089054 -0.000006 0.000006 
478	(  -1.006242   0.14       0.075741 )	0.801547 -0.000506 0.000506 
479	(  -1.007161   1.14       0.065941 )	0.056069 -0.002813 0.002813 
480	(  -1.004352   0.14       0.061841 )	0.794855 -0.000528 0.000528 
481	(  -1.004585   0.4        0.061023 )	0.411298 -0.000861 0.000861 
482	(  -1.005501   2.4        0.081023 )	1.969450 0.001063 -0.001063 
483	(  -1.003288   1.14       0.077641 )	0.057931 0.002740 -0.002740 
484	(  -1.005515   0.36       0.074295 )	0.464101 0.000004 -0.000004 
485	(  -1.005885   1.13       0.076716 )	0.054206 0.000000 -0.000000 
486	(  -1.008057   1.1        0.091316 )	0.047349 0.000281 -0.000281 
487	(  -1.006023   1.01       0.077616 )	0.040246 0.000001 -0.000001 
488	(  -1.006437   1.01       0.080316 )	0.040266 0.000013 -0.000013 
489	(  -1.008057   1.13       0.091316 )	0.053278 0.000281 -0.000281 
490	(  -1.005783   2.13       0.076016 )	1.291050 -0.000005 0.000005 
491	(  -1.005739   1.01       0.075716 )	0.040232 -0.000006 0.000006 
492	(  -1.005989  -0.87       0.077316 )	3.582218 -0.000012 0.000012 

BBE ( SOL ) BBO
493	(  -1.005541   4.13       0.074416 )	9.767676 -0.000004 0.000004 
494	(  -1.006497   1.13       0.066716 )	0.053941 -0.002046 0.002046 
495	(  -1.006821   2.13       0.082416 )	1.286423 -0.000029 0.000029 
496	(  -1.007885   0.13       0.077616 )	0.825016 -0.001861 0.001861 
497	(  -1.007033   0.01       0.076516 )	1.048531 -0.001179 0.001179 
498	(  -1.005013   2.01       0.078716 )	1.040097 0.001183 -0.001183 
499	(  -1.0055     1.13       0.077116 )	0.054374 0.000447 -0.000447 
500	(  -1.008057   1.1        0.091341 )	0.047349 0.000286 -0.000286 
501	(  -1.006437   0.65       0.080316 )	0.171966 0.000013 -0.000013 
502	(  -1.006441   0.45       0.080265 )	0.357142 0.000001 -0.000001 
503	(  -1.006785   0.31       0.08238  )	0.535348 0.000001 -0.000001 
504	(  -1.005357   3.44       0.073166 )	5.941503 -0.000004 0.000004 
505	(  -1.005857   1.62       0.076504 )	0.410204 -0.000004 0.000004 
506	(  -1.006714   1.07       0.082616 )	0.043464 0.000111 -0.000111 
507	(  -1.005332   0.95       0.072616 )	0.043897 -0.000059 0.000059 
508	(  -1.004885   0.93       0.079463 )	0.046563 0.001429 -0.001429 
509	(  -1.005501   0.93       0.071716 )	0.046787 -0.000358 0.000358 
510	(  -1.006405   0.63       0.077746 )	0.186832 -0.000361 0.000361 
511	(  -1.005894   1.14       0.076731 )	0.056665 -0.000007 0.000007 
512	(  -1.005819   1.01       0.076276 )	0.040236 -0.000001 0.000001 
513	(  -1.005205   1.01       0.072256 )	0.040209 0.000016 -0.000016 
514	(  -1.004778   0.71       0.06912  )	0.129938 -0.000000 0.000000 
515	(  -1.006824   1.37       0.082616 )	0.167227 0.000001 -0.000001 
516	(  -1.004731   0.98       0.068842 )	0.041059 0.000008 -0.000008 
517	(  -1.005546   1          0.074418 )	0.040346 -0.000008 0.000008 
518	(  -1.006885   1.1        0.0816   )	0.047703 -0.000227 0.000227 
519	(  -1.006005   0.93       0.075275 )	0.046972 -0.000339 0.000339 
520	(  -1.006161   1.02       0.081276 )	0.040305 0.000445 -0.000445 
521	(  -1.005477   1          0.071276 )	0.040340 -0.000396 0.000396 
522	(  -1.006885   1.21       0.071924 )	0.078763 -0.001712 0.001712 
523	(  -1.005641   1.13       0.076862 )	0.054312 0.000266 -0.000266 
524	(  -1.005205   1.01       0.072256 )	0.040209 0.000016 -0.000016 
525	(  -1.005548   1          0.0745   )	0.040346 0.000002 -0.000002 
526	(  -1.006434   0.99       0.080223 )	0.040783 0.000002 -0.000002 
527	(  -1.004731   0.98       0.068842 )	0.041059 0.000008 -0.000008 
528	(  -1.005547   1          0.074418 )	0.040346 -0.000009 0.000009 
529	(  -1.005826   1.03       0.077174 )	0.040569 0.000130 -0.000130 
530	(  -1.006385   1.11       0.076318 )	0.049701 -0.000561 0.000561 
531	(  -1.005769   1.11       0.074716 )	0.049919 -0.000187 0.000187 
532	(  -1.005779   0.91       0.077308 )	0.050552 0.000197 -0.000197 

BBE ( SOL ) BBO
533	(  -1.005858   1.11       0.075244 )	0.049888 -0.000197 0.000197 
534	(  -1.005885   1.13       0.076794 )	0.054206 0.000012 -0.000012 
535	(  -1.005743   1.0407     0.07577  )	0.041082 -0.000002 0.000002 
536	(  -1.005792   1.0124     0.076115 )	0.040233 0.000001 -0.000001 
537	(  -1.005714   1.0196     0.075632 )	0.040295 0.000007 -0.000007 
538	(  -1.005696   1.03       0.075478 )	0.040573 0.000001 -0.000001 
539	(  -1.00612    1.0804     0.078257 )	0.044886 0.000004 -0.000004 
540	(  -1.005407   1.1783     0.073505 )	0.068258 -0.000004 0.000004 
541	(  -1.005716   1.0521     0.075583 )	0.041880 -0.000003 0.000003 
542	(  -1.005425   1.0856     0.074716 )	0.045800 0.000158 -0.000158 
543	(  -1.006223   1.08       0.077247 )	0.044808 -0.000256 0.000256 
544	(  -1.005292   0.9928     0.077551 )	0.040529 0.000722 -0.000722 
545	(  -1.006292   1.032      0.074679 )	0.040628 -0.000715 0.000715 
546	(  -1.005479   1.1158     0.078716 )	0.051205 0.000717 -0.000717 
547	(  -1.006043   1.1423     0.076245 )	0.057188 -0.000230 0.000230 
548	(  -1.005845   1.0117     0.076457 )	0.040234 0.000000 -0.000000 
549	(  -1.006004   1.0096     0.077483 )	0.040247 -0.000001 0.000001 
550	(  -1.005788   1.004      0.076078 )	0.040290 0.000000 -0.000000 
551	(  -1.005748   1.0381     0.075824 )	0.040936 0.000001 -0.000001 
552	(  -1.006518   0.9571     0.080993 )	0.043395 0.000042 -0.000042 
553	(  -1.0055     1.0943     0.074129 )	0.047154 -0.000005 0.000005 
554	(  -1.005345   1.0072     0.075251 )	0.040226 0.000317 -0.000317 
555	(  -1.005604   1.0317     0.07731  )	0.040643 0.000373 -0.000373 
556	(  -1.005617   0.9988     0.078457 )	0.040380 0.000539 -0.000539 
557	(  -1.005914   0.9924     0.074159 )	0.040616 -0.000414 0.000414 
558	(  -1.005671   1.0324     0.078071 )	0.040669 0.000424 -0.000424 
559	(  -1.005943   1.0125     0.076652 )	0.040238 -0.000067 0.000067 
560	(  -1.00568    1.0118     0.075364 )	0.040228 -0.000001 0.000001 
561	(  -1.005345   1.01       0.073111 )	0.040215 0.000001 -0.000001 
562	(  -1.006004   1.0096     0.077483 )	0.040247 -0.000001 0.000001 
563	(  -1.004338   1.0046     0.066352 )	0.040190 0.000065 -0.000065 
564	(  -1.004775   0.9828     0.0691   )	0.040908 0.000000 -0.000000 
565	(  -1.004742   1.0274     0.068856 )	0.040510 -0.000001 0.000001 
566	(  -1.005053   0.869      0.071041 )	0.060121 -0.000007 0.000007 
567	(  -1.005677   1.0648     0.075297 )	0.043080 -0.000008 0.000008 
568	(  -1.005065   1.0259     0.071457 )	0.040451 0.000041 -0.000041 
569	(  -1.005239   1.0266     0.081457 )	0.040469 0.001396 -0.001396 
570	(  -1.004845   0.9926     0.076982 )	0.040487 0.001081 -0.001081 
571	(  -1.005223   0.99       0.070757 )	0.040628 -0.000216 0.000216 
572	(  -1.005467   1.03       0.075465 )	0.040581 0.000228 -0.000228 

BBE ( SOL ) BBO
573	(  -1.005869   1.0116     0.076452 )	0.040235 -0.000025 0.000025 
574	(  -1.004337   1.0046     0.066352 )	0.040190 0.000065 -0.000065 
575	(  -1.005602   1.0286     0.074842 )	0.040526 -0.000000 0.000000 
576	(  -1.005407   1.0108     0.073534 )	0.040217 -0.000000 0.000000 
577	(  -1.005595   1.0132     0.074803 )	0.040228 0.000000 -0.000000 
578	(  -1.004406   1.003      0.066374 )	0.040210 -0.000000 0.000000 
579	(  -1.004338   1.0046     0.066311 )	0.040190 0.000059 -0.000059 
580	(  -1.001589   0.982      0.046174 )	0.040512 0.000543 -0.000543 
581	(  -1.00441    0.9826     0.066374 )	0.040865 -0.000004 0.000004 
582	(  -1.004431   1.038      0.066511 )	0.041025 -0.000007 0.000007 
583	(  -1.004427   1.0063     0.066674 )	0.040184 0.000019 -0.000019 
584	(  -1.005491   1.0104     0.073974 )	0.040220 -0.000019 0.000019 
585	(  -1.002406   1.0051     0.066974 )	0.040096 0.002080 -0.002080 
586	(  -1.004693   1.0041     0.063111 )	0.040216 -0.000710 0.000710 
587	(  -1.005997   1.0159     0.083111 )	0.040255 0.000911 -0.000911 
588	(  -1.004542   1.023      0.060174 )	0.040375 -0.000921 0.000921 
589	(  -1.004163   0.9908     0.056374 )	0.040474 -0.000985 0.000985 
590	(  -1.004427   1.0029     0.066574 )	0.040213 0.000005 -0.000005 
591	(  -1.001589   0.982      0.046163 )	0.040512 0.000542 -0.000542 
592	(  -1.005361   1.0108     0.073219 )	0.040215 0.000000 -0.000000 
593	(  -1.005759   1.0148     0.075883 )	0.040241 -0.000000 0.000000 
594	(  -1.004521   1.0032     0.067282 )	0.040215 0.000006 -0.000006 
595	(  -1.005327   1.0107     0.072923 )	0.040213 -0.000009 0.000009 
596	(  -1.003406   1.0017     0.062606 )	0.040163 0.000514 -0.000514 
597	(  -1.004514   1.013      0.064808 )	0.040196 -0.000314 0.000314 
598	(  -1.005211   0.999      0.061374 )	0.040340 -0.001444 0.001444 
599	(  -1.004345   1.011      0.077755 )	0.040179 0.001701 -0.001701 
600	(  -1.006345   1.009      0.068467 )	0.040268 -0.001657 0.001657 
601	(  -1.004833   0.9993     0.069061 )	0.040301 -0.000063 0.000063 
602	(  -1.00555    1.011195   0.074497 )	0.040222 -0.000000 0.000000 
603	(  -1.004141   1.008327   0.063653 )	0.040166 -0.000089 0.000089 
604	(  -1.004566   1.005205   0.067588 )	0.040198 0.000002 -0.000002 
605	(  -1.005304   1.009698   0.07277  )	0.040213 -0.000008 0.000008 
606	(  -1.004428   1.008      0.066613 )	0.040178 0.000009 -0.000009 
607	(  -1.003958   1.003802   0.064374 )	0.040176 0.000186 -0.000186 
608	(  -1.003906   1.002698   0.068144 )	0.040183 0.000738 -0.000738 
609	(  -1.00519    1.015      0.073869 )	0.040229 0.000267 -0.000267 
610	(  -1.0055     1.005      0.072353 )	0.040257 -0.000265 0.000265 
611	(  -1.004501   1.000403   0.066338 )	0.040255 -0.000100 0.000100 
612	(  -1.005276   1.011741   0.074803 )	0.040213 0.000320 -0.000320 

BBE ( SOL ) BBO
613	(  -1.00449    1.003034   0.067285 )	0.040215 0.000037 -0.000037 
614	(  -1.004771   1.0064     0.068974 )	0.040201 -0.000014 0.000014 
615	(  -1.005201   1.0091     0.072077 )	0.040210 -0.000006 0.000006 
616	(  -1.004439   1.005      0.065497 )	0.040193 -0.000149 0.000149 
617	(  -1.004418   1.004733   0.067374 )	0.040194 0.000121 -0.000121 
618	(  -1.004206   1.003249   0.066327 )	0.040195 0.000194 -0.000194 
619	(  -1.005452   1.012      0.072818 )	0.040220 -0.000150 0.000150 
620	(  -1.005237   1.008      0.073404 )	0.040216 0.000151 -0.000151 
621	(  -1.004454   1.002458   0.066131 )	0.040220 -0.000080 0.000080 
622	(  -1.004315   1.00484    0.065688 )	0.040187 -0.000001 0.000001 
623	(  -1.004045   1.01036    0.06363  )	0.040167 0.000004 -0.000004 
624	(  -1.004426   1.007819   0.066528 )	0.040178 -0.000000 0.000000 
625	(  -1.004758   1.016756   0.069048 )	0.040243 0.000009 -0.000009 
626	(  -1.004227   1.008315   0.065016 )	0.040169 0.000000 -0.000000 
627	(  -1.004044   1.01034    0.06363  )	0.040167 0.000004 -0.000004 
628	(  -1.003961   1.018715   0.063    )	0.040275 0.000008 -0.000008 
629	(  -1.004179   1.003315   0.064646 )	0.040193 0.000000 -0.000000 
630	(  -1.003198   1.02054    0.056565 )	0.040328 0.000001 -0.000001 
631	(  -1.004149   1.010015   0.064419 )	0.040169 0.000001 -0.000001 
632	(  -1.004342   1.004715   0.065885 )	0.040190 -0.000001 0.000001 
633	(  -1.003961   1.018715   0.063016 )	0.040275 0.000010 -0.000010 
634	(  -1.003915   1.015115   0.062619 )	0.040210 0.000006 -0.000006 
635	(  -1.005883   1.000415   0.076716 )	0.040365 0.000003 -0.000003 
636	(  -1.00318    1.023415   0.056419 )	0.040418 0.000003 -0.000003 
637	(  -1.004149   1.010015   0.064416 )	0.040169 0.000001 -0.000001 
638	(  -1.004342   1.004715   0.065916 )	0.040190 0.000003 -0.000003 
639	(  -1.003315   0.996415   0.055016 )	0.040237 -0.000288 0.000288 
640	(  -1.004458   1.028315   0.057016 )	0.040554 -0.001207 0.001207 
641	(  -1.004522   1.011715   0.054419 )	0.040188 -0.001560 0.001560 
642	(  -1.003227   1.021415   0.070216 )	0.040353 0.001704 -0.001704 
643	(  -1.003776   1.008315   0.074419 )	0.040152 0.001762 -0.001762 
644	(  -1.00428    1.004215   0.065916 )	0.040190 0.000065 -0.000065 
645	(  -1.003915   1.015115   0.062628 )	0.040210 0.000008 -0.000008 
646	(  -1.003961   1.018715   0.063    )	0.040275 0.000008 -0.000008 
647	(  -1.004358   0.992315   0.066012 )	0.040444 -0.000000 0.000000 
648	(  -1.00362    1.026315   0.060169 )	0.040508 0.000000 -0.000000 
649	(  -1.004149   1.010015   0.064419 )	0.040169 0.000001 -0.000001 
650	(  -1.004341   1.004715   0.065885 )	0.040190 -0.000001 0.000001 
651	(  -1.003768   0.998315   0.062961 )	0.040236 0.000196 -0.000196 
652	(  -1.003902   1.018315   0.060102 )	0.040266 -0.000290 0.000290 

BBE ( SOL ) BBO
653	(  -1.003782   1.012415   0.070016 )	0.040175 0.001120 -0.001120 
654	(  -1.004068   1.000015   0.063722 )	0.040229 -0.000008 0.000008 
655	(  -1.004229   1.020015   0.065116 )	0.040302 0.000011 -0.000011 
656	(  -1.004239   1.008315   0.065036 )	0.040170 -0.000009 0.000009 
657	(  -1.003961   1.01874    0.063    )	0.040275 0.000008 -0.000008 
658	(  -1.004121   1.008323   0.064194 )	0.040165 0.000000 -0.000000 
659	(  -1.003803   1.008347   0.061728 )	0.040153 0.000008 -0.000008 
660	(  -1.004051   1.00851    0.063645 )	0.040162 -0.000000 0.000000 
661	(  -1.003757   1.00401    0.061345 )	0.040163 0.000006 -0.000006 
662	(  -1.005602   0.99261    0.074845 )	0.040571 -0.000000 0.000000 
663	(  -1.003932   1.008515   0.062719 )	0.040158 0.000002 -0.000002 
664	(  -1.00384    1.00891    0.062045 )	0.040155 0.000010 -0.000010 
665	(  -1.00428    1.00811    0.065445 )	0.040172 0.000003 -0.000003 
666	(  -1.003051   1.01451    0.057145 )	0.040193 0.000215 -0.000215 
667	(  -1.003537   1.01081    0.073645 )	0.040155 0.001887 -0.001887 
668	(  -1.004612   1.01851    0.064245 )	0.040271 -0.000484 0.000484 
669	(  -1.005149   1.002315   0.056019 )	0.040270 -0.002011 0.002011 
670	(  -1.003149   1.017715   0.072819 )	0.040256 0.002154 -0.002154 
671	(  -1.004022   0.99611    0.053345 )	0.040304 -0.001176 0.001176 
672	(  -1.003757   1.003995   0.061323 )	0.040163 0.000003 -0.000003 
673	(  -1.004066   1.009333   0.063763 )	0.040164 -0.000000 0.000000 
674	(  -1.004485   1.012037   0.066965 )	0.040189 -0.000000 0.000000 
675	(  -1.003932   1.009129   0.062719 )	0.040159 0.000002 -0.000002 
676	(  -1.004153   1.008518   0.064442 )	0.040166 -0.000000 0.000000 
677	(  -1.004352   1.01351    0.062833 )	0.040197 -0.000404 0.000404 
678	(  -1.003981   1.008118   0.058645 )	0.040159 -0.000542 0.000542 
679	(  -1.003551   1.011592   0.064101 )	0.040162 0.000558 -0.000558 
680	(  -1.004203   1.005015   0.064224 )	0.040180 -0.000078 0.000078 
681	(  -1.004095   1.015015   0.064614 )	0.040210 0.000080 -0.000080 
682	(  -1.0042     1.005119   0.06511  )	0.040179 0.000040 -0.000040 
683	(  -1.003834   1.007857   0.061915 )	0.040154 -0.000001 0.000001 
684	(  -1.003184   1.005898   0.056725 )	0.040128 0.000034 -0.000034 
685	(  -1.004156   1.009729   0.064471 )	0.040168 0.000000 -0.000000 
686	(  -1.004004   1.011814   0.063273 )	0.040175 -0.000000 0.000000 
687	(  -1.004005   1.008926   0.063293 )	0.040161 0.000001 -0.000001 
688	(  -1.004116   1.00862    0.064155 )	0.040165 -0.000000 0.000000 
689	(  -1.003881   1.010577   0.058645 )	0.040163 -0.000441 0.000441 
690	(  -1.003848   1.00351    0.062269 )	0.040172 0.000030 -0.000030 
691	(  -1.003551   1.009912   0.065927 )	0.040150 0.000796 -0.000796 
692	(  -1.003786   1.01061    0.066915 )	0.040161 0.000691 -0.000691 

BBE ( SOL ) BBO
693	(  -1.003882   1.005104   0.056915 )	0.040163 -0.000643 0.000643 
694	(  -1.00406    1.008525   0.063686 )	0.040163 -0.000004 0.000004 
695	(  -1.004192   1.008283   0.064744 )	0.040168 -0.000000 0.000000 
696	(  -1.003882   1.010014   0.062307 )	0.040160 -0.000000 0.000000 
697	(  -1.003376   1.014526   0.058293 )	0.040195 0.000022 -0.000022 
698	(  -1.004195   1.008493   0.064771 )	0.040168 0.000000 -0.000000 
699	(  -1.003721   1.007881   0.060995 )	0.040149 -0.000000 0.000000 
700	(  -1.003236   1.001481   0.057095 )	0.040155 0.000024 -0.000024 
701	(  -1.003184   1.005857   0.056715 )	0.040128 0.000032 -0.000032 
702	(  -1.004479   1.003957   0.066915 )	0.040205 -0.000002 0.000002 
703	(  -1.004179   1.000181   0.064595 )	0.040234 -0.000006 0.000006 
704	(  -1.003704   1.008281   0.060895 )	0.040149 0.000005 -0.000005 
705	(  -1.003976   1.009081   0.062995 )	0.040160 -0.000007 0.000007 
706	(  -1.002721   1.001881   0.054495 )	0.040122 0.000249 -0.000249 
707	(  -1.002834   1.005757   0.058415 )	0.040113 0.000578 -0.000578 
708	(  -1.002888   1.010881   0.070995 )	0.040142 0.002153 -0.002153 
709	(  -1.003459   1.017881   0.055795 )	0.040258 -0.000346 0.000346 
710	(  -1.004834   1.009957   0.065415 )	0.040194 -0.000555 0.000555 
711	(  -1.003742   1.007781   0.060995 )	0.040150 -0.000021 0.000021 
712	(  -1.003236   1.001482   0.057059 )	0.040155 0.000020 -0.000020 
713	(  -1.00375    1.006818   0.06124  )	0.040151 0.000000 -0.000000 
714	(  -1.004      1.012539   0.06325  )	0.040181 0.000000 -0.000000 
715	(  -1.003518   1.007965   0.059383 )	0.040142 0.000008 -0.000008 
716	(  -1.003918   1.008374   0.06258  )	0.040157 -0.000001 0.000001 
717	(  -1.003221   1.004006   0.058192 )	0.040135 0.000166 -0.000166 
718	(  -1.003636   1.012588   0.055995 )	0.040174 -0.000501 0.000501 
719	(  -1.003334   1.005967   0.063996 )	0.040134 0.000761 -0.000761 
720	(  -1.003221   1.011355   0.065111 )	0.040153 0.001019 -0.001019 
721	(  -1.004334   1.009747   0.059834 )	0.040175 -0.000754 0.000754 
722	(  -1.003732   1.007838   0.061032 )	0.040150 -0.000007 0.000007 
723	(  -1.00376    1.007807   0.061325 )	0.040151 0.000000 -0.000000 
724	(  -1.003513   1.006957   0.059277 )	0.040141 0.000001 -0.000001 
725	(  -1.002889   1.004185   0.054123 )	0.040118 0.000040 -0.000040 
726	(  -1.003431   1.007046   0.05857  )	0.040137 -0.000000 0.000000 
727	(  -1.002889   1.004185   0.054077 )	0.040118 0.000036 -0.000036 
728	(  -1.003185   1.007313   0.05647  )	0.040128 0.000004 -0.000004 
729	(  -1.003594   1.012669   0.05997  )	0.040174 0.000003 -0.000003 
730	(  -1.002994   1.005557   0.054677 )	0.040120 -0.000004 0.000004 
731	(  -1.003508   1.00669    0.05917  )	0.040141 -0.000007 0.000007 
732	(  -1.003697   1.007528   0.06077  )	0.040148 -0.000004 0.000004 

BBE ( SOL ) BBO
733	(  -1.002637   1.004953   0.04857  )	0.040106 -0.000278 0.000278 
734	(  -1.002924   1.002046   0.06677  )	0.040132 0.001534 -0.001534 
735	(  -1.002431   1.011359   0.06287  )	0.040139 0.001522 -0.001522 
736	(  -1.003434   1.011957   0.050877 )	0.040163 -0.000845 0.000845 
737	(  -1.003592   1.001957   0.067677 )	0.040171 0.000988 -0.000988 
738	(  -1.003454   1.007074   0.05857  )	0.040138 -0.000023 0.000023 
739	(  -1.003185   1.007313   0.056449 )	0.040128 0.000001 -0.000001 
740	(  -1.002448   1.008114   0.050049 )	0.040108 0.000057 -0.000057 
741	(  -1.003638   1.007182   0.060349 )	0.040146 0.000004 -0.000004 
742	(  -1.003359   1.006783   0.05797  )	0.040134 0.000002 -0.000002 
743	(  -1.003147   1.005686   0.04857  )	0.040126 -0.000788 0.000788 
744	(  -1.003164   1.012046   0.05657  )	0.040159 0.000036 -0.000036 
745	(  -1.002431   1.006045   0.06197  )	0.040099 0.001409 -0.001409 
746	(  -1.002185   1.009433   0.062749 )	0.040113 0.001752 -0.001752 
747	(  -1.004185   1.005193   0.050149 )	0.040178 -0.001670 0.001670 
748	(  -1.003447   1.00702    0.05867  )	0.040138 -0.000005 0.000005 
749	(  -1.002448   1.008114   0.050086 )	0.040108 0.000061 -0.000061 
750	(  -1.003005   1.006181   0.054817 )	0.040120 0.000000 -0.000000 
751	(  -1.002464   1.002785   0.049917 )	0.040103 0.000028 -0.000028 
752	(  -1.002666   1.004256   0.051617 )	0.040108 -0.000001 0.000001 
753	(  -1.002464   1.002781   0.049917 )	0.040103 0.000028 -0.000028 
754	(  -1.001649   0.998456   0.042017 )	0.040089 0.000117 -0.000117 
755	(  -1.004343   1.001456   0.065917 )	0.040226 0.000002 -0.000002 
756	(  -1.004101   1.008181   0.064017 )	0.040164 -0.000003 0.000003 
757	(  -1.003021   1.007281   0.055017 )	0.040122 0.000006 -0.000006 
758	(  -1.003568   1.006881   0.059717 )	0.040143 -0.000002 0.000002 
759	(  -1.003073   1.016181   0.054417 )	0.040224 -0.000111 0.000111 
760	(  -1.005005   1.005981   0.068817 )	0.040217 -0.000269 0.000269 
761	(  -1.000666   0.997556   0.054917 )	0.040041 0.002350 -0.002350 
762	(  -1.004406   1.005781   0.034817 )	0.040186 -0.003193 0.003193 
763	(  -1.004666   1.010956   0.048317 )	0.040189 -0.002331 0.002331 
764	(  -1.00297    1.006081   0.054917 )	0.040119 0.000046 -0.000046 
765	(  -1.001649   0.998481   0.042017 )	0.040089 0.000117 -0.000117 
766	(  -1.002872   1.004122   0.053617 )	0.040118 0.000003 -0.000003 
767	(  -1.001663   1.003916   0.040817 )	0.040067 0.000003 -0.000003 
768	(  -1.003021   1.007254   0.055017 )	0.040122 0.000006 -0.000006 
769	(  -1.003568   1.006927   0.059717 )	0.040143 -0.000002 0.000002 
770	(  -1.002005   1.008188   0.045417 )	0.040098 0.000058 -0.000058 
771	(  -1.002661   1.009256   0.056917 )	0.040122 0.000579 -0.000579 
772	(  -1.002624   1.011181   0.063117 )	0.040140 0.001360 -0.001360 

BBE ( SOL ) BBO
773	(  -1.002671   0.999256   0.046317 )	0.040144 -0.000525 0.000525 
774	(  -1.004005   1.010862   0.048117 )	0.040168 -0.001689 0.001689 
775	(  -1.00299    1.005856   0.055017 )	0.040120 0.000037 -0.000037 
776	(  -1.002463   1.002785   0.049921 )	0.040103 0.000029 -0.000029 
777	(  -1.003028   1.006172   0.055032 )	0.040121 0.000000 -0.000000 
778	(  -1.002702   1.00471    0.051982 )	0.040109 0.000000 -0.000000 
779	(  -1.002811   1.006072   0.053077 )	0.040113 0.000006 -0.000006 
780	(  -1.002734   1.007783   0.052284 )	0.040115 -0.000000 0.000000 
781	(  -1.002588   1.004916   0.050872 )	0.040104 0.000000 -0.000000 
782	(  -1.002354   1.006916   0.048672 )	0.040099 0.000015 -0.000015 
783	(  -1.001715   0.999216   0.041372 )	0.040086 -0.000003 0.000003 
784	(  -1.002604   0.994756   0.051017 )	0.040214 -0.000001 0.000001 
785	(  -1.002345   1.005416   0.048572 )	0.040094 0.000015 -0.000015 
786	(  -1.00284    1.006016   0.053272 )	0.040114 -0.000002 0.000002 
787	(  -1.002287   1.008216   0.040872 )	0.040105 -0.000616 0.000616 
788	(  -1.002912   1.014916   0.053172 )	0.040199 -0.000084 0.000084 
789	(  -1.001588   1.007316   0.054672 )	0.040081 0.001401 -0.001401 
790	(  -1.001666   1.007956   0.049117 )	0.040088 0.000747 -0.000747 
791	(  -1.003666   1.000556   0.054117 )	0.040193 -0.000737 0.000737 
792	(  -1.002712   0.998416   0.053472 )	0.040158 0.000148 -0.000148 
793	(  -1.002354   1.006896   0.048637 )	0.040099 0.000012 -0.000012 
794	(  -1.003642   1.010406   0.060349 )	0.040155 0.000000 -0.000000 
795	(  -1.003508   0.998516   0.059227 )	0.040213 -0.000000 0.000000 
796	(  -1.002344   1.005425   0.048608 )	0.040094 0.000018 -0.000018 
797	(  -1.00284    1.005992   0.053265 )	0.040114 -0.000002 0.000002 
798	(  -1.002322   1.005235   0.045872 )	0.040093 -0.000217 0.000217 
799	(  -1.002349   0.999256   0.049672 )	0.040124 0.000118 -0.000118 
800	(  -1.002702   1.009916   0.050583 )	0.040128 -0.000143 0.000143 
801	(  -1.002982   1.009256   0.053562 )	0.040130 -0.000114 0.000114 
802	(  -1.003088   1.003614   0.048129 )	0.040130 -0.000771 0.000771 
803	(  -1.002456   1.003051   0.055007 )	0.040102 0.000570 -0.000570 
804	(  -1.002764   1.005668   0.052574 )	0.040111 0.000000 -0.000000 
805	(  -1.002358   1.004572   0.04857  )	0.040094 0.000001 -0.000001 
806	(  -1.00167    1.00354    0.041664 )	0.040067 0.000066 -0.000066 
807	(  -1.002279   1.004735   0.047739 )	0.040091 -0.000000 0.000000 
808	(  -1.00167    1.00354    0.04167  )	0.040067 0.000066 -0.000066 
809	(  -1.002042   1.005224   0.045239 )	0.040083 0.000004 -0.000004 
810	(  -1.002594   1.010381   0.050939 )	0.040131 0.000001 -0.000001 
811	(  -1.003893   1.009468   0.06237  )	0.040159 -0.000003 0.000003 
812	(  -1.002282   1.003906   0.047839 )	0.040092 0.000006 -0.000006 

BBE ( SOL ) BBO
813	(  -1.002643   1.005228   0.051339 )	0.040106 -0.000007 0.000007 
814	(  -1.002485   0.999735   0.046839 )	0.040127 -0.000291 0.000291 
815	(  -1.00219    1.005096   0.037739 )	0.040088 -0.000766 0.000766 
816	(  -1.002086   0.999572   0.05207  )	0.040105 0.000625 -0.000625 
817	(  -1.00263    1.009572   0.04507  )	0.040124 -0.000599 0.000599 
818	(  -1.003279   1.005801   0.047039 )	0.040132 -0.001066 0.001066 
819	(  -1.001902   1.005736   0.051439 )	0.040080 0.000744 -0.000744 
820	(  -1.002042   1.005224   0.045246 )	0.040083 0.000006 -0.000006 
821	(  -1.00202    1.001588   0.04495  )	0.040087 0.000000 -0.000000 
822	(  -1.001006   0.992636   0.03405  )	0.040128 0.000153 -0.000153 
823	(  -1.002754   1.004568   0.05245  )	0.040111 -0.000003 0.000003 
824	(  -1.003758   1.007548   0.06127  )	0.040150 -0.000004 0.000004 
825	(  -1.001889   1.002783   0.04375  )	0.040077 0.000025 -0.000025 
826	(  -1.002499   1.004228   0.04995  )	0.040101 -0.000004 0.000004 
827	(  -1.001371   1.001017   0.03495  )	0.040058 -0.000150 0.000150 
828	(  -1.001924   1.006588   0.04445  )	0.040084 0.000051 -0.000051 
829	(  -1.00102    1.001279   0.05155  )	0.040041 0.001637 -0.001637 
830	(  -1.002647   1.002636   0.03857  )	0.040113 -0.001160 0.001160 
831	(  -1.002069   1.006508   0.05857  )	0.040088 0.001361 -0.001361 
832	(  -1.002037   1.001547   0.04495  )	0.040088 -0.000017 0.000017 
833	(  -1.001007   0.992636   0.03409  )	0.040128 0.000155 -0.000155 
834	(  -1.001811   1.002091   0.042563 )	0.040075 0.000000 -0.000000 
835	(  -1.001184   1.0036     0.035363 )	0.040049 0.000066 -0.000066 
836	(  -1.001225   1.006097   0.03497  )	0.040062 -0.000002 0.000002 
837	(  -1.0021     1.00238    0.045863 )	0.040087 0.000003 -0.000003 
838	(  -1.001486   1.000693   0.039263 )	0.040065 0.000055 -0.000055 
839	(  -1.002312   1.00386    0.047963 )	0.040093 -0.000012 0.000012 
840	(  -1.000976   1.007091   0.032563 )	0.040065 0.000084 -0.000084 
841	(  -1.001003   1.003696   0.052563 )	0.040043 0.001759 -0.001759 
842	(  -1.002616   1.007091   0.045863 )	0.040108 -0.000513 0.000513 
843	(  -1.002217   0.999572   0.05477  )	0.040112 0.000782 -0.000782 
844	(  -1.002499   1.009572   0.04237  )	0.040121 -0.000704 0.000704 
845	(  -1.001785   1.001764   0.042363 )	0.040075 0.000009 -0.000009 
846	(  -1.001185   1.0036     0.035402 )	0.040049 0.000069 -0.000069 
847	(  -1.00268    1.005682   0.051771 )	0.040107 -0.000000 0.000000 
848	(  -1.002216   1.008021   0.047083 )	0.040102 0.000000 -0.000000 
849	(  -1.001858   0.997588   0.043085 )	0.040112 -0.000001 0.000001 
850	(  -1.002127   1.005413   0.046084 )	0.040086 -0.000003 0.000003 
851	(  -1.001741   1.004091   0.043174 )	0.040070 0.000123 -0.000123 
852	(  -1.001877   1.002372   0.037563 )	0.040077 -0.000466 0.000466 

BBE ( SOL ) BBO
853	(  -1.001987   1.006572   0.044682 )	0.040086 0.000010 -0.000010 
854	(  -1.002311   1.002336   0.043301 )	0.040098 -0.000437 0.000437 
855	(  -1.00273    1.002572   0.052458 )	0.040118 0.000022 -0.000022 
856	(  -1.001839   1.000934   0.042701 )	0.040081 -0.000016 0.000016 
857	(  -1.002335   1.004695   0.048326 )	0.040093 0.000000 -0.000000 
858	(  -1.001819   1.002963   0.04264  )	0.040073 -0.000001 0.000001 
859	(  -1.001842   1.005579   0.042871 )	0.040077 -0.000004 0.000004 
860	(  -1.001796   1.003369   0.042383 )	0.040072 -0.000000 0.000000 
861	(  -1.001751   1.007203   0.041843 )	0.040084 -0.000000 0.000000 
862	(  -1.001865   1.003752   0.043183 )	0.040075 -0.000000 0.000000 
863	(  -1.00168    1.003334   0.040991 )	0.040067 0.000000 -0.000000 
864	(  -1.00133    1.003229   0.036815 )	0.040054 0.000025 -0.000025 
865	(  -1.001905   1.003806   0.043651 )	0.040076 0.000000 -0.000000 
866	(  -1.002687   1.005308   0.051839 )	0.040108 -0.000000 0.000000 
867	(  -1.00166    1.002111   0.040775 )	0.040068 0.000002 -0.000002 
868	(  -1.001814   1.003342   0.042581 )	0.040073 -0.000001 0.000001 
869	(  -1.001648   1.001528   0.035991 )	0.040069 -0.000353 0.000353 
870	(  -1.001873   1.008334   0.039064 )	0.040096 -0.000347 0.000347 
871	(  -1.001319   0.999844   0.04153  )	0.040061 0.000406 -0.000406 
872	(  -1.002319   1.006082   0.04375  )	0.040095 -0.000405 0.000405 
873	(  -1.00218    1.001532   0.041328 )	0.040095 -0.000472 0.000472 
874	(  -1.001552   1.005216   0.044762 )	0.040067 0.000452 -0.000452 
875	(  -1.001637   1.004195   0.040465 )	0.040066 0.000000 -0.000000 
876	(  -1.00151    1.006778   0.038887 )	0.040075 0.000002 -0.000002 
877	(  -1.001262   1.002373   0.035522 )	0.040051 -0.000000 0.000000 
878	(  -1.001842   1.005563   0.04284  )	0.040077 -0.000007 0.000007 
879	(  -0.999591   1.000573   0.014122 )	0.039986 0.000608 -0.000608 
880	(  -1.002251   1.006763   0.04744  )	0.040095 -0.000001 0.000001 
881	(  -1.001729   1.003073   0.041622 )	0.040069 0.000003 -0.000003 
882	(  -1.001256   1.003273   0.035622 )	0.040051 0.000013 -0.000013 
883	(  -1.001661   1.003373   0.040722 )	0.040066 -0.000003 0.000003 
884	(  -1.001259   1.002373   0.025522 )	0.040050 -0.000608 0.000608 
885	(  -1.000517   1.012373   0.035522 )	0.040149 0.000745 -0.000745 
886	(  -1.000262   0.994873   0.035522 )	0.040042 0.001000 -0.001000 
887	(  -1.002819   1.011963   0.03614  )	0.040153 -0.001513 0.001513 
888	(  -1.000819   0.993963   0.04914  )	0.040092 0.001596 -0.001596 
889	(  -1.001282   1.002373   0.045522 )	0.040051 0.000790 -0.000790 
890	(  -0.999591   1.000603   0.014168 )	0.039986 0.000610 -0.000610 
891	(  -1.001382   1.002785   0.037183 )	0.040055 0.000000 -0.000000 
892	(  -1.001697   1.005511   0.041193 )	0.040072 -0.000000 0.000000 

BBE ( SOL ) BBO
893	(  -1.001175   1.002901   0.034456 )	0.040047 0.000012 -0.000012 
894	(  -1.001554   1.003226   0.039357 )	0.040062 -0.000005 0.000005 
895	(  -1.001278   1.002466   0.030522 )	0.040051 -0.000346 0.000346 
896	(  -1.001253   1.007373   0.035612 )	0.040074 0.000015 -0.000015 
897	(  -1.000762   1.002282   0.035366 )	0.040031 0.000489 -0.000489 
898	(  -1.001531   1.0032     0.04764  )	0.040061 0.000739 -0.000739 
899	(  -1.002108   1.002726   0.03764  )	0.040087 -0.000691 0.000691 
900	(  -1.001276   0.998784   0.037267 )	0.040065 0.000112 -0.000112 
901	(  -1.001633   1.003445   0.040417 )	0.040065 0.000001 -0.000001 
902	(  -1.001074   1.004891   0.033748 )	0.040050 0.000065 -0.000065 
903	(  -1.001111   1.002213   0.033324 )	0.040044 -0.000000 0.000000 
904	(  -1.000656   1.001733   0.026724 )	0.040026 0.000059 -0.000059 
905	(  -1.001074   1.004891   0.033717 )	0.040050 0.000063 -0.000063 
906	(  -1.000753   1.001904   0.027424 )	0.040030 -0.000000 0.000000 
907	(  -0.999679   1.000977   0.009724 )	0.039990 0.000416 -0.000416 
908	(  -1.000864   0.999007   0.029424 )	0.040042 0.000002 -0.000002 
909	(  -1.000634   1.010664   0.025217 )	0.040114 0.000002 -0.000002 
910	(  -1.000702   1.001542   0.027024 )	0.040028 0.000029 -0.000029 
911	(  -1.001212   1.002474   0.034624 )	0.040048 -0.000013 0.000013 
912	(  -1.000104   1.002741   0.007424 )	0.040011 -0.000048 0.000048 
913	(  -1.000427   1.006904   0.031824 )	0.040054 0.000586 -0.000586 
914	(  -1.002753   1.003035   0.021724 )	0.040116 -0.002281 0.002281 
915	(  -0.999633   0.999105   0.052217 )	0.039985 0.003094 -0.003094 
916	(  -1.003633   1.007785   0.028617 )	0.040146 -0.002814 0.002814 
917	(  -1.000685   1.001379   0.027524 )	0.040027 0.000073 -0.000073 
918	(  -1.000116   1.004199   0.010724 )	0.040020 -0.000001 0.000001 
919	(  -0.998205   1.011084  -0.039376 )	0.040143 0.003346 -0.003346 
920	(  -1.003722   0.999727   0.061024 )	0.040209 0.000002 -0.000002 
921	(  -1.000665   1.001328   0.025724 )	0.040027 -0.000003 0.000003 
922	(  -1.000559   1.001197   0.007424 )	0.040022 -0.000503 0.000503 
923	(  -1.000469   1.006904   0.024824 )	0.040054 0.000148 -0.000148 
924	(  -0.998753   1.001268   0.029724 )	0.039964 0.002131 -0.002131 
925	(  -1.002116   1.001756   0.024324 )	0.040091 -0.001524 0.001524 
926	(  -0.998116   1.006642  -0.002876 )	0.040033 0.001893 -0.001893 
927	(  -1.000778   1.001867   0.027624 )	0.040031 -0.000014 0.000014 
928	(  -1.000656   1.001549   0.025624 )	0.040026 0.000001 -0.000001 
929	(  -1.000197   1.00342    0.014124 )	0.040017 0.000003 -0.000003 
930	(  -1.001567   1.003775   0.037424 )	0.040063 -0.000166 0.000166 
931	(  -0.999992   1.003904   0.024224 )	0.040015 0.000595 -0.000595 
932	(  -0.999407   1.002199   0.012524 )	0.039988 0.000750 -0.000750 

BBE ( SOL ) BBO
933	(  -0.999904   1.001244   0.037424 )	0.039998 0.001497 -0.001497 
934	(  -1.000825   1.006199   0.008924 )	0.040054 -0.000745 0.000745 
935	(  -1.000543   1.000479   0.010524 )	0.040022 -0.000432 0.000432 
936	(  -1.000587   1.003627   0.024229 )	0.040029 0.000001 -0.000001 
937	(  -1.000223   1.003747   0.010549 )	0.040020 -0.000111 0.000111 
938	(  -1.000701   1.001542   0.026997 )	0.040028 0.000028 -0.000028 
939	(  -1.001212   1.002474   0.034637 )	0.040048 -0.000012 0.000012 
940	(  -1.0003     1.001778   0.022424 )	0.040013 0.000203 -0.000203 
941	(  -1.0008     1.002904   0.026363 )	0.040034 -0.000105 0.000105 
942	(  -1.000616   1.004851   0.009228 )	0.040038 -0.000530 0.000530 
943	(  -0.999616   1.003547   0.01222  )	0.040003 0.000534 -0.000534 
944	(  -1.001253   1.001624   0.023071 )	0.040051 -0.000720 0.000720 
945	(  -1.000612   1.001254   0.03628  )	0.040024 0.000705 -0.000705 
946	(  -1.00072    1.001802   0.026606 )	0.040029 -0.000012 0.000012 
947	(  -1.000219   1.00342    0.014124 )	0.040018 -0.000019 0.000019 
948	(  -1.000701   1.001542   0.026997 )	0.040028 0.000028 -0.000028 
949	(  -1.001212   1.002474   0.034637 )	0.040048 -0.000012 0.000012 
950	(  -1.000683   1.002404   0.027426 )	0.040028 0.000069 -0.000069 
951	(  -1.000753   1.001904   0.029424 )	0.040030 0.000113 -0.000113 
952	(  -0.999983   1.004523   0.012724 )	0.040020 0.000179 -0.000179 
953	(  -1.000248   1.003875   0.008724 )	0.040021 -0.000172 0.000172 
954	(  -1.000953   1.002077   0.027423 )	0.040038 -0.000200 0.000200 
955	(  -1.00068    1.001735   0.026158 )	0.040027 0.000004 -0.000004 
956	(  -1.000114   1.004209   0.010684 )	0.040020 -0.000000 0.000000 
957	(  -1.00011    1.004241   0.010564 )	0.040021 0.000001 -0.000001 
958	(  -1.00011    1.004204   0.010724 )	0.040020 0.000005 -0.000005 
959	(  -1.000117   1.004196   0.010774 )	0.040020 -0.000001 0.000001 
960	(  -1.000121   1.004162   0.010891 )	0.040020 -0.000002 0.000002 
961	(  -1.000113   1.004221   0.010646 )	0.040020 0.000000 -0.000000 
962	(  -1.000178   1.004409   0.010339 )	0.040024 -0.000072 0.000072 
963	(  -1.000168   1.004072   0.009684 )	0.040021 -0.000074 0.000074 
964	(  -1.000216   1.004194   0.010489 )	0.040023 -0.000106 0.000106 
965	(  -1.000016   1.004204   0.010959 )	0.040018 0.000105 -0.000105 
966	(  -1.000214   1.004135   0.011473 )	0.040022 -0.000083 0.000083 
967	(  -1.000112   1.00421    0.01069  )	0.040020 0.000002 -0.000002 
968	(  -1.000104   1.004164   0.011074 )	0.040020 0.000018 -0.000018 
969	(  -1.000105   1.004085   0.010382 )	0.040019 0.000003 -0.000003 
970	(  -1.000112   1.004224   0.010595 )	0.040020 0.000001 -0.000001 
971	(  -1.000113   1.004217   0.01064  )	0.040020 0.000000 -0.000000 
972	(  -1.000117   1.004101   0.010224 )	0.040020 -0.000012 0.000012 

BBE ( SOL ) BBO
973	(  -1.000064   1.004211   0.010694 )	0.040019 0.000050 -0.000050 
974	(  -1.000113   1.004109   0.010402 )	0.040020 -0.000005 0.000005 
975	(  -1.000115   1.004153   0.011184 )	0.040020 0.000010 -0.000010 
976	(  -1.000114   1.004297   0.011224 )	0.040021 0.000012 -0.000012 
977	(  -1.000115   1.004211   0.010681 )	0.040020 -0.000001 0.000001 
978	(  -1.000113   1.004175   0.010538 )	0.040020 -0.000002 0.000002 
979	(  -1.000111   1.004233   0.010589 )	0.040021 0.000001 -0.000001 
980	(  -1.000114   1.004207   0.01069  )	0.040020 -0.000000 0.000000 
981	(  -1.000099   1.004159   0.010592 )	0.040020 0.000013 -0.000013 
982	(  -1.000113   1.004175   0.010524 )	0.040020 -0.000002 0.000002 
983	(  -1.000124   1.004169   0.010884 )	0.040020 -0.000005 0.000005 
984	(  -1.000094   1.004228   0.010842 )	0.040020 0.000023 -0.000023 
985	(  -1.000118   1.004223   0.010924 )	0.040021 0.000001 -0.000001 
986	(  -1.000115   1.00421    0.010681 )	0.040020 -0.000000 0.000000 
987	(  -1.000107   1.004175   0.010524 )	0.040020 0.000004 -0.000004 
988	(  -1.000114   1.004159   0.010774 )	0.040020 0.000002 -0.000002 
989	(  -1.000112   1.004224   0.010623 )	0.040020 0.000001 -0.000001 
990	(  -1.000114   1.004212   0.010674 )	0.040020 -0.000000 0.000000 
991	(  -1.000114   1.004189   0.0107   )	0.040020 0.000000 -0.000000 
992	(  -1.000106   1.004212   0.010654 )	0.040020 0.000008 -0.000008 
993	(  -1.000104   1.00421    0.010687 )	0.040020 0.000010 -0.000010 
994	(  -1.000114   1.004206   0.010584 )	0.040020 -0.000002 0.000002 
995	(  -1.000126   1.004186   0.010794 )	0.040021 -0.000009 0.000009 
996	(  -1.000114   1.00421    0.010685 )	0.040020 -0.000000 0.000000 
997	(  -1.000116   1.004205   0.010767 )	0.040020 0.000000 -0.000000 
998	(  -1.000116   1.004198   0.010764 )	0.040020 0.000000 -0.000000 
999	(  -1.000113   1.004207   0.010634 )	0.040020 0.000000 -0.000000 
1000	(  -1.000113   1.004219   0.010674 )	0.040020 0.000001 -0.000001 
1001	(  -1.000119   1.004211   0.010665 )	0.040021 -0.000006 0.000006 
1002	(  -1.000114   1.004197   0.010674 )	0.040020 0.000000 -0.000000 
1003	(  -1.000117   1.004201   0.010774 )	0.040020 -0.000001 0.000001 
1004	(  -1.000114   1.004209   0.010686 )	0.040020 0.000000 -0.000000 
1005	(  -1.000115   1.004198   0.010727 )	0.040020 0.000000 -0.000000 
1006	(  -1.000115   1.004212   0.010674 )	0.040020 -0.000001 0.000001 
1007	(  -1.000114   1.004189   0.010727 )	0.040020 0.000001 -0.000001 
1008	(  -1.000115   1.004212   0.010704 )	0.040020 -0.000001 0.000001 
1009	(  -1.000114   1.004196   0.010735 )	0.040020 0.000002 -0.000002 
1010	(  -1.000112   1.004206   0.010701 )	0.040020 0.000002 -0.000002 
1011	(  -1.000116   1.004204   0.010686 )	0.040020 -0.000002 0.000002 
1012	(  -1.000118   1.004202   0.010713 )	0.040020 -0.000003 0.000003 

BBE ( SOL ) BBO
1013	(  -1.000114   1.004209   0.010684 )	0.040020 -0.000000 0.000000 
1014	(  -1.000117   1.004199   0.010735 )	0.040020 -0.000001 0.000001 
1015	(  -1.000115   1.0042     0.010723 )	0.040020 0.000000 -0.000000 
1016	(  -1.000113   1.00421    0.010692 )	0.040020 0.000001 -0.000001 
1017	(  -1.000114   1.004211   0.010677 )	0.040020 0.000000 -0.000000 
1018	(  -1.000113   1.004208   0.010674 )	0.040020 0.000001 -0.000001 
1019	(  -1.000117   1.004198   0.010725 )	0.040020 -0.000001 0.000001 
1020	(  -1.000114   1.004209   0.010684 )	0.040020 -0.000000 0.000000 
1021	(  -1.000115   1.004199   0.010726 )	0.040020 0.000001 -0.000001 
1022	(  -1.000116   1.004199   0.010725 )	0.040020 -0.000000 0.000000 
1023	(  -1.000115   1.004206   0.010697 )	0.040020 -0.000000 0.000000 
1024	(  -1.000115   1.004208   0.010691 )	0.040020 -0.000000 0.000000 
1025	(  -1.000114   1.004209   0.010689 )	0.040020 0.000000 -0.000000 
1026	(  -1.000115   1.004199   0.010729 )	0.040020 -0.000000 0.000000 
1027	(  -1.000114   1.004209   0.010679 )	0.040020 0.000000 -0.000000 
1028	(  -1.000115   1.004208   0.010685 )	0.040020 -0.000000 0.000000 
1029	(  -1.000116   1.004199   0.010719 )	0.040020 -0.000001 0.000001 
1030	(  -1.000114   1.004209   0.010684 )	0.040020 -0.000000 0.000000 
1031	(  -1.000114   1.00421    0.010679 )	0.040020 -0.000000 0.000000 
1032	(  -1.000115   1.004199   0.010726 )	0.040020 -0.000000 0.000000 
1033	(  -1.000114   1.004209   0.010685 )	0.040020 0.000000 -0.000000 
1034	(  -1.000114   1.00421    0.010684 )	0.040020 -0.000000 0.000000 
1035	(  -1.000114   1.004209   0.010682 )	0.040020 -0.000000 0.000000 
1036	(  -1.000116   1.004199   0.010722 )	0.040020 -0.000001 0.000001 
1037	(  -1.000115   1.004209   0.010685 )	0.040020 -0.000000 0.000000 
1038	(  -1.000116   1.004199   0.010725 )	0.040020 -0.000000 0.000000 
1039	(  -1.000115   1.00421    0.010681 )	0.040020 -0.000001 0.000001 
1040	(  -1.000114   1.00421    0.010685 )	0.040020 -0.000000 0.000000 
1041	(  -1.000115   1.004199   0.010725 )	0.040020 -0.000000 0.000000 
1042	(  -1.000114   1.004209   0.010685 )	0.040020 -0.000000 0.000000 
1043	(  -1.000114   1.004209   0.010685 )	0.040020 -0.000000 0.000000 
1044	(  -1.000114   1.00421    0.010684 )	0.040020 -0.000000 0.000000 
1045	(  -1.000116   1.004199   0.010724 )	0.040020 -0.000001 0.000001 
1046	(  -1.000114   1.004209   0.010682 )	0.040020 -0.000000 0.000000 
1047	(  -1.000116   1.004199   0.010725 )	0.040020 -0.000000 0.000000 
1048	(  -1.000116   1.004199   0.010724 )	0.040020 -0.000001 0.000001 
1049	(  -1.000115   1.004199   0.010724 )	0.040020 -0.000000 0.000000 
1050	(  -1.000114   1.004209   0.010684 )	0.040020 -0.000000 0.000000 
1051	(  -1.000114   1.004209   0.010685 )	0.040020 -0.000000 0.000000 
1052	(  -1.000114   1.00421    0.010684 )	0.040020 -0.000000 0.000000 

BBE ( SOL ) BBO
1053	(  -1.000116   1.004199   0.010724 )	0.040020 -0.000001 0.000001 
1054	(  -1.000114   1.004209   0.010684 )	0.040020 -0.000000 0.000000 
1055	(  -1.000115   1.004199   0.010724 )	0.040020 -0.000000 0.000000 
1056	(  -1.000114   1.00421    0.010684 )	0.040020 -0.000000 0.000000 
1057	(  -1.000114   1.00421    0.010684 )	0.040020 -0.000000 0.000000 
1058	(  -1.000116   1.004199   0.010724 )	0.040020 -0.000000 0.000000 
1059	(  -1.000114   1.004209   0.010684 )	0.040020 -0.000000 0.000000 
1060	(  -1.000114   1.004209   0.010684 )	0.040020 -0.000000 0.000000 
1061	(  -1.000114   1.004209   0.010684 )	0.040020 -0.000000 0.000000 
1062	(  -1.000116   1.004199   0.010724 )	0.040020 -0.000001 0.000001 
1063	(  -1.000114   1.004209   0.010684 )	0.040020 -0.000000 0.000000 
1064	(  -1.000114   1.004209   0.010684 )	0.040020 -0.000000 0.000000 
1065	(  -1.000114   1.004209   0.010684 )	0.040020 -0.000000 0.000000 
1066	(  -1.000116   1.004199   0.010724 )	0.040020 -0.000001 0.000001 
1067	(  -1.000116   1.004199   0.010724 )	0.040020 -0.000001 0.000001 
1068	(  -1.000114   1.004209   0.010684 )	0.040020 -0.000000 0.000000 
1069	(  -1.000114   1.004209   0.010684 )	0.040020 -0.000000 0.000000 
1070	(  -1.000114   1.004209   0.010684 )	0.040020 -0.000000 0.000000 
1071	(  -1.000114   1.004209   0.010684 )	0.040020 -0.000000 0.000000 
1072	(  -1.000114   1.004209   0.010684 )	0.040020 -0.000000 0.000000 
1073	(  -1.000114   1.004209   0.010684 )	0.040020 -0.000000 0.000000 
1074	(  -1.000114   1.004209   0.010684 )	0.040020 -0.000000 0.000000 
1075	(  -1.000114   1.004209   0.010684 )	0.040020 -0.000000 0.000000 
1076	(  -1.000116   1.004199   0.010724 )	0.040020 -0.000001 0.000001 
1077	(  -1.000116   1.004199   0.010724 )	0.040020 -0.000001 0.000001 
1078	(  -1.000114   1.004209   0.010684 )	0.040020 -0.000000 0.000000 
1079	(  -1.000114   1.004209   0.010684 )	0.040020 -0.000000 0.000000 
1080	(  -1.000114   1.004209   0.010684 )	0.040020 -0.000000 0.000000 
1081	(  -1.000114   1.004209   0.010684 )	0.040020 -0.000000 0.000000 
1082	(  -1.000114   1.004209   0.010684 )	0.040020 -0.000000 0.000000 
1083	(  -1.000114   1.004209   0.010684 )	0.040020 -0.000000 0.000000 
1084	(  -1.000116   1.004199   0.010724 )	0.040020 -0.000001 0.000001 
1085	(  -1.000116   1.004199   0.010724 )	0.040020 -0.000001 0.000001 
1086	(  -1.000114   1.004209   0.010684 )	0.040020 -0.000000 0.000000 
1087	(  -1.000114   1.004209   0.010684 )	0.040020 -0.000000 0.000000 
1088	(  -1.000114   1.004209   0.010684 )	0.040020 -0.000000 0.000000 
1089	(  -1.000114   1.004209   0.010684 )	0.040020 -0.000000 0.000000 
1090	(  -1.000114   1.004209   0.010684 )	0.040020 -0.000000 0.000000 
1091	(  -1.000114   1.004209   0.010684 )	0.040020 -0.000000 0.000000 
1092	(  -1.000116   1.004199   0.010724 )	0.040020 -0.000001 0.000001 

BBE ( SOL ) BBO
1093	(  -1.000116   1.004199   0.010724 )	0.040020 -0.000001 0.000001 
1094	(  -1.000114   1.004209   0.010684 )	0.040020 -0.000000 0.000000 
1095	(  -1.000114   1.004209   0.010684 )	0.040020 -0.000000 0.000000 
1096	(  -1.000114   1.004209   0.010684 )	0.040020 -0.000000 0.000000 
1097	(  -1.000114   1.004209   0.010684 )	0.040020 -0.000000 0.000000 
1098	(  -1.000114   1.004209   0.010684 )	0.040020 -0.000000 0.000000 
1099	(  -1.000114   1.004209   0.010684 )	0.040020 -0.000000 0.000000 
1100	(  -1.000116   1.004199   0.010724 )	0.040020 -0.000001 0.000001 
1101	(  -1.000116   1.004199   0.010724 )	0.040020 -0.000001 0.000001 
1102	(  -1.000114   1.004209   0.010684 )	0.040020 -0.000000 0.000000 
1103	(  -1.000114   1.004209   0.010684 )	0.040020 -0.000000 0.000000 
1104	(  -1.000114   1.004209   0.010684 )	0.040020 -0.000000 0.000000 
1105	(  -1.000114   1.004209   0.010684 )	0.040020 -0.000000 0.000000 
1106	(  -1.000114   1.004209   0.010684 )	0.040020 -0.000000 0.000000 
1107	(  -1.000114   1.004209   0.010684 )	0.040020 -0.000000 0.000000 
1108	(  -1.000116   1.004199   0.010724 )	0.040020 -0.000001 0.000001 
1109	(  -1.000116   1.004199   0.010724 )	0.040020 -0.000001 0.000001 
1110	(  -1.000114   1.004209   0.010684 )	0.040020 -0.000000 0.000000 
1111	(  -1.000114   1.004209   0.010684 )	0.040020 -0.000000 0.000000 
1112	(  -1.000114   1.004209   0.010684 )	0.040020 -0.000000 0.000000 
1113	(  -1.000114   1.004209   0.010684 )	0.040020 -0.000000 0.000000 
1114	(  -1.000114   1.004209   0.010684 )	0.040020 -0.000000 0.000000 
1115	(  -1.000114   1.004209   0.010684 )	0.040020 -0.000000 0.000000 
1116	(  -1.000116   1.004199   0.010724 )	0.040020 -0.000001 0.000001 
1117	(  -1.000116   1.004199   0.010724 )	0.040020 -0.000001 0.000001 
1118	(  -1.000114   1.004209   0.010684 )	0.040020 -0.000000 0.000000 
1119	(  -1.000114   1.004209   0.010684 )	0.040020 -0.000000 0.000000 
1120	(  -1.000114   1.004209   0.010684 )	0.040020 -0.000000 0.000000 
1121	(  -1.000114   1.004209   0.010684 )	0.040020 -0.000000 0.000000 
1122	(  -1.000114   1.004209   0.010684 )	0.040020 -0.000000 0.000000 
1123	(  -1.000114   1.004209   0.010684 )	0.040020 -0.000000 0.000000 
1124	(  -1.000116   1.004199   0.010724 )	0.040020 -0.000001 0.000001 
1125	(  -1.000116   1.004199   0.010724 )	0.040020 -0.000001 0.000001 
1126	(  -1.000114   1.004209   0.010684 )	0.040020 -0.000000 0.000000 
1127	(  -1.000114   1.004209   0.010684 )	0.040020 -0.000000 0.000000 
1128	(  -1.000114   1.004209   0.010684 )	0.040020 -0.000000 0.000000 
1129	(  -1.000114   1.004209   0.010684 )	0.040020 -0.000000 0.000000 
1130	(  -1.000114   1.004209   0.010684 )	0.040020 -0.000000 0.000000 
1131	(  -1.000114   1.004209   0.010684 )	0.040020 -0.000000 0.000000 
1132	(  -1.000116   1.004199   0.010724 )	0.040020 -0.000001 0.000001 

BBE ( SOL ) BBO
1133	(  -1.000116   1.004199   0.010724 )	0.040020 -0.000001 0.000001 
1134	(  -1.000114   1.004209   0.010684 )	0.040020 -0.000000 0.000000 
1135	(  -1.000114   1.004209   0.010684 )	0.040020 -0.000000 0.000000 
1136	(  -1.000114   1.004209   0.010684 )	0.040020 -0.000000 0.000000 
1137	(  -1.000114   1.004209   0.010684 )	0.040020 -0.000000 0.000000 
1138	(  -1.000114   1.004209   0.010684 )	0.040020 -0.000000 0.000000 
1139	(  -1.000114   1.004209   0.010684 )	0.040020 -0.000000 0.000000 
1140	(  -1.000116   1.004199   0.010724 )	0.040020 -0.000001 0.000001 
1141	(  -1.000116   1.004199   0.010724 )	0.040020 -0.000001 0.000001 
1142	(  -1.000114   1.004209   0.010684 )	0.040020 -0.000000 0.000000 
1143	(  -1.000114   1.004209   0.010684 )	0.040020 -0.000000 0.000000 
1144	(  -1.000114   1.004209   0.010684 )	0.040020 -0.000000 0.000000 
1145	(  -1.000114   1.004209   0.010684 )	0.040020 -0.000000 0.000000 
1146	(  -1.000114   1.004209   0.010684 )	0.040020 -0.000000 0.000000 
1147	(  -1.000114   1.004209   0.010684 )	0.040020 -0.000000 0.000000 
1148	(  -1.000116   1.004199   0.010724 )	0.040020 -0.000001 0.000001 
1149	(  -1.000116   1.004199   0.010724 )	0.040020 -0.000001 0.000001 
1150	(  -1.000114   1.004209   0.010684 )	0.040020 -0.000000 0.000000 
1151	(  -1.000114   1.004209   0.010684 )	0.040020 -0.000000 0.000000 
1152	(  -1.000114   1.004209   0.010684 )	0.040020 -0.000000 0.000000 
1153	(  -1.000114   1.004209   0.010684 )	0.040020 -0.000000 0.000000 
1154	(  -1.000114   1.004209   0.010684 )	0.040020 -0.000000 0.000000 
1155	(  -1.000114   1.004209   0.010684 )	0.040020 -0.000000 0.000000 
1156	(  -1.000116   1.004199   0.010724 )	0.040020 -0.000001 0.000001 
1157	(  -1.000116   1.004199   0.010724 )	0.040020 -0.000001 0.000001 
1158	(  -1.000114   1.004209   0.010684 )	0.040020 -0.000000 0.000000 
1159	(  -1.000114   1.004209   0.010684 )	0.040020 -0.000000 0.000000 
1160	(  -1.000114   1.004209   0.010684 )	0.040020 -0.000000 0.000000 
1161	(  -1.000114   1.004209   0.010684 )	0.040020 -0.000000 0.000000 
1162	(  -1.000114   1.004209   0.010684 )	0.040020 -0.000000 0.000000 
1163	(  -1.000114   1.004209   0.010684 )	0.040020 -0.000000 0.000000 
1164	(  -1.000116   1.004199   0.010724 )	0.040020 -0.000001 0.000001 
1165	(  -1.000116   1.004199   0.010724 )	0.040020 -0.000001 0.000001 
1166	(  -1.000114   1.004209   0.010684 )	0.040020 -0.000000 0.000000 
1167	(  -1.000114   1.004209   0.010684 )	0.040020 -0.000000 0.000000 
1168	(  -1.000114   1.004209   0.010684 )	0.040020 -0.000000 0.000000 
1169	(  -1.000114   1.004209   0.010684 )	0.040020 -0.000000 0.000000 
1170	(  -1.000114   1.004209   0.010684 )	0.040020 -0.000000 0.000000 
1171	(  -1.000114   1.004209   0.010684 )	0.040020 -0.000000 0.000000 
1172	(  -1.000116   1.004199   0.010724 )	0.040020 -0.000001 0.000001 

BBE ( SOL ) BBO
1173	(  -1.000116   1.004199   0.010724 )	0.040020 -0.000001 0.000001 
1174	(  -1.000114   1.004209   0.010684 )	0.040020 -0.000000 0.000000 
1175	(  -1.000114   1.004209   0.010684 )	0.040020 -0.000000 0.000000 
1176	(  -1.000114   1.004209   0.010684 )	0.040020 -0.000000 0.000000 
1177	(  -1.000114   1.004209   0.010684 )	0.040020 -0.000000 0.000000 
1178	(  -1.000114   1.004209   0.010684 )	0.040020 -0.000000 0.000000 
1179	(  -1.000114   1.004209   0.010684 )	0.040020 -0.000000 0.000000 
1180	(  -1.000116   1.004199   0.010724 )	0.040020 -0.000001 0.000001 
1181	(  -1.000116   1.004199   0.010724 )	0.040020 -0.000001 0.000001 
1182	(  -1.000114   1.004209   0.010684 )	0.040020 -0.000000 0.000000 
1183	(  -1.000114   1.004209   0.010684 )	0.040020 -0.000000 0.000000 
1184	(  -1.000114   1.004209   0.010684 )	0.040020 -0.000000 0.000000 
1185	(  -1.000114   1.004209   0.010684 )	0.040020 -0.000000 0.000000 
1186	(  -1.000114   1.004209   0.010684 )	0.040020 -0.000000 0.000000 
1187	(  -1.000114   1.004209   0.010684 )	0.040020 -0.000000 0.000000 
1188	(  -1.000116   1.004199   0.010724 )	0.040020 -0.000001 0.000001 
1189	(  -1.000116   1.004199   0.010724 )	0.040020 -0.000001 0.000001 
1190	(  -1.000114   1.004209   0.010684 )	0.040020 -0.000000 0.000000 
1191	(  -1.000114   1.004209   0.010684 )	0.040020 -0.000000 0.000000 
1192	(  -1.000114   1.004209   0.010684 )	0.040020 -0.000000 0.000000 
1193	(  -1.000114   1.004209   0.010684 )	0.040020 -0.000000 0.000000 
1194	(  -1.000114   1.004209   0.010684 )	0.040020 -0.000000 0.000000 
1195	(  -1.000114   1.004209   0.010684 )	0.040020 -0.000000 0.000000 
1196	(  -1.000114   1.004209   0.010684 )	0.040020 -0.000000 0.000000 
1197	(  -1.000114   1.004209   0.010684 )	0.040020 -0.000000 0.000000 
1198	(  -1.000114   1.004209   0.010684 )	0.040020 -0.000000 0.000000 
1199	(  -1.000114   1.004209   0.010684 )	0.040020 -0.000000 0.000000 
1200	(  -1.000114   1.004209   0.010684 )	0.040020 -0.000000 0.000000 
A termination criterion is reached: No termination (all). Mesh minimum precision reached (Algo)

Best feasible solution:     #360193 ( -1.00011 1.00421 0.0106841 )	Evaluation OK	 f =   0.04002000000000000002	 h =   0                     

Best infeasible solution:   #346348 ( -1.00012 1.0042 0.0107241 )	Evaluation OK	 f =   0.04002000000000000002	 h =   0.000000000001        

Blackbox evaluations:         1200
Total model evaluations:      325253
Cache hits:                   230
Total number of evaluations:  1430
