1	( -11.63     -11.35     -14.47       5.08     )	11.630000 1352.306847 120.800500 -1352.306847 -120.800500 
2	( -11.63     -10.35     -13.47       4.08     )	11.630000 1381.246847 128.960500 -1381.246847 -128.960500 
3	( -10.63     -10.35     -14.47       5.08     )	10.630000 981.426147 97.540500 -981.426147 -97.540500 
4	(  -7.63      -7.35     -14.47       5.08     )	7.630000 227.464047 39.760500 -227.464047 -39.760500 
5	(   1.37       1.65     -14.47       5.08     )	-1.370000 -210.302253 -25.579500 210.302253 25.579500 
6	(  28.37      28.65     -14.47       5.08     )	-28.370000 -23014.521153 750.400500 23014.521153 -750.400500 
7	(   0.37       0.65     -14.47       5.08     )	-0.370000 -208.781553 -26.319500 208.781553 26.319500 
8	(  10.37       1.65     -14.47       5.08     )	-10.370000 -1322.888553 80.080500 1322.888553 -80.080500 
9	(   1.37      10.65     -15.47       5.08     )	-1.370000 -231.242253 -34.579500 231.242253 34.579500 
10	(   3.37      -6.35     -15.47       4.08     )	-3.370000 -283.943653 1.060500 283.943653 -1.060500 
11	(   1.37      -0.35     -14.47       6.08     )	-1.370000 -212.302253 -34.739500 212.302253 34.739500 
12	(  -4.63      -9.35     -13.47       5.08     )	4.630000 -91.538053 4.980500 91.538053 -4.980500 
13	( -19.63     -39.35     -10.47       5.08     )	19.630000 7415.192447 398.880500 -7415.192447 -398.880500 
14	(  -3.63     -11.35     -13.47       5.08     )	3.630000 -144.958753 -1.279500 144.958753 1.279500 
15	(  -4.63      -9.35     -13.47       4.08     )	4.630000 -91.538053 14.140500 91.538053 -14.140500 

BBE ( SOL ) BBO
16	(  -0.63      -2.35     -14.47       6.08     )	0.630000 -211.480853 -34.219500 211.480853 34.219500 
17	(   5.37      -6.35     -13.47       5.08     )	-5.370000 -342.645053 9.380500 342.645053 -9.380500 
18	(  -1.63     -19.35     -13.47       5.08     )	1.630000 -196.460153 -3.799500 196.460153 3.799500 
19	(  -3.63     -13.35     -13.47       4.08     )	3.630000 -146.958753 9.880500 146.958753 -9.880500 
20	(  -4.63      -9.35     -14.47       5.08     )	4.630000 -119.478053 4.980500 119.478053 -4.980500 
21	(  -4.63      -8.35     -13.47       5.08     )	4.630000 -90.538053 3.980500 90.538053 -3.980500 
22	(  -4.63      -5.35     -13.47       5.08     )	4.630000 -87.538053 0.980500 87.538053 -0.980500 
23	(  -4.63       3.65     -13.47       5.08     )	4.630000 -78.538053 -8.019500 78.538053 8.019500 
24	(  -4.63      30.65     -13.47       5.08     )	4.630000 -51.538053 -35.019500 51.538053 35.019500 
25	(  -4.63     111.65     -13.47       5.08     )	4.630000 29.461947 -116.019500 -29.461947 116.019500 
26	(  -9.63      54.65     -13.47       6.08     )	9.630000 766.265447 1.120500 -766.265447 -1.120500 
27	(  -5.63      19.65     -14.47       5.08     )	5.630000 -11.277353 -13.759500 11.277353 13.759500 
28	(  -5.63      11.65     -13.47       5.08     )	5.630000 8.662647 -5.759500 -8.662647 5.759500 
29	(  -5.63      27.65     -12.47       5.08     )	5.630000 50.602647 -21.759500 -50.602647 21.759500 
30	(  -4.63      -0.35     -14.47       5.08     )	4.630000 -110.478053 -4.019500 110.478053 4.019500 
31	(  -5.63      18.65     -12.47       5.08     )	5.630000 41.602647 -12.759500 -41.602647 12.759500 
32	(  -4.63       4.65     -14.47       5.08     )	4.630000 -105.478053 -9.019500 105.478053 9.019500 
33	(  -5.63      13.65     -12.47       5.08     )	5.630000 36.602647 -7.759500 -36.602647 7.759500 
34	(  -4.63       6.65     -14.47       5.08     )	4.630000 -103.478053 -11.019500 103.478053 11.019500 
35	(  -5.63      11.65     -12.47       5.08     )	5.630000 34.602647 -5.759500 -34.602647 5.759500 
36	(  -4.63       7.65     -14.47       5.08     )	4.630000 -102.478053 -12.019500 102.478053 12.019500 
37	(  -5.63      10.65     -12.47       5.08     )	5.630000 33.602647 -4.759500 -33.602647 4.759500 
38	(  -4.63       8.65     -14.47       5.08     )	4.630000 -101.478053 -13.019500 101.478053 13.019500 
39	(  -5.63       9.65     -12.47       5.08     )	5.630000 32.602647 -3.759500 -32.602647 3.759500 
40	(  -5.63     -12.35     -10.47       5.08     )	5.630000 56.482647 18.240500 -56.482647 -18.240500 
41	(   8.37      45.65     -15.47       4.08     )	-8.370000 -780.047153 7.760500 780.047153 -7.760500 
42	(  -6.63      45.65     -13.47       6.08     )	6.630000 155.643347 -38.659500 -155.643347 38.659500 
43	(  -4.63       4.65     -13.47       5.08     )	4.630000 -77.538053 -9.019500 77.538053 9.019500 
44	(   4.37     -45.35     -13.47       6.08     )	-4.370000 -310.244353 27.480500 310.244353 -27.480500 
45	(   3.37      48.65     -14.47       4.08     )	-3.370000 -199.003653 -53.939500 199.003653 53.939500 
46	(  -2.63     111.65     -13.47       5.08     )	2.630000 -51.599453 -130.539500 51.599453 130.539500 
47	(   1.37     -25.35     -12.47       4.08     )	-1.370000 -183.422253 10.580500 183.422253 -10.580500 
48	(  -5.63       3.65     -14.45       5.23     )	5.630000 -26.698953 0.694000 26.698953 -0.694000 
49	(  -6.63      -8.35     -13.96       5.16     )	6.630000 88.202647 25.681300 -88.202647 -25.681300 
50	(  -5.63      20.65     -13.59       5.1      )	5.630000 14.415447 -14.963100 -14.415447 14.963100 
51	(  -0.63      17.65     -13.81       4.69     )	0.630000 -172.816053 -39.249200 172.816053 39.249200 
52	(  -5.63      61.65     -13.4        5.16     )	5.630000 60.543547 -56.578700 -60.543547 56.578700 
53	(  -2.63       2.65     -12.97       5.06     )	2.630000 -147.379453 -21.336700 147.379453 21.336700 
54	(  -2.63       3.65     -13.65       5.58     )	2.630000 -164.481053 -27.869500 164.481053 27.869500 
55	(  -5.63       4.65     -13.48       5.07     )	5.630000 1.393147 1.342000 -1.393147 -1.342000 

BBE ( SOL ) BBO
56	(  -5.63     -16.35     -13.48       5.07     )	5.630000 -19.606853 22.342000 19.606853 -22.342000 
57	(  -5.63      10.65     -12.48       4.07     )	5.630000 33.353147 4.482000 -33.353147 -4.482000 
58	(  -6.63      -2.35     -14.48       5.07     )	6.630000 79.413847 20.602000 -79.413847 -20.602000 
59	(  -5.63      22.65     -13.48       5.07     )	5.630000 19.393147 -16.658000 -19.393147 16.658000 
60	(  -0.63      17.65     -13.48       4.07     )	0.630000 -163.810353 -33.818000 163.810353 33.818000 
61	(  -2.63       7.65     -13.48       6.07     )	2.630000 -155.868953 -37.578000 155.868953 37.578000 
62	(  -4.63       5.65     -14.48       5.07     )	4.630000 -104.767553 -9.918000 104.767553 9.918000 
63	(  -6.63     104.65     -13.48       5.07     )	6.630000 214.373847 -86.398000 -214.373847 86.398000 
64	(  -6.63       2.65     -13.48       5.07     )	6.630000 112.373847 15.602000 -112.373847 -15.602000 
65	(  -5.63     -16.35     -13.51       5.04     )	5.630000 -20.416553 22.645300 20.416553 -22.645300 
66	(  -5.63       0.65     -12.48       5.34     )	5.630000 23.353147 2.531300 -23.353147 -2.531300 
67	(  -6.63      -2.35     -14.04       5.09     )	6.630000 91.962647 20.398800 -91.962647 -20.398800 
68	(  -5.63      22.65     -13.61       5.08     )	5.630000 15.871447 -16.759500 -15.871447 16.759500 
69	(  -3.63       5.65     -13.59       5.31     )	3.630000 -131.205953 -20.669200 131.205953 20.669200 
70	(  -4.63       3.65     -13.92       4.57     )	4.630000 -90.863553 -3.098000 90.863553 3.098000 
71	(  -4.63       1.65     -12.98       4.71     )	4.630000 -67.577553 -2.397200 67.577553 2.397200 
72	(  -5.63      54.65     -13.47       5.05     )	5.630000 51.662647 -48.455600 -51.662647 48.455600 
73	(  -5.63       4.65     -13.53       5.1      )	5.630000 0.042647 1.036900 -0.042647 -1.036900 
74	(  -5.63      10.65     -13.53       4.1      )	5.630000 6.042647 4.236900 -6.042647 -4.236900 
75	(  -6.63     -15.35     -13.53       4.1      )	6.630000 93.023347 42.496900 -93.023347 -42.496900 
76	(  -5.63      19.65     -13.53       5.1      )	5.630000 15.042647 -13.963100 -15.042647 13.963100 
77	(  -3.63      -9.35     -13.53       5.1      )	3.630000 -144.578753 -3.483100 144.578753 3.483100 
78	(  -4.63      54.65     -13.53       5.1      )	4.630000 -29.158053 -59.223100 29.158053 59.223100 
79	(  -5.63      13.65     -12.53       5.1      )	5.630000 35.102647 -7.963100 -35.102647 7.963100 
80	(  -5.63      23.65     -13.53       4.1      )	5.630000 19.042647 -8.763100 -19.042647 8.763100 
81	(  -5.63       3.65     -13.53       5.1      )	5.630000 -0.957353 2.036900 0.957353 -2.036900 
82	(  -5.63       4.65     -13.68       5.19     )	5.630000 -4.038853 0.110800 4.038853 -0.110800 
83	(  -5.63       8.65     -13.1        4.52     )	5.630000 15.493547 2.616500 -15.493547 -2.616500 
84	(  -6.63     -19.35     -13.57       4.61     )	6.630000 87.939347 42.054800 -87.939347 -42.054800 
85	(  -5.63      18.65     -13.49       4.96     )	5.630000 15.123447 -11.554700 -15.123447 11.554700 
86	(  -4.63       0.65     -13.34       5.09     )	4.630000 -78.052753 -5.121200 78.052753 5.121200 
87	(  -5.63      24.65     -13.87       5.13     )	5.630000 10.726647 -19.270000 -10.726647 19.270000 
88	(  -5.63      20.65     -13.03       5.09     )	5.630000 29.322647 -14.861200 -29.322647 14.861200 
89	(  -5.63       4.65     -13.51       5.6      )	5.630000 0.583447 -4.313100 -0.583447 4.313100 
90	(  -5.63       4.65     -13.55       4.77     )	5.630000 -0.498953 4.294000 0.498953 -4.294000 
91	(  -5.65       7.65     -13.61       4.88     )	5.650000 2.780025 0.458100 -2.780025 -0.458100 
92	(  -5.64       5.65     -13.53       5.31     )	5.640000 1.995244 -2.036500 -1.995244 2.036500 
93	(  -5.64       5.65     -13.53       5.17     )	5.640000 1.995244 -0.569300 -1.995244 0.569300 
94	(  -5.62       1.65     -13.43       5.34     )	5.620000 -1.210572 1.418800 1.210572 -1.418800 
95	(  -5.63       4.65     -13.46       5.24     )	5.630000 1.931947 -0.410700 -1.931947 0.410700 

BBE ( SOL ) BBO
96	(  -5.13       4.65     -13.53       5.1      )	5.130000 -43.405203 -4.343100 43.405203 4.343100 
97	(  -5.62      12.65     -13.73       4.98     )	5.620000 1.641428 -5.866000 -1.641428 5.866000 
98	(  -5.62      14.65     -13.49       5.3      )	5.620000 10.174228 -11.155600 -10.174228 11.155600 
99	(  -5.64      11.65     -13.33       4.94     )	5.640000 13.367244 -4.244000 -13.367244 4.244000 
100	(  -5.64       2.65     -13.51       5.13     )	5.640000 -0.463956 2.842700 0.463956 -2.842700 
101	(  -5.64       2.65     -13.58       5.25     )	5.640000 -2.360256 1.597100 2.360256 -1.597100 
102	(  -5.62       2.65     -13.42       5.21     )	5.620000 0.057928 1.790300 -0.057928 -1.790300 
103	(  -5.6        0.65     -13.37       5.22     )	5.600000 -2.490900 3.461600 2.490900 -3.461600 
104	(  -5.62       2.65     -13.47       5.12     )	5.620000 -1.286572 2.720000 1.286572 -2.720000 
105	(  -5.63       3.65     -13.46       5.21     )	5.630000 0.931947 0.902800 -0.931947 -0.902800 
106	(  -5.61       9.65     -13.6        5.2      )	5.610000 1.248481 -5.217900 -1.248481 5.217900 
107	(  -5.43       7.65     -13.57       5.01     )	5.430000 -16.391893 -3.265200 16.391893 3.265200 
108	(  -5.45      -0.35     -13.57       5.15     )	5.450000 -22.616275 3.530000 22.616275 -3.530000 
109	(  -5.51       6.65     -13.43       5.14     )	5.510000 -6.430749 -2.709500 6.430749 2.709500 
110	(  -5.65       4.65     -13.53       5.09     )	5.650000 1.951225 1.364400 -1.951225 -1.364400 
111	(  -5.56       4.65     -13.5227     5.1699   )	5.560000 -6.333799 -0.464266 6.333799 0.464266 
112	(  -5.62       1.65     -13.44       5.36     )	5.620000 -1.479272 1.204800 1.479272 -1.204800 
113	(  -5.62       2.65     -13.45       5.2875   )	5.620000 -0.748172 0.976744 0.748172 -0.976744 
114	(  -5.63       5.65     -13.5        5.0638   )	5.630000 1.853547 0.404830 -1.853547 -0.404830 
115	(  -5.62       2.65     -13.4475     5.2709   )	5.620000 -0.680928 1.152013 0.680928 -1.152013 
116	(  -5.53       4.65     -13.4814     5.1373   )	5.530000 -7.985769 -0.460951 7.985769 0.460951 
117	(  -5.61       6.65     -13.5427     5.0903   )	5.610000 -0.196242 -1.089054 0.196242 1.089054 
118	(  -5.55       3.65     -13.5291     5.05     )	5.550000 -8.432672 1.650000 8.432672 -1.650000 
119	(  -5.57       4.65     -13.58       5.1276   )	5.570000 -6.957707 0.082618 6.957707 -0.082618 
120	(  -5.63       4.65     -13.5299     5.0999   )	5.630000 0.045353 1.037920 -0.045353 -1.037920 
121	(  -5.6307     6.65     -13.5422     5.1026   )	5.630700 1.778938 -0.981744 -1.778938 0.981744 
122	(  -5.63       7.65     -13.6113     5.0401   )	5.630000 0.836059 -1.355708 -0.836059 1.355708 
123	(  -5.6225     3.65     -13.4678     5.1675   )	5.622500 0.009680 1.259450 -0.009680 -1.259450 
124	(  -5.58       4.65     -13.5303     5.0985   )	5.580000 -4.677906 0.491698 4.677906 -0.491698 
125	(  -5.6273     4.65     -13.5255     5.12     )	5.627300 -0.092225 0.802105 0.092225 -0.802105 
126	(  -5.6173     4.65     -13.512      5.18     )	5.617300 -0.675527 0.071659 0.675527 -0.071659 
127	(  -5.5873     4.65     -13.472      5.36     )	5.587300 -2.420892 -2.161679 2.420892 2.161679 
128	(  -5.6473     2.65     -13.522      5.36     )	5.647300 -0.090808 0.512397 0.090808 -0.512397 
129	(  -5.6273     3.65     -13.512      5.28     )	5.627300 -0.727219 0.138105 0.727219 -0.138105 
130	(  -5.5773     3.65     -13.622      5.36     )	5.577300 -8.419855 -1.273325 8.419855 1.273325 
131	(  -5.5173     3.65     -13.442      5.36     )	5.517300 -9.087446 -1.939001 9.087446 1.939001 
132	(  -5.6473     2.65     -13.522      5.46     )	5.647300 -0.090808 -0.569603 0.090808 0.569603 
133	(  -5.8473     3.65     -13.522      5.36     )	5.847300 20.730067 1.811317 -20.730067 -1.811317 
134	(  -5.5673     1.65     -13.502      5.35     )	5.567300 -8.096491 0.722329 8.096491 -0.722329 
135	(  -5.7373    -3.35     -13.552      5.9      )	5.737300 1.845770 1.456611 -1.845770 -1.456611 

BBE ( SOL ) BBO
136	(  -5.6573     2.65     -13.532      5.46     )	5.657300 0.597107 -0.456557 -0.597107 0.456557 
137	(  -5.6473     2.65     -13.512      5.52     )	5.647300 0.179532 -1.228403 -0.179532 1.228403 
138	(  -5.6273     3.65     -13.522      5.22     )	5.627300 -0.997559 0.768105 0.997559 -0.768105 
139	(  -5.5473     2.65     -13.422      5.35     )	5.547300 -6.795588 -0.499963 6.795588 0.499963 
140	(  -5.5773     3.65     -13.502      5.36     )	5.577300 -5.164975 -1.273325 5.164975 1.273325 
141	(  -5.6273     2.65     -13.512      5.46     )	5.627300 -1.727219 -0.795095 1.727219 0.795095 
142	(  -5.4473     2.65     -13.582      5.35     )	5.447300 -20.182570 -1.599423 20.182570 1.599423 
143	(  -5.6373     2.64     -13.473      5.3962   )	5.637300 0.266881 0.020177 -0.266881 -0.020177 
144	(  -5.6073     2.61     -13.323      5.5062   )	5.607300 1.411351 -1.486425 -1.411351 1.486425 
145	(  -5.6573     1.67     -13.493      5.4862   )	5.657300 0.671082 0.236653 -0.671082 -0.236653 
146	(  -5.6173     4.63     -13.523      5.2162   )	5.617300 -0.992912 -0.284683 0.992912 0.284683 
147	(  -5.6473     2.41     -13.503      5.4162   )	5.647300 0.182667 0.146775 -0.182667 -0.146775 
148	(  -5.5573     2.5      -13.603      5.4762   )	5.557300 -10.912272 -1.605183 10.912272 1.605183 
149	(  -5.6373     1.91     -13.503      5.4162   )	5.637300 -1.272399 0.533929 1.272399 -0.533929 
150	(  -5.5573     2.44     -13.403      5.4362   )	5.557300 -5.571072 -1.108687 5.571072 1.108687 
151	(  -5.5973     2.43     -13.523      5.3162   )	5.597300 -5.079423 0.637785 5.079423 -0.637785 
152	(  -5.6773     1.72     -13.593      5.4762   )	5.677300 -0.060418 0.522969 0.060418 -0.522969 
153	(  -5.6773     1.89     -13.593      5.5062   )	5.677300 0.109582 0.023497 -0.109582 -0.023497 
154	(  -5.6573     2.15     -13.523      5.3762   )	5.657300 0.340602 0.951517 -0.340602 -0.951517 
155	(  -5.6473     2.52     -13.523      5.4362   )	5.647300 -0.247853 -0.180273 0.247853 0.180273 
156	(  -5.6573     2.08     -13.523      5.5162   )	5.657300 0.270602 -0.503419 -0.270602 0.503419 
157	(  -5.6473     2.51     -13.523      5.3962   )	5.647300 -0.257853 0.263023 0.257853 -0.263023 
158	(  -5.6673     1.39     -13.593      5.5062   )	5.667300 -1.355668 0.410051 1.355668 -0.410051 
159	(  -5.6473     1.89     -13.493      5.5062   )	5.647300 -0.067373 -0.316241 0.067373 0.316241 
160	(  -5.5773     1.92     -13.623      5.4862   )	5.577300 -10.177100 -0.912115 10.177100 0.912115 
161	(  -5.6573     1.89     -13.593      5.6062   )	5.657300 -1.817518 -1.314435 1.817518 1.314435 
162	(  -5.7673     0.33     -13.863      5.7762   )	5.767300 -0.022282 -0.432737 0.022282 0.432737 
163	(  -5.6773     2.24     -13.613      5.4762   )	5.677300 -0.084538 0.002969 0.084538 -0.002969 
164	(  -5.6773     3.24     -13.673      5.3862   )	5.677300 -0.721698 -0.019415 0.721698 0.019415 
165	(  -5.6773     1.24     -13.593      5.5562   )	5.677300 -0.540418 0.120377 0.540418 -0.120377 
166	(  -5.6773     2.24     -13.573      5.4662   )	5.677300 1.002902 0.112393 -1.002902 -0.112393 
167	(  -5.6573     2.24     -13.533      5.4462   )	5.657300 0.160042 0.103949 -0.160042 -0.103949 
168	(  -5.5773     1.24     -13.673      5.4862   )	5.577300 -12.221900 -0.232115 12.221900 0.232115 
169	(  -5.5973     3.24     -13.413      5.4262   )	5.597300 -1.306463 -1.353879 1.306463 1.353879 
170	(  -5.6473     3.24     -13.813      5.4562   )	5.647300 -7.455293 -1.118121 7.455293 1.118121 
171	(  -5.6673     2.24     -13.603      5.6762   )	5.667300 -0.777628 -2.340957 0.777628 2.340957 
172	(  -5.6873     2.24     -13.623      5.2762   )	5.687300 0.611758 2.267095 -0.611758 -2.267095 
173	(  -5.6773     3.29     -13.673      5.3862   )	5.677300 -0.671698 -0.069415 0.671698 0.069415 
174	(  -5.6323     1.24     -13.413      5.5162   )	5.632300 0.003776 0.054341 -0.003776 -0.054341 
175	(  -5.5023    -1.76     -12.813      5.6362   )	5.502300 0.650843 0.268555 -0.650843 -0.268555 

BBE ( SOL ) BBO
176	(  -5.6023     3.24     -13.373      5.3062   )	5.602300 0.235344 -0.009993 -0.235344 0.009993 
177	(  -5.6723     1.24     -13.573      5.5562   )	5.672300 -0.480149 0.063629 0.480149 -0.063629 
178	(  -5.6523     2.24     -13.523      5.4562   )	5.652300 -0.049049 -0.061623 0.049049 0.061623 
179	(  -5.6623     1.24     -13.543      5.5362   )	5.662300 -0.630218 0.172131 0.630218 -0.172131 
180	(  -5.6623     2.24     -13.533      5.4662   )	5.662300 0.640542 -0.057701 -0.640542 0.057701 
181	(  -5.5323     1.24     -13.413      5.5162   )	5.532300 -9.345096 -1.062119 9.345096 1.062119 
182	(  -5.6223     2.24     -13.393      5.6362   )	5.622300 0.589901 -2.396493 -0.589901 2.396493 
183	(  -5.6323     1.24     -13.213      5.5062   )	5.632300 5.328976 0.164565 -5.328976 -0.164565 
184	(  -5.6323     2.24     -13.403      5.3162   )	5.632300 1.271936 1.220821 -1.271936 -1.220821 
185	(  -5.4973    -1.76     -12.813      5.6362   )	5.497300 0.197126 0.213557 -0.197126 -0.213557 
186	(  -5.597      1.24     -13.293      5.4862   )	5.597000 -0.129938 -0.011981 0.129938 0.011981 
187	(  -5.7226     2.57     -13.783      5.4962   )	5.722600 0.003479 -0.030064 -0.003479 0.030064 
188	(  -5.6912     2.23     -13.653      5.4862   )	5.691200 0.162179 0.061367 -0.162179 -0.061367 
189	(  -5.665      2.26     -13.573      5.4662   )	5.665000 -0.163874 -0.047117 0.163874 0.047117 
190	(  -5.6742     1.98     -13.593      5.4962   )	5.674200 -0.100010 0.008331 0.100010 -0.008331 
191	(  -5.6726     2.18     -13.823      5.5262   )	5.672600 -6.360190 -0.540496 6.360190 0.540496 
192	(  -5.6918     2.75     -13.683      5.5162   )	5.691800 -0.079594 -0.781875 0.079594 0.781875 
193	(  -5.6987     2.71     -13.803      5.3962   )	5.698700 -2.746491 0.646207 2.746491 -0.646207 
194	(  -5.7386     2.07     -13.713      5.4362   )	5.738600 3.004509 1.309260 -3.004509 -1.309260 
195	(  -5.7635     2.34     -13.873      5.5162   )	5.763500 1.331424 0.449470 -1.331424 -0.449470 
196	(  -5.9935     6.56     -14.893      5.4362   )	5.993500 0.057311 -0.190228 -0.057311 0.190228 
197	(  -5.7046     3.24     -13.733      5.4062   )	5.704600 0.286435 0.075463 -0.286435 -0.075463 
198	(  -5.6681     2.17     -13.573      5.4762   )	5.668100 0.044747 -0.031409 -0.044747 0.031409 
199	(  -5.6604     1.87     -13.533      5.4962   )	5.660400 0.087852 -0.038086 -0.087852 0.038086 
200	(  -5.6731     2.15     -13.593      5.4862   )	5.673100 -0.036238 -0.064327 0.036238 0.064327 
201	(  -5.6958     1.83     -13.663      5.5362   )	5.695800 -0.063641 -0.037373 0.063641 0.037373 
202	(  -5.6849     1.93     -13.623      5.5162   )	5.684900 0.068970 -0.040374 -0.068970 0.040374 
203	(  -5.7014     2.71     -13.683      5.4862   )	5.701400 0.815003 -0.302428 -0.815003 0.302428 
204	(  -5.7085     3.07     -13.823      5.4962   )	5.708500 -1.982598 -0.691242 1.982598 0.691242 
205	(  -5.6726     2.37     -13.813      5.5062   )	5.672600 -5.893830 -0.509848 5.893830 0.509848 
206	(  -5.718      2.55     -13.793      5.3962   )	5.718000 -0.743843 1.026550 0.743843 -1.026550 
207	(  -5.7235     2.57     -13.783      5.4962   )	5.723500 0.091912 -0.019762 -0.091912 0.019762 
208	(  -5.7091     2.7      -13.7251     5.4635   )	5.709100 0.403024 0.043991 -0.403024 -0.043991 
209	(  -5.6863     1.76     -13.623      5.5262   )	5.686300 0.034739 0.035121 -0.034739 -0.035121 
210	(  -5.683      1.85     -13.6155     5.5162   )	5.683000 0.009107 0.018027 -0.009107 -0.018027 
211	(  -5.5642    -0.31     -13.1155     5.5762   )	5.564200 -0.056919 0.176315 0.056919 -0.176315 
212	(  -5.7228     2.74     -13.7855     5.4762   )	5.722800 0.124207 0.021673 -0.124207 -0.021673 
213	(  -5.694      1.54     -13.6455     5.5562   )	5.694000 -0.050875 0.010278 0.050875 -0.010278 
214	(  -5.6746     2.01     -13.5955     5.4962   )	5.674600 -0.099342 -0.017129 0.099342 0.017129 
215	(  -5.633      1.62     -13.6255     5.4962   )	5.633000 -5.295279 -0.097525 5.295279 0.097525 

BBE ( SOL ) BBO
216	(  -5.6549     2.2      -13.5855     5.6162   )	5.654900 -1.534017 -1.763808 1.534017 1.763808 
217	(  -5.6695     2.35     -13.6055     5.4262   )	5.669500 -0.523586 0.349584 0.523586 -0.349584 
218	(  -5.68       1.96     -13.7155     5.5262   )	5.680000 -2.904508 -0.236486 2.904508 0.236486 
219	(  -5.6839     1.84     -13.6155     5.5162   )	5.683900 0.086321 0.038257 -0.086321 -0.038257 
220	(  -5.5642    -0.31     -13.113      5.5762   )	5.564200 0.008653 0.176315 -0.008653 -0.176315 
221	(  -5.6735     2.19     -13.5948     5.4769   )	5.673500 -0.006552 0.002169 0.006552 -0.002169 
222	(  -5.645      3.21     -13.5348     5.3569   )	5.645000 -0.097100 -0.040353 0.097100 0.040353 
223	(  -5.6544     1.32     -13.4948     5.5369   )	5.654400 -0.005797 -0.005022 0.005797 0.005022 
224	(  -5.6805     2.21     -13.6248     5.4869   )	5.680500 -0.126345 -0.047991 0.126345 0.047991 
225	(  -5.6848     1.87     -13.6248     5.5169   )	5.684800 -0.049772 0.010765 0.049772 -0.010765 
226	(  -5.6235     2.16     -13.5948     5.4669   )	5.623500 -4.822416 -0.423243 4.822416 0.423243 
227	(  -5.6708     2.22     -13.5848     5.5769   )	5.670800 0.034640 -1.163841 -0.034640 1.163841 
228	(  -5.671      2.69     -13.5848     5.4669   )	5.671000 0.523936 -0.416755 -0.523936 0.416755 
229	(  -5.6738     2.12     -13.4948     5.4669   )	5.673800 2.661379 0.185011 -2.661379 -0.185011 
230	(  -5.6741     2.18     -13.6048     5.4769   )	5.674100 -0.230603 0.018977 0.230603 -0.018977 
231	(  -5.645      3.21     -13.5327     5.359    )	5.645000 -0.040258 -0.062856 0.040258 0.062856 
232	(  -5.6709     2.28     -13.5885     5.4665   )	5.670900 0.003747 -0.003515 -0.003747 0.003515 
233	(  -5.6631     2.55     -13.5685     5.4365   )	5.663100 0.065398 -0.034831 -0.065398 0.034831 
234	(  -5.6431     3.22     -13.5285     5.3465   )	5.643100 -0.098176 0.039515 0.098176 -0.039515 
235	(  -5.6183     1.25     -13.3685     5.5065   )	5.618300 -0.123496 -0.006247 0.123496 0.006247 
236	(  -5.6965     2.24     -13.6785     5.4965   )	5.696500 -0.009298 -0.001400 0.009298 0.001400 
237	(  -5.6209     2.59     -13.6185     5.4365   )	5.620900 -5.283923 -0.551015 5.283923 0.551015 
238	(  -5.6327     2.16     -13.4885     5.5565   )	5.632700 -1.069217 -1.307383 1.069217 1.307383 
239	(  -5.6501     1.79     -13.6885     5.5165   )	5.650100 -5.213330 -0.298142 5.213330 0.298142 
240	(  -5.6535     1.87     -13.5385     5.3665   )	5.653500 -0.723463 1.292740 0.723463 -1.292740 
241	(  -5.6722     2.29     -13.5885     5.4665   )	5.672200 0.139196 0.001231 -0.139196 -0.001231 
242	(  -5.6631     2.55     -13.5696     5.4353   )	5.663100 0.035546 -0.021784 -0.035546 0.021784 
243	(  -5.6648     2.63     -13.5797     5.4279   )	5.664800 0.004948 -0.002139 -0.004948 0.002139 
244	(  -5.6353     1.97     -13.4504     5.4576   )	5.635300 0.014742 0.001208 -0.014742 -0.001208 
245	(  -5.6812     2.17     -13.6215     5.4868   )	5.681200 -0.008661 0.001059 0.008661 -0.001059 
246	(  -5.6509     2.4      -13.5746     5.4826   )	5.650900 -1.421436 -0.526232 1.421436 0.526232 
247	(  -5.6593     2.2      -13.6385     5.4559   )	5.659300 -2.554453 0.060832 2.554453 -0.060832 
248	(  -5.6631     2.08     -13.5587     5.4728   )	5.663100 -0.138755 0.039162 0.138755 -0.039162 
249	(  -5.6673     2.3      -13.5748     5.4165   )	5.667300 0.048786 0.479817 -0.048786 -0.479817 
250	(  -5.6713     2.28     -13.5886     5.4669   )	5.671300 0.039622 -0.003352 -0.039622 0.003352 
251	(  -5.6661     2.12     -13.567      5.4765   )	5.666100 -0.035109 -0.007363 0.035109 0.007363 
252	(  -5.6487     2.4      -13.5138     5.4326   )	5.648700 0.014865 -0.005331 -0.014865 0.005331 
253	(  -5.6846     2.28     -13.6373     5.4805   )	5.684600 0.000062 -0.001203 -0.000062 0.001203 
254	(  -5.6746     2.28     -13.6501     5.4807   )	5.674600 -1.316952 -0.116987 1.316952 0.116987 
255	(  -5.6844     2.38     -13.6359     5.4805   )	5.684400 0.118857 -0.103477 -0.118857 0.103477 

BBE ( SOL ) BBO
256	(  -5.6782     2.27     -13.6173     5.4797   )	5.678200 -0.084589 -0.055157 0.084589 0.055157 
257	(  -5.6845     2.28     -13.6366     5.5005   )	5.684500 0.009460 -0.221960 -0.009460 0.221960 
258	(  -5.6848     2.28     -13.6374     5.4803   )	5.684800 0.016725 0.003263 -0.016725 -0.003263 
259	(  -5.7257     2.28     -13.7837     5.5225   )	5.725700 -0.001095 0.005634 0.001095 -0.005634 
260	(  -5.6909     2.21     -13.6522     5.4943   )	5.690900 0.134873 -0.010990 -0.134873 0.010990 
261	(  -5.6657     2.52     -13.5787     5.4391   )	5.665700 0.008763 -0.003652 -0.008763 0.003652 
262	(  -5.6773     2.26     -13.6108     5.4749   )	5.677300 -0.004646 -0.002795 0.004646 0.002795 
263	(  -5.6746     2.28     -13.637      5.4773   )	5.674600 -0.959491 -0.079730 0.959491 0.079730 
264	(  -5.6851     2.38     -13.6361     5.4679   )	5.685100 0.181267 0.042432 -0.181267 -0.042432 
265	(  -5.6827     2.35     -13.6417     5.5005   )	5.682700 -0.234097 -0.312421 0.234097 0.312421 
266	(  -5.6844     2.29     -13.6173     5.4841   )	5.684400 0.535766 -0.052949 -0.535766 0.052949 
267	(  -5.6854     2.22     -13.6455     5.4744   )	5.685400 -0.206090 0.134718 0.206090 -0.134718 
268	(  -5.684368   2.2206   -13.6356     5.4866   )	5.684368 -0.035437 -0.011337 0.035437 0.011337 
269	(  -5.6753     2.535    -13.6134     5.448    )	5.675300 0.006249 -0.006674 -0.006249 0.006674 
270	(  -5.67395    2.2763   -13.5994     5.4697   )	5.673950 -0.001887 -0.000209 0.001887 0.000209 
271	(  -5.6796     2.2741   -13.6405     5.4783   )	5.679600 -0.577420 -0.028015 0.577420 0.028015 
272	(  -5.68395    2.23     -13.632      5.4841   )	5.683950 0.031583 0.001935 -0.031583 -0.001935 
273	(  -5.682785   2.307    -13.6348     5.4905   )	5.682785 -0.080655 -0.158545 0.080655 0.158545 
274	(  -5.68337    2.2983   -13.6273     5.4751   )	5.683370 0.171793 0.025675 -0.171793 -0.025675 
275	(  -5.684687   2.2801   -13.6374     5.4804   )	5.684687 0.005864 0.000782 -0.005864 -0.000782 
276	(  -5.684575   2.28     -13.6374     5.481581 )	5.684575 -0.005046 -0.013332 0.005046 0.013332 
277	(  -5.679068   2.3782   -13.62095    5.46595  )	5.679068 0.008208 -0.002991 -0.008208 0.002991 
278	(  -5.680667   2.2221   -13.621363   5.481587 )	5.680667 -0.004408 0.000077 0.004408 -0.000077 
279	(  -5.673572   2.2391   -13.597031   5.472944 )	5.673572 -0.011209 -0.002798 0.011209 0.002798 
280	(  -5.681908   2.2699   -13.627308   5.478536 )	5.681908 0.001557 -0.000176 -0.001557 0.000176 
281	(  -5.6826     2.2763   -13.639963   5.47978  )	5.682600 -0.270097 -0.012346 0.270097 0.012346 
282	(  -5.684319   2.2833   -13.634911   5.4755   )	5.684319 0.041276 0.047082 -0.041276 -0.047082 
283	(  -5.684211   2.26     -13.633998   5.481393 )	5.684211 0.032404 0.004585 -0.032404 -0.004585 
284	(  -5.68297    2.299    -13.6323     5.484245 )	5.682970 -0.002563 -0.079795 0.002563 0.079795 
285	(  -5.684643   2.28     -13.63738    5.480511 )	5.684643 0.002042 -0.000833 -0.002042 0.000833 
286	(  -5.684781   2.2794   -13.638476   5.480617 )	5.684781 -0.015113 0.000166 0.015113 -0.000166 
287	(  -5.681222   2.2459   -13.624275   5.480167 )	5.681222 -0.006230 -0.001846 0.006230 0.001846 
288	(  -5.683821   2.2716   -13.634119   5.480342 )	5.683821 0.002885 0.000072 -0.002885 -0.000072 
289	(  -5.684391   2.2807   -13.6393     5.480338 )	5.684391 -0.074051 -0.002504 0.074051 0.002504 
290	(  -5.6836     2.2806   -13.636863   5.480369 )	5.683600 -0.084346 -0.011735 0.084346 0.011735 
291	(  -5.68453    2.27     -13.637413   5.480491 )	5.684530 -0.019806 0.008100 0.019806 -0.008100 
292	(  -5.684521   2.28     -13.637429   5.4825   )	5.684521 -0.011114 -0.024027 0.011114 0.024027 
293	(  -5.684614   2.2801   -13.637282   5.480483 )	5.684614 0.001971 -0.000963 -0.001971 0.000963 
294	(  -5.684019   2.273929 -13.639179   5.481201 )	5.684019 -0.113616 -0.009428 0.113616 0.009428 
295	(  -5.684152   2.27575  -13.635641   5.480518 )	5.684152 -0.002384 -0.002245 0.002384 0.002245 

BBE ( SOL ) BBO
296	(  -5.684286   2.276838 -13.63608    5.480488 )	5.684286 -0.000322 -0.001489 0.000322 0.001489 
297	(  -5.68525    2.286869 -13.639902   5.480649 )	5.685250 -0.001007 -0.002315 0.001007 0.002315 
298	(  -5.684178   2.275417 -13.635565   5.480419 )	5.684178 0.001911 -0.000525 -0.001911 0.000525 
299	(  -5.684196   2.276178 -13.635733   5.480434 )	5.684196 -0.000229 -0.001257 0.000229 0.001257 
300	(  -5.683972   2.274266 -13.63491    5.480396 )	5.683972 -0.001365 -0.001468 0.001365 0.001468 
301	(  -5.684016   2.274117 -13.635057   5.480438 )	5.684016 -0.001259 -0.001275 0.001259 0.001275 
302	(  -5.683717   2.271125 -13.633945   5.480415 )	5.683717 -0.002873 -0.001430 0.002873 0.001430 
303	(  -5.68437    2.27815  -13.636521   5.480511 )	5.684370 -0.002784 -0.002088 0.002784 0.002088 
304	(  -5.684226   2.2761   -13.635804   5.480442 )	5.684226 0.000737 -0.000915 -0.000737 0.000915 
305	(  -5.684638   2.280441 -13.637401   5.480495 )	5.684638 0.001384 -0.001157 -0.001384 0.001157 
306	(  -5.684171   2.275698 -13.635643   5.480452 )	5.684171 -0.000598 -0.001245 0.000598 0.001245 
307	(  -5.684311   2.27715  -13.63616    5.480426 )	5.684311 0.000308 -0.000822 -0.000308 0.000822 
308	(  -5.684305   2.277072 -13.63614    5.480441 )	5.684305 0.000150 -0.000989 -0.000150 0.000989 
309	(  -5.684495   2.279016 -13.636855   5.480449 )	5.684495 0.001038 -0.000853 -0.001038 0.000853 
310	(  -5.684252   2.276528 -13.635946   5.480451 )	5.684252 -0.000189 -0.001148 0.000189 0.001148 
311	(  -5.684566   2.28025  -13.637228   5.480377 )	5.684566 -0.001031 -0.000491 0.001031 0.000491 
312	(  -5.683854   2.26085  -13.634151   5.48136  )	5.683854 -0.005485 0.000044 0.005485 -0.000044 
313	(  -5.684491   2.27935  -13.636933   5.480406 )	5.684491 -0.001168 -0.000760 0.001168 0.000760 
314	(  -5.684292   2.27695  -13.636086   5.480433 )	5.684292 0.000298 -0.000914 -0.000298 0.000914 
315	(  -5.683955   2.28715  -13.634947   5.480708 )	5.683955 0.008881 -0.017960 -0.008881 0.017960 
316	(  -5.683311   2.26995  -13.635715   5.481219 )	5.683311 -0.091673 -0.013682 0.091673 0.013682 
317	(  -5.683419   2.28135  -13.63816    5.47996  )	5.683419 -0.136493 -0.010054 0.136493 0.010054 
318	(  -5.683892   2.27415  -13.634732   5.479426 )	5.683892 -0.004362 0.008375 0.004362 -0.008375 
319	(  -5.684338   2.27715  -13.636171   5.48043  )	5.684338 0.002597 -0.000561 -0.002597 0.000561 
320	(  -5.684566   2.2803   -13.637228   5.480377 )	5.684566 -0.000981 -0.000541 0.000981 0.000541 
321	(  -5.684572   2.277382 -13.637046   5.4806   )	5.684572 0.001615 -0.000005 -0.001615 0.000005 
322	(  -5.684171   2.275486 -13.635579   5.480461 )	5.684171 0.000919 -0.001141 -0.000919 0.001141 
323	(  -5.684467   2.279059 -13.636816   5.480398 )	5.684467 -0.000544 -0.000654 0.000544 0.000654 
324	(  -5.683967   2.276101 -13.636362   5.480046 )	5.683967 -0.039585 0.000477 0.039585 -0.000477 
325	(  -5.68423    2.282308 -13.635816   5.480784 )	5.684230 0.006975 -0.010836 -0.006975 0.010836 
326	(  -5.68416    2.27583  -13.637461   5.480898 )	5.684160 -0.051130 -0.006397 0.051130 0.006397 
327	(  -5.684832   2.274059 -13.636049   5.480547 )	5.684832 0.050781 0.006870 -0.050781 -0.006870 
328	(  -5.684738   2.283287 -13.637359   5.480545 )	5.684738 0.015122 -0.003407 -0.015122 0.003407 
329	(  -5.684935   2.284786 -13.638783   5.480315 )	5.684935 -0.003098 -0.000150 0.003098 0.000150 
330	(  -5.684935   2.287102 -13.638753   5.48009  )	5.684935 0.000041 -0.000005 -0.000041 0.000005 
331	(  -5.684698   2.283059 -13.637767   5.480232 )	5.684698 -0.000098 -0.000209 0.000098 0.000209 
332	(  -5.6846     2.281562 -13.63736    5.480284 )	5.684600 -0.000036 -0.000404 0.000036 0.000404 
333	(  -5.684435   2.287577 -13.638776   5.480014 )	5.684435 -0.048585 -0.005322 0.048585 0.005322 
334	(  -5.684848   2.282102 -13.638509   5.480327 )	5.684848 -0.006714 0.001415 0.006714 -0.001415 
335	(  -5.684947   2.287781 -13.637753   5.47998  )	5.684947 0.029139 0.000656 -0.029139 -0.000656 

BBE ( SOL ) BBO
336	(  -5.684882   2.289745 -13.638602   5.48059  )	5.684882 0.001609 -0.008737 -0.001609 0.008737 
337	(  -5.685031   2.286677 -13.639271   5.480156 )	5.685031 -0.005194 0.000799 0.005194 -0.000799 
338	(  -5.686339   2.311231 -13.644564   5.479168 )	5.686339 0.001795 0.001943 -0.001795 -0.001943 
339	(  -5.684799   2.283384 -13.638135   5.480288 )	5.684799 -0.000001 0.000001 0.000001 -0.000001 
340	(  -5.684391   2.272184 -13.63628    5.480881 )	5.684391 -0.000177 0.000063 0.000177 -0.000063 
341	(  -5.684038   2.269984 -13.634937   5.480723 )	5.684038 0.000019 -0.000017 -0.000019 0.000017 
342	(  -5.684384   2.273284 -13.636285   5.480759 )	5.684384 0.000055 0.000214 -0.000055 -0.000214 
343	(  -5.684462   2.275684 -13.636656   5.480627 )	5.684462 -0.000027 0.000152 0.000027 -0.000152 
344	(  -5.683799   2.283184 -13.638056   5.480273 )	5.683799 -0.094980 -0.011004 0.094980 0.011004 
345	(  -5.684741   2.293384 -13.63956    5.481105 )	5.684741 -0.034495 -0.019614 0.034495 0.019614 
346	(  -5.684773   2.273384 -13.640098   5.480654 )	5.684773 -0.066069 0.005693 0.066069 -0.005693 
347	(  -5.684818   2.280184 -13.63674    5.481288 )	5.684818 0.036689 -0.007545 -0.036689 0.007545 
348	(  -5.684809   2.283584 -13.638188   5.480215 )	5.684809 -0.000310 0.000715 0.000310 -0.000715 
349	(  -5.684391   2.272231 -13.63628    5.480881 )	5.684391 -0.000130 0.000017 0.000130 -0.000017 
350	(  -5.685235   2.287712 -13.639841   5.480345 )	5.685235 0.000003 0.000000 -0.000003 -0.000000 
351	(  -5.685112   2.29186  -13.639553   5.479842 )	5.685112 0.000160 -0.000028 -0.000160 0.000028 
352	(  -5.684572   2.277138 -13.637098   5.480621 )	5.684572 -0.000057 0.000006 0.000057 -0.000006 
353	(  -5.684299   2.285601 -13.638219   5.480253 )	5.684299 -0.048547 -0.007514 0.048547 0.007514 
354	(  -5.684547   2.278384 -13.63771    5.480467 )	5.684547 -0.017859 0.000168 0.017859 -0.000168 
355	(  -5.684759   2.281567 -13.639135   5.480317 )	5.684759 -0.033044 0.001037 0.033044 -0.001037 
356	(  -5.684766   2.281882 -13.638078   5.479788 )	5.684766 -0.003213 0.006600 0.003213 -0.006600 
357	(  -5.684807   2.283445 -13.638129   5.480291 )	5.684807 0.001025 -0.000002 -0.001025 0.000002 
358	(  -5.684861   2.284801 -13.638406   5.480223 )	5.684861 0.000027 -0.000001 -0.000027 0.000001 
359	(  -5.684532   2.275839 -13.636907   5.480699 )	5.684532 -0.000017 -0.000004 0.000017 0.000004 
360	(  -5.684599   2.283761 -13.638211   5.480358 )	5.684599 -0.021100 -0.003412 0.021100 0.003412 
361	(  -5.684708   2.281384 -13.637729   5.480205 )	5.684708 0.000211 0.001873 -0.000211 -0.001873 
362	(  -5.68475    2.285156 -13.637914   5.480088 )	5.684750 0.002971 -0.000143 -0.002971 0.000143 
363	(  -5.684762   2.282562 -13.638635   5.480136 )	5.684762 -0.018103 0.002057 0.018103 -0.002057 
364	(  -5.684803   2.283391 -13.638135   5.480292 )	5.684803 0.000359 -0.000003 -0.000359 0.000003 
365	(  -5.68486    2.284725 -13.638337   5.48021  )	5.684860 0.001754 0.000206 -0.001754 -0.000206 
366	(  -5.684992   2.288425 -13.639002   5.480029 )	5.684992 0.000082 -0.000011 -0.000082 0.000011 
367	(  -5.684677   2.27996  -13.637574   5.480473 )	5.684677 -0.000022 0.000002 0.000022 -0.000002 
368	(  -5.684776   2.283144 -13.638042   5.480188 )	5.684776 0.000067 0.001077 -0.000067 -0.001077 
369	(  -5.684777   2.282384 -13.638157   5.480312 )	5.684777 -0.003746 0.000487 0.003746 -0.000487 
370	(  -5.684899   2.283123 -13.638034   5.480295 )	5.684899 0.012164 0.001326 -0.012164 -0.001326 
371	(  -5.684749   2.283515 -13.637935   5.480343 )	5.684749 0.000713 -0.001299 -0.000713 0.001299 
372	(  -5.684788   2.283741 -13.63833    5.48033  )	5.684788 -0.006117 -0.000952 0.006117 0.000952 
373	(  -5.684391   2.272231 -13.63628    5.480881 )	5.684391 -0.000130 0.000017 0.000130 -0.000017 
374	(  -5.684804   2.283621 -13.638178   5.480274 )	5.684804 -0.000467 -0.000022 0.000467 0.000022 
375	(  -5.684938   2.284565 -13.638667   5.480305 )	5.684938 0.000121 0.000207 -0.000121 -0.000207 

BBE ( SOL ) BBO
376	(  -5.684758   2.283435 -13.637992   5.48025  )	5.684758 -0.000043 -0.000105 0.000043 0.000105 
377	(  -5.684749   2.283743 -13.638113   5.480336 )	5.684749 -0.003900 -0.001454 0.003900 0.001454 
378	(  -5.684769   2.283671 -13.638157   5.480238 )	5.684769 -0.003235 -0.000079 0.003235 0.000079 
379	(  -5.684792   2.283294 -13.638035   5.480276 )	5.684792 0.001934 0.000141 -0.001934 -0.000141 
380	(  -5.684759   2.282884 -13.638165   5.480287 )	5.684759 -0.005226 0.000056 0.005226 -0.000056 
381	(  -5.684813   2.283433 -13.638236   5.480296 )	5.684813 -0.001377 0.000023 0.001377 -0.000023 
382	(  -5.684802   2.283297 -13.638111   5.48029  )	5.684802 0.000789 0.000096 -0.000789 -0.000096 
383	(  -5.684755   2.283949 -13.638015   5.480205 )	5.684755 -0.000417 -0.000154 0.000417 0.000154 
384	(  -5.684791   2.28353  -13.638105   5.48027  )	5.684791 0.000165 -0.000041 -0.000165 0.000041 
385	(  -5.684787   2.28332  -13.638097   5.480268 )	5.684787 -0.000268 0.000142 0.000268 -0.000142 
386	(  -5.684794   2.283184 -13.638146   5.480294 )	5.684794 -0.000993 0.000077 0.000993 -0.000077 
387	(  -5.684815   2.28332  -13.638175   5.480268 )	5.684815 0.000390 0.000467 -0.000390 -0.000467 
388	(  -5.684779   2.283464 -13.638181   5.480284 )	5.684779 -0.003118 -0.000266 0.003118 0.000266 
389	(  -5.684798   2.283393 -13.63813    5.48029  )	5.684798 0.000000 -0.000049 -0.000000 0.000049 
390	(  -5.684788   2.283367 -13.63812    5.480268 )	5.684788 -0.000693 0.000110 0.000693 -0.000110 
391	(  -5.684786   2.283552 -13.638083   5.480281 )	5.684786 0.000328 -0.000239 -0.000328 0.000239 
392	(  -5.684787   2.283378 -13.638094   5.480271 )	5.684787 -0.000119 0.000047 0.000119 -0.000047 
393	(  -5.68478    2.283265 -13.63807    5.48028  )	5.684780 -0.000247 -0.000013 0.000247 0.000013 
394	(  -5.684788   2.283464 -13.638096   5.480273 )	5.684788 0.000062 -0.000034 -0.000062 0.000034 
395	(  -5.684785   2.283461 -13.638082   5.480279 )	5.684785 0.000128 -0.000141 -0.000128 0.000141 
396	(  -5.684786   2.283398 -13.638091   5.480273 )	5.684786 -0.000057 -0.000000 0.000057 0.000000 
397	(  -5.684828   2.283384 -13.638234   5.480312 )	5.684828 0.000045 0.000064 -0.000045 -0.000064 
398	(  -5.684776   2.283423 -13.638052   5.480266 )	5.684776 -0.000021 -0.000063 0.000021 0.000063 
399	(  -5.684791   2.283335 -13.638108   5.480286 )	5.684791 -0.000102 -0.000022 0.000102 0.000022 
400	(  -5.684789   2.283432 -13.638099   5.480276 )	5.684789 0.000021 -0.000031 -0.000021 0.000031 
401	(  -5.684811   2.283381 -13.638175   5.480298 )	5.684811 0.000002 0.000023 -0.000002 -0.000023 
402	(  -5.684784   2.283412 -13.638083   5.480274 )	5.684784 -0.000015 -0.000041 0.000015 0.000041 
403	(  -5.684799   2.283412 -13.638132   5.480291 )	5.684799 0.000059 -0.000060 -0.000059 0.000060 
404	(  -5.684789   2.283402 -13.638101   5.480278 )	5.684789 -0.000028 -0.000015 0.000028 0.000015 
405	(  -5.684783   2.283422 -13.638079   5.480267 )	5.684783 -0.000012 0.000006 0.000012 -0.000006 
406	(  -5.684776   2.283437 -13.638054   5.480256 )	5.684776 -0.000018 0.000033 0.000018 -0.000033 
407	(  -5.684796   2.283408 -13.638124   5.480281 )	5.684796 0.000005 0.000022 -0.000005 -0.000022 
408	(  -5.684793   2.283409 -13.638114   5.480279 )	5.684793 -0.000000 0.000006 0.000000 -0.000006 
409	(  -5.684793   2.283377 -13.638115   5.48028  )	5.684793 -0.000042 0.000029 0.000042 -0.000029 
410	(  -5.68479    2.283418 -13.638103   5.480277 )	5.684790 0.000005 -0.000016 -0.000005 0.000016 
411	(  -5.684793   2.283415 -13.638114   5.480278 )	5.684793 0.000024 0.000013 -0.000024 -0.000013 
412	(  -5.68479    2.283405 -13.638105   5.480278 )	5.684790 -0.000015 -0.000008 0.000015 0.000008 
413	(  -5.684789   2.283376 -13.638121   5.480288 )	5.684789 -0.000610 -0.000104 0.000610 0.000104 
414	(  -5.684795   2.283484 -13.638145   5.480288 )	5.684795 -0.000612 -0.000150 0.000612 0.000150 
415	(  -5.684799   2.283385 -13.638135   5.480278 )	5.684799 0.000003 0.000110 -0.000003 -0.000110 

BBE ( SOL ) BBO
416	(  -5.684805   2.283463 -13.638115   5.480288 )	5.684805 0.001215 -0.000010 -0.001215 0.000010 
417	(  -5.684799   2.283382 -13.638135   5.480289 )	5.684799 -0.000006 -0.000002 0.000006 0.000002 
418	(  -5.684801   2.283435 -13.638128   5.48028  )	5.684801 0.000352 0.000050 -0.000352 -0.000050 
419	(  -5.684797   2.283381 -13.638128   5.480285 )	5.684797 -0.000015 0.000021 0.000015 -0.000021 
420	(  -5.684792   2.283409 -13.638109   5.480279 )	5.684792 0.000000 -0.000007 -0.000000 0.000007 
421	(  -5.684794   2.283403 -13.638134   5.480288 )	5.684794 -0.000451 -0.000070 0.000451 0.000070 
422	(  -5.684797   2.283334 -13.638138   5.480291 )	5.684797 -0.000361 -0.000002 0.000361 0.000002 
423	(  -5.684799   2.283369 -13.638125   5.480288 )	5.684799 0.000229 0.000008 -0.000229 -0.000008 
424	(  -5.684799   2.283362 -13.638135   5.480283 )	5.684799 -0.000085 0.000073 0.000085 -0.000073 
425	(  -5.684799   2.283392 -13.638139   5.480288 )	5.684799 -0.000081 -0.000007 0.000081 0.000007 
426	(  -5.6848     2.283398 -13.638138   5.480287 )	5.684800 0.000006 0.000004 -0.000006 -0.000004 
427	(  -5.684792   2.283394 -13.638109   5.48028  )	5.684792 -0.000009 -0.000005 0.000009 0.000005 
428	(  -5.684798   2.283397 -13.63813    5.480286 )	5.684798 0.000002 0.000002 -0.000002 -0.000002 
429	(  -5.684803   2.283377 -13.638147   5.480292 )	5.684803 -0.000003 0.000010 0.000003 -0.000010 
430	(  -5.684795   2.283401 -13.638119   5.480282 )	5.684795 -0.000001 -0.000003 0.000001 0.000003 
431	(  -5.684793   2.283413 -13.638114   5.480279 )	5.684793 0.000006 0.000004 -0.000006 -0.000004 
432	(  -5.684798   2.28339  -13.63813    5.480286 )	5.684798 -0.000003 -0.000000 0.000003 0.000000 
433	(  -5.684797   2.283383 -13.638134   5.480288 )	5.684797 -0.000186 -0.000023 0.000186 0.000023 
434	(  -5.684799   2.283364 -13.638139   5.480287 )	5.684799 -0.000154 0.000035 0.000154 -0.000035 
435	(  -5.684799   2.283399 -13.638135   5.480286 )	5.684799 -0.000006 0.000006 0.000006 -0.000006 
436	(  -5.684799   2.283396 -13.63814    5.480289 )	5.684799 -0.000140 -0.000022 0.000140 0.000022 
437	(  -5.684799   2.283384 -13.638134   5.480288 )	5.684799 0.000003 0.000001 -0.000003 -0.000001 
438	(  -5.684799   2.283388 -13.638134   5.480288 )	5.684799 0.000016 -0.000006 -0.000016 0.000006 
439	(  -5.684796   2.283402 -13.638122   5.480283 )	5.684796 -0.000005 -0.000001 0.000005 0.000001 
440	(  -5.684798   2.283389 -13.638131   5.480287 )	5.684798 0.000001 0.000000 -0.000001 -0.000000 
441	(  -5.684796   2.283402 -13.638122   5.480283 )	5.684796 0.000009 -0.000001 -0.000009 0.000001 
442	(  -5.684798   2.283378 -13.638131   5.480288 )	5.684798 -0.000002 -0.000001 0.000002 0.000001 
443	(  -5.684799   2.283384 -13.638134   5.480288 )	5.684799 0.000003 0.000001 -0.000003 -0.000001 
444	(  -5.684798   2.283388 -13.638131   5.480287 )	5.684798 -0.000002 -0.000000 0.000002 0.000000 
445	(  -5.684798   2.283409 -13.638132   5.480287 )	5.684798 0.000011 -0.000019 -0.000011 0.000019 
446	(  -5.684796   2.283389 -13.63813    5.480287 )	5.684796 -0.000155 -0.000029 0.000155 0.000029 
447	(  -5.684798   2.283387 -13.638131   5.480285 )	5.684798 -0.000033 0.000017 0.000033 -0.000017 
448	(  -5.684798   2.283387 -13.638136   5.480287 )	5.684798 -0.000192 -0.000004 0.000192 0.000004 
449	(  -5.684798   2.283388 -13.638131   5.480287 )	5.684798 0.000005 0.000001 -0.000005 -0.000001 
450	(  -5.684799   2.283383 -13.638135   5.480288 )	5.684799 -0.000000 -0.000001 0.000000 0.000001 
451	(  -5.684799   2.283393 -13.638135   5.480287 )	5.684799 0.000001 0.000001 -0.000001 -0.000001 
452	(  -5.684799   2.28339  -13.638134   5.480287 )	5.684799 0.000000 0.000001 -0.000000 -0.000001 
453	(  -5.6848     2.283384 -13.638137   5.480289 )	5.684800 0.000001 0.000000 -0.000001 -0.000000 
454	(  -5.684799   2.283385 -13.638135   5.480288 )	5.684799 0.000001 0.000000 -0.000001 -0.000000 
455	(  -5.684799   2.283389 -13.638133   5.480287 )	5.684799 0.000002 -0.000000 -0.000002 0.000000 

BBE ( SOL ) BBO
456	(  -5.684799   2.283385 -13.638134   5.480288 )	5.684799 -0.000001 0.000000 0.000001 -0.000000 
457	(  -5.684799   2.283388 -13.638133   5.480287 )	5.684799 0.000001 0.000000 -0.000001 -0.000000 
458	(  -5.684799   2.283387 -13.638134   5.480288 )	5.684799 0.000001 0.000000 -0.000001 -0.000000 
459	(  -5.684798   2.283397 -13.638129   5.480287 )	5.684798 0.000059 -0.000010 -0.000059 0.000010 
460	(  -5.684797   2.283389 -13.638132   5.480287 )	5.684797 -0.000100 -0.000011 0.000100 0.000011 
461	(  -5.684798   2.283379 -13.63813    5.480287 )	5.684798 0.000024 0.000006 -0.000024 -0.000006 
462	(  -5.684798   2.28339  -13.638132   5.480288 )	5.684798 -0.000009 -0.000012 0.000009 0.000012 
463	(  -5.684798   2.283389 -13.638131   5.480287 )	5.684798 0.000003 0.000001 -0.000003 -0.000001 
464	(  -5.684798   2.283382 -13.638131   5.480287 )	5.684798 -0.000002 0.000001 0.000002 -0.000001 
465	(  -5.684799   2.283386 -13.638134   5.480288 )	5.684799 -0.000000 0.000000 0.000000 -0.000000 
466	(  -5.684798   2.283388 -13.638132   5.480287 )	5.684798 -0.000000 0.000000 0.000000 -0.000000 
467	(  -5.684798   2.28339  -13.63813    5.480286 )	5.684798 -0.000001 -0.000000 0.000001 0.000000 
468	(  -5.684799   2.283383 -13.638132   5.480288 )	5.684799 0.000000 -0.000001 -0.000000 0.000001 
469	(  -5.684799   2.283385 -13.638133   5.480288 )	5.684799 0.000000 -0.000000 -0.000000 0.000000 
470	(  -5.684798   2.283391 -13.63813    5.480286 )	5.684798 0.000001 0.000001 -0.000001 -0.000001 
471	(  -5.684799   2.283385 -13.638134   5.480288 )	5.684799 -0.000000 -0.000000 0.000000 0.000000 
472	(  -5.684799   2.283383 -13.638135   5.480288 )	5.684799 -0.000001 -0.000000 0.000001 0.000000 
473	(  -5.684799   2.283387 -13.638132   5.480287 )	5.684799 0.000001 0.000000 -0.000001 -0.000000 
474	(  -5.684797   2.283395 -13.638126   5.480284 )	5.684797 -0.000001 -0.000001 0.000001 0.000001 
475	(  -5.684798   2.283391 -13.638131   5.480287 )	5.684798 -0.000000 0.000000 0.000000 -0.000000 
476	(  -5.684798   2.283404 -13.638131   5.480285 )	5.684798 0.000000 -0.000001 -0.000000 0.000001 
477	(  -5.684798   2.28339  -13.638131   5.480287 )	5.684798 -0.000000 0.000000 0.000000 -0.000000 
478	(  -5.684799   2.283398 -13.638132   5.480287 )	5.684799 0.000032 -0.000007 -0.000032 0.000007 
479	(  -5.684797   2.28339  -13.638131   5.480288 )	5.684797 -0.000061 -0.000023 0.000061 0.000023 
480	(  -5.684798   2.283379 -13.63813    5.480287 )	5.684798 -0.000008 0.000006 0.000008 -0.000006 
481	(  -5.684798   2.283386 -13.63813    5.480286 )	5.684798 0.000019 0.000009 -0.000019 -0.000009 
482	(  -5.684799   2.283399 -13.638132   5.480287 )	5.684799 0.000010 -0.000005 -0.000010 0.000005 
483	(  -5.684799   2.283386 -13.63813    5.480288 )	5.684799 0.000142 0.000007 -0.000142 -0.000007 
484	(  -5.684799   2.28339  -13.638136   5.480287 )	5.684799 -0.000063 0.000005 0.000063 -0.000005 
485	(  -5.684798   2.283388 -13.638132   5.480287 )	5.684798 -0.000001 0.000000 0.000001 -0.000000 
486	(  -5.684798   2.283384 -13.638129   5.480287 )	5.684798 -0.000000 -0.000001 0.000000 0.000001 
487	(  -5.684798   2.283393 -13.638132   5.480286 )	5.684798 -0.000001 0.000001 0.000001 -0.000001 
488	(  -5.684799   2.283387 -13.638132   5.480287 )	5.684799 -0.000000 -0.000000 0.000000 0.000000 
489	(  -5.684798   2.28339  -13.638132   5.480287 )	5.684798 0.000001 -0.000008 -0.000001 0.000008 
490	(  -5.684798   2.283393 -13.638132   5.480287 )	5.684798 -0.000016 -0.000005 0.000016 0.000005 
491	(  -5.684798   2.283388 -13.638131   5.480287 )	5.684798 0.000018 0.000000 -0.000018 -0.000000 
492	(  -5.684799   2.283388 -13.638132   5.480287 )	5.684799 0.000035 0.000006 -0.000035 -0.000006 
493	(  -5.684798   2.283386 -13.638132   5.480287 )	5.684798 -0.000056 -0.000004 0.000056 0.000004 
494	(  -5.684798   2.283389 -13.638131   5.480287 )	5.684798 -0.000033 -0.000005 0.000033 0.000005 
495	(  -5.684798   2.283388 -13.638132   5.480287 )	5.684798 0.000000 0.000000 -0.000000 -0.000000 

BBE ( SOL ) BBO
496	(  -5.684798   2.283389 -13.638132   5.480287 )	5.684798 0.000001 0.000000 -0.000001 -0.000000 
497	(  -5.684799   2.283387 -13.638132   5.480287 )	5.684799 0.000001 0.000001 -0.000001 -0.000001 
498	(  -5.684798   2.283393 -13.638129   5.480286 )	5.684798 -0.000000 -0.000000 0.000000 0.000000 
499	(  -5.684798   2.283391 -13.63813    5.480286 )	5.684798 -0.000000 0.000000 0.000000 -0.000000 
500	(  -5.684798   2.283388 -13.638132   5.480287 )	5.684798 -0.000020 -0.000002 0.000020 0.000002 
501	(  -5.684798   2.28339  -13.638132   5.480287 )	5.684798 0.000004 -0.000001 -0.000004 0.000001 
502	(  -5.684798   2.283389 -13.638131   5.480287 )	5.684798 0.000012 -0.000003 -0.000012 0.000003 
503	(  -5.684798   2.283387 -13.638131   5.480287 )	5.684798 0.000013 0.000003 -0.000013 -0.000003 
504	(  -5.684798   2.283387 -13.638132   5.480287 )	5.684798 0.000003 0.000003 -0.000003 -0.000003 
505	(  -5.684798   2.283391 -13.638131   5.480287 )	5.684798 -0.000000 -0.000003 0.000000 0.000003 
506	(  -5.684798   2.283388 -13.638132   5.480287 )	5.684798 0.000000 0.000000 -0.000000 -0.000000 
507	(  -5.684799   2.283388 -13.638132   5.480287 )	5.684799 0.000008 0.000002 -0.000008 -0.000002 
508	(  -5.684798   2.283389 -13.638132   5.480287 )	5.684798 -0.000007 -0.000000 0.000007 0.000000 
509	(  -5.684799   2.283388 -13.638133   5.480287 )	5.684799 -0.000000 0.000000 0.000000 -0.000000 
510	(  -5.684798   2.28339  -13.638131   5.480286 )	5.684798 -0.000000 0.000000 0.000000 -0.000000 
511	(  -5.684799   2.283388 -13.638132   5.480287 )	5.684799 0.000009 0.000001 -0.000009 -0.000001 
512	(  -5.684798   2.283389 -13.638131   5.480287 )	5.684798 0.000001 0.000001 -0.000001 -0.000001 
513	(  -5.684798   2.283388 -13.638131   5.480287 )	5.684798 0.000002 -0.000000 -0.000002 0.000000 
514	(  -5.684798   2.283389 -13.638132   5.480287 )	5.684798 -0.000003 -0.000001 0.000003 0.000001 
515	(  -5.684798   2.283388 -13.638132   5.480287 )	5.684798 0.000007 0.000000 -0.000007 -0.000000 
516	(  -5.684798   2.283388 -13.638132   5.480287 )	5.684798 0.000001 -0.000001 -0.000001 0.000001 
517	(  -5.684798   2.283388 -13.638132   5.480287 )	5.684798 -0.000001 0.000000 0.000001 -0.000000 
518	(  -5.684798   2.283388 -13.638132   5.480287 )	5.684798 0.000002 0.000001 -0.000002 -0.000001 
519	(  -5.684798   2.283388 -13.638131   5.480287 )	5.684798 0.000000 -0.000001 -0.000000 0.000001 
520	(  -5.684798   2.283391 -13.638131   5.480286 )	5.684798 0.000000 0.000000 -0.000000 -0.000000 
521	(  -5.684798   2.28339  -13.638131   5.480287 )	5.684798 0.000000 0.000000 -0.000000 -0.000000 
522	(  -5.684798   2.28339  -13.638131   5.480287 )	5.684798 0.000000 0.000000 -0.000000 -0.000000 
523	(  -5.684798   2.283389 -13.638132   5.480287 )	5.684798 0.000001 0.000000 -0.000001 -0.000000 
524	(  -5.684798   2.283388 -13.638132   5.480287 )	5.684798 0.000004 0.000001 -0.000004 -0.000001 
525	(  -5.684798   2.283389 -13.638131   5.480287 )	5.684798 -0.000002 -0.000000 0.000002 0.000000 
526	(  -5.684798   2.283388 -13.638132   5.480287 )	5.684798 -0.000002 0.000000 0.000002 -0.000000 
527	(  -5.684798   2.283389 -13.638131   5.480287 )	5.684798 0.000005 0.000001 -0.000005 -0.000001 
528	(  -5.684798   2.283389 -13.638132   5.480287 )	5.684798 0.000005 -0.000000 -0.000005 0.000000 
529	(  -5.684798   2.283388 -13.638132   5.480287 )	5.684798 0.000002 -0.000000 -0.000002 0.000000 
530	(  -5.684798   2.283388 -13.638131   5.480287 )	5.684798 -0.000002 -0.000000 0.000002 0.000000 
531	(  -5.684798   2.283387 -13.638132   5.480287 )	5.684798 -0.000001 0.000000 0.000001 -0.000000 
532	(  -5.684798   2.283388 -13.638132   5.480287 )	5.684798 -0.000000 0.000000 0.000000 -0.000000 
533	(  -5.684798   2.283388 -13.638132   5.480287 )	5.684798 0.000001 -0.000000 -0.000001 0.000000 
534	(  -5.684798   2.283388 -13.638132   5.480287 )	5.684798 0.000000 -0.000000 -0.000000 0.000000 
535	(  -5.684798   2.283388 -13.638132   5.480287 )	5.684798 -0.000000 0.000000 0.000000 -0.000000 

BBE ( SOL ) BBO
536	(  -5.684798   2.283388 -13.638132   5.480287 )	5.684798 -0.000000 0.000000 0.000000 -0.000000 
537	(  -5.684798   2.283388 -13.638132   5.480287 )	5.684798 0.000001 -0.000000 -0.000001 0.000000 
538	(  -5.684798   2.283388 -13.638132   5.480287 )	5.684798 -0.000000 0.000000 0.000000 -0.000000 
539	(  -5.684798   2.283388 -13.638132   5.480287 )	5.684798 0.000002 0.000000 -0.000002 -0.000000 
540	(  -5.684798   2.283388 -13.638132   5.480287 )	5.684798 -0.000000 0.000000 0.000000 -0.000000 
541	(  -5.684798   2.283389 -13.638131   5.480287 )	5.684798 0.000001 -0.000000 -0.000001 0.000000 
542	(  -5.684798   2.283388 -13.638131   5.480287 )	5.684798 0.000002 0.000001 -0.000002 -0.000001 
543	(  -5.684798   2.283388 -13.638132   5.480287 )	5.684798 -0.000000 -0.000000 0.000000 0.000000 
544	(  -5.684798   2.283389 -13.638131   5.480287 )	5.684798 0.000000 0.000000 -0.000000 -0.000000 
545	(  -5.684798   2.283388 -13.638132   5.480287 )	5.684798 0.000000 0.000000 -0.000000 -0.000000 
546	(  -5.684798   2.283388 -13.638132   5.480287 )	5.684798 -0.000000 0.000000 0.000000 -0.000000 
547	(  -5.684798   2.283388 -13.638132   5.480287 )	5.684798 -0.000000 0.000000 0.000000 -0.000000 
548	(  -5.684798   2.283388 -13.638132   5.480287 )	5.684798 -0.000000 -0.000000 0.000000 0.000000 
549	(  -5.684798   2.283389 -13.638131   5.480287 )	5.684798 0.000001 0.000000 -0.000001 -0.000000 
550	(  -5.684798   2.283388 -13.638132   5.480287 )	5.684798 -0.000001 -0.000000 0.000001 0.000000 
551	(  -5.684798   2.283388 -13.638131   5.480287 )	5.684798 0.000002 0.000000 -0.000002 -0.000000 
552	(  -5.684798   2.283388 -13.638132   5.480287 )	5.684798 0.000000 0.000000 -0.000000 -0.000000 
553	(  -5.684798   2.283388 -13.638132   5.480287 )	5.684798 -0.000000 0.000000 0.000000 -0.000000 
554	(  -5.684798   2.283388 -13.638132   5.480287 )	5.684798 0.000000 0.000000 -0.000000 -0.000000 
555	(  -5.684798   2.283389 -13.638131   5.480287 )	5.684798 0.000001 -0.000000 -0.000001 0.000000 
556	(  -5.684798   2.283388 -13.638132   5.480287 )	5.684798 0.000001 -0.000000 -0.000001 0.000000 
557	(  -5.684798   2.283388 -13.638132   5.480287 )	5.684798 -0.000000 0.000000 0.000000 -0.000000 
558	(  -5.684798   2.283388 -13.638132   5.480287 )	5.684798 -0.000000 0.000000 0.000000 -0.000000 
559	(  -5.684798   2.283388 -13.638132   5.480287 )	5.684798 -0.000000 0.000000 0.000000 -0.000000 
560	(  -5.684798   2.283388 -13.638132   5.480287 )	5.684798 -0.000001 -0.000000 0.000001 0.000000 
561	(  -5.684798   2.283388 -13.638132   5.480287 )	5.684798 -0.000001 -0.000000 0.000001 0.000000 
562	(  -5.684798   2.283389 -13.638131   5.480287 )	5.684798 0.000001 0.000000 -0.000001 -0.000000 
563	(  -5.684798   2.283389 -13.638131   5.480287 )	5.684798 0.000002 0.000000 -0.000002 -0.000000 
564	(  -5.684798   2.283388 -13.638132   5.480287 )	5.684798 0.000001 -0.000000 -0.000001 0.000000 
565	(  -5.684798   2.283388 -13.638132   5.480287 )	5.684798 -0.000001 0.000000 0.000001 -0.000000 
566	(  -5.684798   2.283388 -13.638132   5.480287 )	5.684798 -0.000000 0.000000 0.000000 -0.000000 
567	(  -5.684798   2.283388 -13.638132   5.480287 )	5.684798 0.000000 -0.000000 -0.000000 0.000000 
568	(  -5.684798   2.283388 -13.638132   5.480287 )	5.684798 0.000000 0.000000 -0.000000 -0.000000 
569	(  -5.684798   2.283388 -13.638132   5.480287 )	5.684798 -0.000000 -0.000000 0.000000 0.000000 
570	(  -5.684798   2.283388 -13.638132   5.480287 )	5.684798 -0.000000 0.000000 0.000000 -0.000000 
571	(  -5.684798   2.283388 -13.638132   5.480287 )	5.684798 0.000000 0.000000 -0.000000 -0.000000 
572	(  -5.684798   2.283388 -13.638132   5.480287 )	5.684798 -0.000000 0.000000 0.000000 -0.000000 
573	(  -5.684798   2.283389 -13.638131   5.480287 )	5.684798 0.000001 0.000000 -0.000001 -0.000000 
574	(  -5.684798   2.283389 -13.638131   5.480287 )	5.684798 0.000001 0.000000 -0.000001 -0.000000 
575	(  -5.684798   2.283388 -13.638132   5.480287 )	5.684798 -0.000001 -0.000000 0.000001 0.000000 

BBE ( SOL ) BBO
576	(  -5.684798   2.283388 -13.638132   5.480287 )	5.684798 0.000000 -0.000000 -0.000000 0.000000 
577	(  -5.684798   2.283388 -13.638132   5.480287 )	5.684798 -0.000000 -0.000000 0.000000 0.000000 
578	(  -5.684798   2.283388 -13.638132   5.480287 )	5.684798 -0.000000 -0.000000 0.000000 0.000000 
579	(  -5.684798   2.283388 -13.638132   5.480287 )	5.684798 -0.000000 -0.000000 0.000000 0.000000 
580	(  -5.684798   2.283388 -13.638132   5.480287 )	5.684798 -0.000000 -0.000000 0.000000 0.000000 
581	(  -5.684798   2.283388 -13.638132   5.480287 )	5.684798 -0.000000 0.000000 0.000000 -0.000000 
582	(  -5.684798   2.283389 -13.638131   5.480287 )	5.684798 0.000001 0.000000 -0.000001 -0.000000 
583	(  -5.684798   2.283389 -13.638131   5.480287 )	5.684798 0.000001 0.000000 -0.000001 -0.000000 
584	(  -5.684798   2.283388 -13.638132   5.480287 )	5.684798 -0.000000 0.000000 0.000000 -0.000000 
585	(  -5.684798   2.283388 -13.638132   5.480287 )	5.684798 -0.000000 -0.000000 0.000000 0.000000 
586	(  -5.684798   2.283388 -13.638132   5.480287 )	5.684798 -0.000000 -0.000000 0.000000 0.000000 
587	(  -5.684798   2.283388 -13.638132   5.480287 )	5.684798 -0.000000 0.000000 0.000000 -0.000000 
588	(  -5.684798   2.283388 -13.638132   5.480287 )	5.684798 -0.000000 0.000000 0.000000 -0.000000 
589	(  -5.684798   2.283388 -13.638132   5.480287 )	5.684798 -0.000000 0.000000 0.000000 -0.000000 
590	(  -5.684798   2.283388 -13.638132   5.480287 )	5.684798 -0.000000 -0.000000 0.000000 0.000000 
591	(  -5.684798   2.283389 -13.638131   5.480287 )	5.684798 0.000001 0.000000 -0.000001 -0.000000 
592	(  -5.684798   2.283389 -13.638131   5.480287 )	5.684798 0.000001 0.000000 -0.000001 -0.000000 
593	(  -5.684798   2.283388 -13.638132   5.480287 )	5.684798 -0.000000 -0.000000 0.000000 0.000000 
594	(  -5.684798   2.283388 -13.638132   5.480287 )	5.684798 -0.000000 -0.000000 0.000000 0.000000 
595	(  -5.684798   2.283388 -13.638132   5.480287 )	5.684798 -0.000000 -0.000000 0.000000 0.000000 
596	(  -5.684798   2.283388 -13.638132   5.480287 )	5.684798 -0.000000 -0.000000 0.000000 0.000000 
597	(  -5.684798   2.283388 -13.638132   5.480287 )	5.684798 -0.000000 -0.000000 0.000000 0.000000 
598	(  -5.684798   2.283388 -13.638132   5.480287 )	5.684798 -0.000000 -0.000000 0.000000 0.000000 
599	(  -5.684798   2.283388 -13.638132   5.480287 )	5.684798 -0.000000 -0.000000 0.000000 0.000000 
600	(  -5.684798   2.283389 -13.638131   5.480287 )	5.684798 0.000001 0.000000 -0.000001 -0.000000 
601	(  -5.684798   2.283389 -13.638131   5.480287 )	5.684798 0.000001 0.000000 -0.000001 -0.000000 
602	(  -5.684798   2.283388 -13.638132   5.480287 )	5.684798 -0.000000 0.000000 0.000000 -0.000000 
603	(  -5.684798   2.283388 -13.638132   5.480287 )	5.684798 -0.000000 0.000000 0.000000 -0.000000 
604	(  -5.684798   2.283388 -13.638132   5.480287 )	5.684798 -0.000000 0.000000 0.000000 -0.000000 
605	(  -5.684798   2.283388 -13.638132   5.480287 )	5.684798 -0.000000 -0.000000 0.000000 0.000000 
606	(  -5.684798   2.283388 -13.638132   5.480287 )	5.684798 -0.000000 0.000000 0.000000 -0.000000 
607	(  -5.684798   2.283388 -13.638132   5.480287 )	5.684798 -0.000000 0.000000 0.000000 -0.000000 
608	(  -5.684798   2.283388 -13.638132   5.480287 )	5.684798 -0.000000 0.000000 0.000000 -0.000000 
609	(  -5.684798   2.283389 -13.638131   5.480287 )	5.684798 0.000001 0.000000 -0.000001 -0.000000 
610	(  -5.684798   2.283389 -13.638131   5.480287 )	5.684798 0.000001 0.000000 -0.000001 -0.000000 
611	(  -5.684798   2.283388 -13.638132   5.480287 )	5.684798 -0.000000 0.000000 0.000000 -0.000000 
612	(  -5.684798   2.283388 -13.638132   5.480287 )	5.684798 -0.000000 0.000000 0.000000 -0.000000 
613	(  -5.684798   2.283388 -13.638132   5.480287 )	5.684798 -0.000000 0.000000 0.000000 -0.000000 
614	(  -5.684798   2.283388 -13.638132   5.480287 )	5.684798 -0.000000 0.000000 0.000000 -0.000000 
615	(  -5.684798   2.283388 -13.638132   5.480287 )	5.684798 -0.000000 0.000000 0.000000 -0.000000 

BBE ( SOL ) BBO
616	(  -5.684798   2.283388 -13.638132   5.480287 )	5.684798 -0.000000 0.000000 0.000000 -0.000000 
617	(  -5.684798   2.283388 -13.638132   5.480287 )	5.684798 -0.000000 0.000000 0.000000 -0.000000 
618	(  -5.684798   2.283389 -13.638131   5.480287 )	5.684798 0.000001 0.000000 -0.000001 -0.000000 
619	(  -5.684798   2.283389 -13.638131   5.480287 )	5.684798 0.000001 0.000000 -0.000001 -0.000000 
620	(  -5.684798   2.283388 -13.638132   5.480287 )	5.684798 -0.000000 0.000000 0.000000 -0.000000 
621	(  -5.684798   2.283388 -13.638132   5.480287 )	5.684798 -0.000000 0.000000 0.000000 -0.000000 
622	(  -5.684798   2.283388 -13.638132   5.480287 )	5.684798 -0.000000 0.000000 0.000000 -0.000000 
623	(  -5.684798   2.283388 -13.638132   5.480287 )	5.684798 -0.000000 0.000000 0.000000 -0.000000 
624	(  -5.684798   2.283388 -13.638132   5.480287 )	5.684798 -0.000000 0.000000 0.000000 -0.000000 
625	(  -5.684798   2.283388 -13.638132   5.480287 )	5.684798 -0.000000 0.000000 0.000000 -0.000000 
626	(  -5.684798   2.283388 -13.638132   5.480287 )	5.684798 -0.000000 0.000000 0.000000 -0.000000 
627	(  -5.684798   2.283389 -13.638131   5.480287 )	5.684798 0.000001 0.000000 -0.000001 -0.000000 
628	(  -5.684798   2.283389 -13.638131   5.480287 )	5.684798 0.000001 0.000000 -0.000001 -0.000000 
629	(  -5.684798   2.283388 -13.638132   5.480287 )	5.684798 -0.000000 0.000000 0.000000 -0.000000 
630	(  -5.684798   2.283388 -13.638132   5.480287 )	5.684798 -0.000000 0.000000 0.000000 -0.000000 
631	(  -5.684798   2.283388 -13.638132   5.480287 )	5.684798 -0.000000 0.000000 0.000000 -0.000000 
632	(  -5.684798   2.283388 -13.638132   5.480287 )	5.684798 -0.000000 0.000000 0.000000 -0.000000 
633	(  -5.684798   2.283388 -13.638132   5.480287 )	5.684798 -0.000000 0.000000 0.000000 -0.000000 
634	(  -5.684798   2.283388 -13.638132   5.480287 )	5.684798 -0.000000 0.000000 0.000000 -0.000000 
635	(  -5.684798   2.283388 -13.638132   5.480287 )	5.684798 -0.000000 0.000000 0.000000 -0.000000 
636	(  -5.684798   2.283389 -13.638131   5.480287 )	5.684798 0.000001 0.000000 -0.000001 -0.000000 
637	(  -5.684798   2.283389 -13.638131   5.480287 )	5.684798 0.000001 0.000000 -0.000001 -0.000000 
638	(  -5.684798   2.283388 -13.638132   5.480287 )	5.684798 -0.000000 0.000000 0.000000 -0.000000 
639	(  -5.684798   2.283388 -13.638132   5.480287 )	5.684798 -0.000000 0.000000 0.000000 -0.000000 
640	(  -5.684798   2.283388 -13.638132   5.480287 )	5.684798 -0.000000 0.000000 0.000000 -0.000000 
641	(  -5.684798   2.283388 -13.638132   5.480287 )	5.684798 -0.000000 0.000000 0.000000 -0.000000 
642	(  -5.684798   2.283388 -13.638132   5.480287 )	5.684798 -0.000000 0.000000 0.000000 -0.000000 
643	(  -5.684798   2.283388 -13.638132   5.480287 )	5.684798 -0.000000 0.000000 0.000000 -0.000000 
644	(  -5.684798   2.283388 -13.638132   5.480287 )	5.684798 -0.000000 0.000000 0.000000 -0.000000 
645	(  -5.684798   2.283389 -13.638131   5.480287 )	5.684798 0.000001 0.000000 -0.000001 -0.000000 
646	(  -5.684798   2.283389 -13.638131   5.480287 )	5.684798 0.000001 0.000000 -0.000001 -0.000000 
647	(  -5.684798   2.283388 -13.638132   5.480287 )	5.684798 -0.000000 0.000000 0.000000 -0.000000 
648	(  -5.684798   2.283388 -13.638132   5.480287 )	5.684798 -0.000000 0.000000 0.000000 -0.000000 
649	(  -5.684798   2.283388 -13.638132   5.480287 )	5.684798 -0.000000 0.000000 0.000000 -0.000000 
650	(  -5.684798   2.283388 -13.638132   5.480287 )	5.684798 -0.000000 0.000000 0.000000 -0.000000 
651	(  -5.684798   2.283388 -13.638132   5.480287 )	5.684798 -0.000000 0.000000 0.000000 -0.000000 
652	(  -5.684798   2.283388 -13.638132   5.480287 )	5.684798 -0.000000 0.000000 0.000000 -0.000000 
653	(  -5.684798   2.283388 -13.638132   5.480287 )	5.684798 -0.000000 0.000000 0.000000 -0.000000 
654	(  -5.684798   2.283389 -13.638131   5.480287 )	5.684798 0.000001 0.000000 -0.000001 -0.000000 
655	(  -5.684798   2.283389 -13.638131   5.480287 )	5.684798 0.000001 0.000000 -0.000001 -0.000000 

BBE ( SOL ) BBO
656	(  -5.684798   2.283388 -13.638132   5.480287 )	5.684798 -0.000000 0.000000 0.000000 -0.000000 
657	(  -5.684798   2.283388 -13.638132   5.480287 )	5.684798 -0.000000 0.000000 0.000000 -0.000000 
658	(  -5.684798   2.283388 -13.638132   5.480287 )	5.684798 -0.000000 0.000000 0.000000 -0.000000 
659	(  -5.684798   2.283388 -13.638132   5.480287 )	5.684798 -0.000000 0.000000 0.000000 -0.000000 
660	(  -5.684798   2.283388 -13.638132   5.480287 )	5.684798 -0.000000 0.000000 0.000000 -0.000000 
661	(  -5.684798   2.283388 -13.638132   5.480287 )	5.684798 -0.000000 0.000000 0.000000 -0.000000 
662	(  -5.684798   2.283388 -13.638132   5.480287 )	5.684798 -0.000000 0.000000 0.000000 -0.000000 
663	(  -5.684798   2.283389 -13.638131   5.480287 )	5.684798 0.000001 0.000000 -0.000001 -0.000000 
664	(  -5.684798   2.283389 -13.638131   5.480287 )	5.684798 0.000001 0.000000 -0.000001 -0.000000 
665	(  -5.684798   2.283388 -13.638132   5.480287 )	5.684798 -0.000000 0.000000 0.000000 -0.000000 
666	(  -5.684798   2.283388 -13.638132   5.480287 )	5.684798 -0.000000 0.000000 0.000000 -0.000000 
667	(  -5.684798   2.283388 -13.638132   5.480287 )	5.684798 -0.000000 0.000000 0.000000 -0.000000 
668	(  -5.684798   2.283388 -13.638132   5.480287 )	5.684798 -0.000000 0.000000 0.000000 -0.000000 
669	(  -5.684798   2.283388 -13.638132   5.480287 )	5.684798 -0.000000 0.000000 0.000000 -0.000000 
670	(  -5.684798   2.283388 -13.638132   5.480287 )	5.684798 -0.000000 0.000000 0.000000 -0.000000 
671	(  -5.684798   2.283388 -13.638132   5.480287 )	5.684798 -0.000000 0.000000 0.000000 -0.000000 
672	(  -5.684798   2.283389 -13.638131   5.480287 )	5.684798 0.000001 0.000000 -0.000001 -0.000000 
673	(  -5.684798   2.283389 -13.638131   5.480287 )	5.684798 0.000001 0.000000 -0.000001 -0.000000 
674	(  -5.684798   2.283388 -13.638132   5.480287 )	5.684798 -0.000000 0.000000 0.000000 -0.000000 
675	(  -5.684798   2.283388 -13.638132   5.480287 )	5.684798 -0.000000 0.000000 0.000000 -0.000000 
676	(  -5.684798   2.283388 -13.638132   5.480287 )	5.684798 -0.000000 0.000000 0.000000 -0.000000 
677	(  -5.684798   2.283388 -13.638132   5.480287 )	5.684798 -0.000000 0.000000 0.000000 -0.000000 
678	(  -5.684798   2.283388 -13.638132   5.480287 )	5.684798 -0.000000 0.000000 0.000000 -0.000000 
679	(  -5.684798   2.283388 -13.638132   5.480287 )	5.684798 -0.000000 0.000000 0.000000 -0.000000 
680	(  -5.684798   2.283388 -13.638132   5.480287 )	5.684798 -0.000000 0.000000 0.000000 -0.000000 
681	(  -5.684798   2.283389 -13.638131   5.480287 )	5.684798 0.000001 0.000000 -0.000001 -0.000000 
682	(  -5.684798   2.283389 -13.638131   5.480287 )	5.684798 0.000001 0.000000 -0.000001 -0.000000 
683	(  -5.684798   2.283388 -13.638132   5.480287 )	5.684798 -0.000000 0.000000 0.000000 -0.000000 
684	(  -5.684798   2.283388 -13.638132   5.480287 )	5.684798 -0.000000 0.000000 0.000000 -0.000000 
685	(  -5.684798   2.283388 -13.638132   5.480287 )	5.684798 -0.000000 0.000000 0.000000 -0.000000 
686	(  -5.684798   2.283388 -13.638132   5.480287 )	5.684798 -0.000000 0.000000 0.000000 -0.000000 
687	(  -5.684798   2.283388 -13.638132   5.480287 )	5.684798 -0.000000 0.000000 0.000000 -0.000000 
688	(  -5.684798   2.283388 -13.638132   5.480287 )	5.684798 -0.000000 0.000000 0.000000 -0.000000 
689	(  -5.684798   2.283388 -13.638132   5.480287 )	5.684798 -0.000000 0.000000 0.000000 -0.000000 
690	(  -5.684798   2.283389 -13.638131   5.480287 )	5.684798 0.000001 0.000000 -0.000001 -0.000000 
691	(  -5.684798   2.283389 -13.638131   5.480287 )	5.684798 0.000001 0.000000 -0.000001 -0.000000 
692	(  -5.684798   2.283388 -13.638132   5.480287 )	5.684798 -0.000000 0.000000 0.000000 -0.000000 
693	(  -5.684798   2.283388 -13.638132   5.480287 )	5.684798 -0.000000 0.000000 0.000000 -0.000000 
694	(  -5.684798   2.283388 -13.638132   5.480287 )	5.684798 -0.000000 0.000000 0.000000 -0.000000 
695	(  -5.684798   2.283388 -13.638132   5.480287 )	5.684798 -0.000000 0.000000 0.000000 -0.000000 

BBE ( SOL ) BBO
696	(  -5.684798   2.283389 -13.638131   5.480287 )	5.684798 0.000001 0.000000 -0.000001 -0.000000 
697	(  -5.684798   2.283388 -13.638132   5.480287 )	5.684798 -0.000000 0.000000 0.000000 -0.000000 
698	(  -5.684798   2.283388 -13.638132   5.480287 )	5.684798 -0.000000 0.000000 0.000000 -0.000000 
699	(  -5.684798   2.283388 -13.638132   5.480287 )	5.684798 -0.000000 0.000000 0.000000 -0.000000 
700	(  -5.684798   2.283388 -13.638132   5.480287 )	5.684798 -0.000000 0.000000 0.000000 -0.000000 
701	(  -5.684798   2.283388 -13.638132   5.480287 )	5.684798 -0.000000 0.000000 0.000000 -0.000000 
702	(  -5.684798   2.283388 -13.638132   5.480287 )	5.684798 -0.000000 0.000000 0.000000 -0.000000 
A termination criterion is reached: No termination (all). Mesh minimum precision reached (Algo)

Best feasible solution:     #93370 ( -5.6848 2.28339 -13.6381 5.48029 )	Evaluation OK	 f =   5.6847979999999997958 	 h =   0                     

Best infeasible solution:   #88394 ( -5.6848 2.28339 -13.6381 5.48029 )	Evaluation OK	 f =   5.6847979999999997958 	 h =   0.000000000001        

Blackbox evaluations:         702
Total model evaluations:      98824
Cache hits:                   76
Total number of evaluations:  778
