1	( -21.86     -18.99      16.06     -13.21     )	21.860000 10169.097256 322.345500 -10169.097256 -322.345500 
2	( -22.86     -16.99      18.06     -14.21     )	22.860000 11603.016056 337.645500 -11603.016056 -337.645500 
3	( -20.86     -16.99      15.06     -13.21     )	20.860000 8833.218456 277.625500 -8833.218456 -277.625500 
4	( -17.86     -10.99      12.06     -13.21     )	17.860000 5540.542056 155.465500 -5540.542056 -155.465500 
5	(  -8.86       7.01       3.06     -13.21     )	8.860000 693.152856 -103.014500 -693.152856 103.014500 
6	(  18.14      61.01     -23.94     -13.21     )	-18.140000 -6481.254744 93.545500 6481.254744 -93.545500 
7	(  -8.86       1.01       3.06     -13.21     )	8.860000 687.152856 -97.014500 -687.152856 97.014500 
8	(  -8.86     -16.99       3.06     -13.21     )	8.860000 669.152856 -79.014500 -669.152856 79.014500 
9	(  -8.86     -70.99       3.06     -13.21     )	8.860000 615.152856 -25.014500 -615.152856 25.014500 
10	(  -8.86     -232.99       3.06     -13.21     )	8.860000 453.152856 136.985500 -453.152856 -136.985500 
11	(  -8.86     -718.99       3.06     -13.21     )	8.860000 -32.847144 622.985500 32.847144 -622.985500 
12	(  -6.86     -91.99       0.06     -13.21     )	6.860000 230.835256 -35.454500 -230.835256 35.454500 
13	(  -0.86     331.01      -8.94     -13.21     )	0.860000 251.722456 -504.774500 -251.722456 504.774500 
14	(  -4.86      -9.99       6.06     -14.21     )	4.860000 68.077656 -168.314500 -68.077656 168.314500 
15	(   1.14     236.01      24.06     -17.21     )	-1.140000 -344.355144 -530.894500 344.355144 530.894500 
16	( -22.86     -47.99      24.06     -17.21     )	22.860000 11319.296056 274.385500 -11319.296056 -274.385500 

BBE ( SOL ) BBO
17	(   3.14     -191.99      -5.94     -14.21     )	-3.140000 -258.232744 -0.074500 258.232744 0.074500 
18	(  15.14     -106.99      -5.94     -14.21     )	-15.140000 -3612.658344 134.285500 3612.658344 -134.285500 
19	(  -3.86     990.01      -6.94     -14.21     )	3.860000 999.358856 -1177.034500 -999.358856 1177.034500 
20	(  -1.86     109.01     106.06     -14.21     )	1.860000 -11133.278744 -307.474500 11133.278744 307.474500 
21	(  -2.86      85.01       5.06     -12.21     )	2.860000 82.800056 -225.914500 -82.800056 225.914500 
22	(  -8.86     -50.99     -15.94     -14.21     )	8.860000 390.432856 -72.434500 -390.432856 72.434500 
23	(  -2.86     109.01      33.06     -12.21     )	2.860000 -960.559944 -249.914500 960.559944 249.914500 
24	(   3.14     -53.99      19.06     -13.21     )	-3.140000 -448.232744 -110.654500 448.232744 110.654500 
25	(  -5.86     -51.99      -6.94     -14.21     )	5.860000 101.076456 -115.594500 -101.076456 115.594500 
26	( -13.86     158.01       8.06     -13.21     )	13.860000 2755.546856 -140.414500 -2755.546856 140.414500 
27	(  -0.86     -104.99      -2.94     -14.21     )	0.860000 -112.997544 -96.194500 112.997544 96.194500 
28	(  -6.86     -214.99      -6.94     -16.21     )	6.860000 59.675256 -0.714500 -59.675256 0.714500 
29	(  -5.86     -139.99      -3.94     -15.21     )	5.860000 45.716456 -57.014500 -45.716456 57.014500 
30	(  -2.86     -98.99      -5.94     -16.21     )	2.860000 -110.879944 -155.594500 110.879944 155.594500 
31	(  -3.86     -96.99      -3.94     -15.21     )	3.860000 -55.001144 -119.454500 55.001144 119.454500 
32	(  -3.86     -224.99     -16.94     -16.21     )	3.860000 -454.441144 -22.874500 454.441144 22.874500 
33	(  -4.86     -63.99       0.06     -14.21     )	4.860000 50.797656 -114.314500 -50.797656 114.314500 
34	(  -2.86     -188.99       0.06     -16.21     )	2.860000 -165.599944 -65.594500 165.599944 65.594500 
35	(  -4.86     -85.99      -4.94     -14.21     )	4.860000 4.397656 -92.314500 -4.397656 92.314500 
36	(  -9.86     -125.99      -4.94     -16.21     )	9.860000 808.191656 -39.554500 -808.191656 39.554500 
37	(  -2.86     -109.99      -3.94     -14.21     )	2.860000 -102.119944 -83.754500 102.119944 83.754500 
38	(  -7.86     -120.99      -3.94     -16.21     )	7.860000 349.074056 -79.994500 -349.074056 79.994500 
39	(  -3.86     -112.99      -3.94     -14.21     )	3.860000 -71.001144 -74.034500 71.001144 74.034500 
40	(  -6.86     -141.99      -3.94     -14.21     )	6.860000 165.315256 -12.874500 -165.315256 12.874500 
41	(  -4.86     -107.99      -3.94     -15.21     )	4.860000 -8.722344 -99.734500 8.722344 99.734500 
42	(  -5.86     -196.99      -9.94     -16.21     )	5.860000 -94.563544 -31.434500 94.563544 31.434500 
43	(  -4.86     -163.99      -7.94     -15.21     )	4.860000 -112.242344 -43.734500 112.242344 43.734500 
44	(  -7.86     -189.99      -8.94     -17.21     )	7.860000 215.674056 -44.414500 -215.674056 44.414500 
45	(  -4.86     -131.99      -4.94     -15.21     )	4.860000 -41.602344 -75.734500 41.602344 75.734500 
46	(  -6.86     -206.99      -9.94     -16.21     )	6.860000 17.035256 -8.714500 -17.035256 8.714500 
47	(  -6.86     -256.99     -11.94     -16.21     )	6.860000 -76.724744 41.285500 76.724744 -41.285500 
48	(  -5.86     -122.99      -3.94     -15.21     )	5.860000 62.716456 -74.014500 -62.716456 74.014500 
49	(  -5.86     -141.99      -4.94     -15.21     )	5.860000 34.836456 -55.014500 -34.836456 55.014500 
50	(  -7.86     -261.99      -8.94     -17.21     )	7.860000 143.674056 27.585500 -143.674056 -27.585500 
51	(  -5.86     -129.99      -5.94     -15.21     )	5.860000 35.956456 -67.014500 -35.956456 67.014500 
52	(  -6.86     -182.99     -18.94     -16.21     )	6.860000 -218.884744 -32.714500 218.884744 32.714500 
53	( -12.86      39.01      -6.94     -15.21     )	12.860000 2117.628056 -104.974500 -2117.628056 104.974500 
54	(  -7.86     -219.99      -7.94     -16.21     )	7.860000 202.554056 19.005500 -202.554056 -19.005500 
55	(  -5.86     -153.99      -5.94     -15.21     )	5.860000 11.956456 -43.014500 -11.956456 43.014500 
56	(   3.14     -160.99      29.06     -16.21     )	-3.140000 -1036.432744 -91.914500 1036.432744 91.914500 

BBE ( SOL ) BBO
57	(  -0.86     -706.99     -36.94     -16.21     )	0.860000 -2070.917544 444.965500 2070.917544 -444.965500 
58	(  -0.86     215.01     -59.94     -16.21     )	0.860000 -3377.157544 -477.034500 3377.157544 477.034500 
59	(  -8.86     -385.99     -19.94     -15.21     )	8.860000 -88.087144 233.145500 88.087144 -233.145500 
60	( -14.86     -98.99      -8.94     -16.21     )	14.860000 3102.465656 57.045500 -3102.465656 -57.045500 
61	(  -5.86     -195.99      -3.94     -15.21     )	5.860000 -10.283544 -1.014500 10.283544 1.014500 
62	(  -2.86     -162.99      14.06     -12.21     )	2.860000 -337.279944 22.085500 337.279944 -22.085500 
63	(   3.14     -171.99     -15.94     -13.21     )	-3.140000 -457.032744 7.345500 457.032744 -7.345500 
64	(  -7.86     -253.99      -8.94     -16.21     )	7.860000 151.674056 53.005500 -151.674056 -53.005500 
65	(  -5.86     -162.99      -5.94     -15.21     )	5.860000 2.956456 -34.014500 -2.956456 34.014500 
66	(   4.14     -169.99      -9.94     -15.21     )	-4.140000 -339.751544 -44.214500 339.751544 44.214500 
67	(  -4.86       4.01       3.06     -14.21     )	4.860000 109.437656 -182.314500 -109.437656 182.314500 
68	(   1.14     -330.99      29.06     -14.21     )	-1.140000 -1176.955144 130.365500 1176.955144 -130.365500 
69	(  -4.86     -221.99     -53.94     -15.21     )	4.860000 -3016.722344 14.265500 3016.722344 -14.265500 
70	(  -9.86     -226.99      -3.94     -16.21     )	9.860000 716.071656 61.445500 -716.071656 -61.445500 
71	(   1.14     -219.99      14.06     -14.9      )	-1.140000 -419.155144 -0.720400 419.155144 0.720400 
72	(  -7.86     -227.99      -7.94     -15.71     )	7.860000 194.554056 42.965500 -194.554056 -42.965500 
73	(  -5.86     -155.99      -5.94     -15.34     )	5.860000 9.956456 -44.986000 -9.956456 44.986000 
74	(  -0.86     -217.99      -7.94     -15.32     )	0.860000 -280.397544 -15.972800 280.397544 15.972800 
75	(  -7.86     -145.99     -22.94     -15.71     )	7.860000 -186.645944 -39.034500 186.645944 39.034500 
76	(  -7.86     -295.99       8.06     -15.71     )	7.860000 124.634056 110.965500 -124.634056 -110.965500 
77	(  -3.86     -95.99      15.06     -15.46     )	3.860000 -265.281144 -128.122000 265.281144 128.122000 
78	(  -7.86     -194.99       0.06     -14.84     )	7.860000 290.594056 36.544000 -290.594056 -36.544000 
79	(  -7.86     -184.99      15.06     -15.32     )	7.860000 73.794056 12.067200 -73.794056 -12.067200 
80	(  -6.86     -203.99      -6.94     -15.58     )	6.860000 70.675256 8.313200 -70.675256 -8.313200 
81	(  -5.86     -167.99      -5.94     -15.4      )	5.860000 -2.043544 -34.830400 2.043544 34.830400 
82	(  -6.86     -212.99      -6.94     -15.81     )	6.860000 61.675256 10.093500 -61.675256 -10.093500 
83	(  -5.86     -168.99      -5.94     -15.36     )	5.860000 -3.043544 -32.600000 3.043544 32.600000 
84	(  -5.86     -145.99      -5.94     -15.21     )	5.860000 19.956456 -51.014500 -19.956456 51.014500 
85	(  -3.86     -182.99      -1.94     -15.21     )	3.860000 -129.241144 -33.454500 129.241144 33.454500 
86	(  -5.86     -194.99      -3.94     -15.01     )	5.860000 -9.283544 4.029500 9.283544 -4.029500 
87	(  -5.86     -191.99      -3.94     -14.41     )	5.860000 -6.283544 18.681500 6.283544 -18.681500 
88	(  -5.86     -171.99       1.06     -14.21     )	5.860000 28.116456 4.405500 -28.116456 -4.405500 
89	(  -6.86     -215.99      -2.94     -14.96     )	6.860000 98.195256 39.248000 -98.195256 -39.248000 
90	(  -5.86     -180.99      -4.94     -15.26     )	5.860000 -4.163544 -17.538000 4.163544 17.538000 
91	(  -6.86     -217.99     -12.94     -16.64     )	6.860000 -62.604744 -11.840000 62.604744 11.840000 
92	(  -5.86     -182.99      -1.94     -14.82     )	5.860000 14.476456 -2.302800 -14.476456 2.302800 
93	(  -4.86     -170.99       3.06     -13.94     )	4.860000 -65.562344 0.286000 65.562344 -0.286000 
94	(  -6.86     -197.99      -6.94     -15.64     )	6.860000 76.675256 0.440000 -76.675256 -0.440000 
95	(  -3.86     -192.99       5.06     -14.81     )	3.860000 -161.081144 -11.446500 161.081144 11.446500 
96	(  -4.86     -190.99     -13.94     -14.62     )	4.860000 -270.522344 0.865200 270.522344 -0.865200 

BBE ( SOL ) BBO
97	(  -5.86     -144.99      -3.94     -15.02     )	5.860000 40.716456 -46.270800 -40.716456 46.270800 
98	(  -6.86     -196.99       0.06     -14.51     )	6.860000 125.835256 33.509500 -125.835256 -33.509500 
99	(  -5.86     -196.99      -4.94     -15.04     )	5.860000 -20.163544 5.128000 20.163544 -5.128000 
100	(  -5.86     -188.99      -4.94     -14.99     )	5.860000 -12.163544 -1.370500 12.163544 1.370500 
101	(  -4.86     -174.99       3.06     -13.81     )	4.860000 -69.562344 7.893500 69.562344 -7.893500 
102	(  -6.86     -198.99      -6.94     -15.61     )	6.860000 75.675256 2.377500 -75.675256 -2.377500 
103	(  -4.86     -197.99      -2.94     -14.9      )	4.860000 -91.842344 -0.400400 91.842344 0.400400 
104	(  -5.86     -174.99      -3.94     -14.91     )	5.860000 10.716456 -12.978500 -10.716456 12.978500 
105	(  -5.86     -192.99       1.06     -15.08     )	5.860000 7.116456 -0.076800 -7.116456 0.076800 
106	(  -5.86     -186.99      16.06     -15.29     )	5.860000 -243.683544 -12.454500 243.683544 12.454500 
107	(  -5.86     -189.99      -1.94     -14.96     )	5.860000 7.476456 0.528000 -7.476456 -0.528000 
108	(  -4.86     -179.99       6.06     -13.92     )	4.860000 -101.922344 9.843200 101.922344 -9.843200 
109	(  -6.86     -199.99      -5.94     -15.64     )	6.860000 87.555256 2.440000 -87.555256 -2.440000 
110	(  -4.86     -172.99       1.06     -15.16     )	4.860000 -59.322344 -33.216000 59.322344 33.216000 
111	(  -4.86     -206.99       2.06     -15.44     )	4.860000 -96.442344 -7.784000 96.442344 7.784000 
112	(  -5.86     -193.99      -8.94     -15.09     )	5.860000 -72.683544 0.621500 72.683544 -0.621500 
113	(  -4.86     -195.99       1.06     -14.58     )	4.860000 -82.322344 7.033200 82.322344 -7.033200 
114	(  -5.86     -191.99       9.06     -15.07     )	5.860000 -72.843544 -0.775300 72.843544 0.775300 
115	(  -5.86     -188.99      -3.94     -14.93     )	5.860000 -3.283544 0.424700 3.283544 -0.424700 
116	(  -5.86     -176.99     -18.94     -14.48     )	5.860000 -334.483544 1.659200 334.483544 -1.659200 
117	(  -5.86     -188.99      -0.94     -14.89     )	5.860000 11.356456 1.617500 -11.356456 -1.617500 
118	(  -4.86     -176.99       6.06     -13.78     )	4.860000 -98.922344 10.721200 98.922344 -10.721200 
119	(  -6.86     -198.99      -5.94     -15.6      )	6.860000 88.555256 2.689600 -88.555256 -2.689600 
120	(  -4.86     -189.99      -2.94     -14.93     )	4.860000 -83.842344 -9.295300 83.842344 9.295300 
121	(  -5.86     -189.99       6.06     -14.93     )	5.860000 -25.483544 1.424700 25.483544 -1.424700 
122	(  -5.86     -168.99      -3.94     -14.93     )	5.860000 16.716456 -19.575300 -16.716456 19.575300 
123	(  -5.86     -188.99      -3.94     -14.43     )	5.860000 -3.283544 15.104700 3.283544 -15.104700 
124	(  -5.86     -188.99      -3.94     -14.96     )	5.860000 -3.283544 -0.472000 3.283544 0.472000 
125	(  -5.86     -195.99       2.06     -15.18     )	5.860000 0.996456 -0.102800 -0.996456 0.102800 
126	(  -5.86     -216.99      20.06     -15.93     )	5.860000 -418.163544 -2.435300 418.163544 2.435300 
127	(  -5.86     -191.99       3.06     -15.05     )	5.860000 -0.123544 -0.172900 0.123544 0.172900 
128	(  -5.86     -179.99       6.06     -15.05     )	5.860000 -15.483544 -12.172900 15.483544 12.172900 
129	(  -6.86     -209.99       8.06     -16.05     )	6.860000 47.875256 -0.552900 -47.875256 0.552900 
130	(  -4.86     -175.99       9.06     -14.05     )	4.860000 -143.282344 2.207100 143.282344 -2.207100 
131	(  -6.86     -198.99      -4.94     -16.05     )	6.860000 99.435256 -11.552900 -99.435256 11.552900 
132	(  -4.86     -201.99      10.06     -15.05     )	4.860000 -188.402344 -0.892900 188.402344 0.892900 
133	(  -4.86     -167.99       0.06     -14.05     )	4.860000 -53.202344 -5.792900 53.202344 5.792900 
134	(  -5.86     -141.99       7.06     -15.05     )	5.860000 9.396456 -50.172900 -9.396456 50.172900 
135	(  -5.86     -206.99      13.06     -14.05     )	5.860000 -176.323544 43.927100 176.323544 -43.927100 
136	(  -5.86     -212.99       3.06     -15.05     )	5.860000 -21.123544 20.827100 21.123544 -20.827100 

BBE ( SOL ) BBO
137	(  -5.86     -179.99       6.06     -14.66     )	5.860000 -15.483544 -0.586000 15.483544 0.586000 
138	(  -5.86     -190.99       3.06     -15.01     )	5.860000 0.876456 0.029500 -0.876456 -0.029500 
139	(  -4.86     -176.99      12.06     -13.88     )	4.860000 -207.642344 7.955200 207.642344 -7.955200 
140	(  -6.36     -199.99      -4.94     -15.63     )	6.360000 32.865856 -3.857300 -32.865856 3.857300 
141	(  -5.36     -190.99       3.06     -15.24     )	5.360000 -46.362944 -12.538000 46.362944 12.538000 
142	(  -5.67     -194.99       2.06     -14.55     )	5.670000 -16.949337 15.436400 16.949337 -15.436400 
143	(  -5.85     -171.99       3.06     -14.97     )	5.850000 18.848025 -17.888400 -18.848025 17.888400 
144	(  -5.85     -191.99       8.06     -14.99     )	5.850000 -56.751975 1.512400 56.751975 -1.512400 
145	(  -5.87     -191.99       3.06     -15.05     )	5.870000 0.908403 -0.055600 -0.908403 0.055600 
146	(  -5.87     -186.99       1.06     -15.18     )	5.870000 14.148403 -8.985500 -14.148403 8.985500 
147	(  -5.87     -196.99      10.06     -15.22     )	5.870000 -95.931597 -0.201500 95.931597 0.201500 
148	(  -5.86     -190.99      -0.94     -15        )	5.860000 9.356456 0.329600 -9.356456 -0.329600 
149	(  -5.66     -196.99       3.06     -15.07     )	5.660000 -25.032104 1.920700 25.032104 -1.920700 
150	(  -5.74     -185.99       1.06     -14.95     )	5.740000 2.005624 -4.564900 -2.005624 4.564900 
151	(  -5.8      -181.99       5.06     -15        )	5.800000 -12.481600 -9.370000 12.481600 9.370000 
152	(  -5.88     -195.99       3.06     -14.85     )	5.880000 -2.056128 10.041900 2.056128 -10.041900 
153	(  -5.87     -192.99       3.06     -15.06     )	5.870000 -0.091597 0.643300 0.091597 -0.643300 
154	(  -5.88     -193.99       3.06     -15.12     )	5.880000 -0.056128 -0.050000 0.056128 0.050000 
155	(  -5.88     -188.99       4.06     -14.94     )	5.880000 -2.176128 0.360800 2.176128 -0.360800 
156	(  -5.86     -193.99       3.06     -15.12     )	5.860000 -2.123544 -0.284800 2.123544 0.284800 
157	(  -5.86     -193.99       2.06     -15.1      )	5.860000 2.996456 0.319600 -2.996456 -0.319600 
158	(  -5.87     -193.99       3.06     -15.02     )	5.870000 -1.091597 2.846500 1.091597 -2.846500 
159	(  -5.89     -188.99       3.06     -15.13     )	5.890000 5.982869 -5.234800 -5.982869 5.234800 
160	(  -5.78     -193.99       3.06     -15.14     )	5.780000 -10.253048 -1.821200 10.253048 1.821200 
161	(  -5.94     -194.99       4.06     -15.17     )	5.940000 -1.889016 0.144700 1.889016 -0.144700 
162	(  -5.94     -199.99       3.06     -15.33     )	5.940000 0.230984 0.264700 -0.230984 -0.264700 
163	(  -5.84     -192.99       3.06     -15.07     )	5.840000 -3.176896 -0.009300 3.176896 0.009300 
164	(  -5.79     -190.99       2.06     -15.2      )	5.790000 -1.129061 -6.525900 1.129061 6.525900 
165	(  -5.84     -197.99       2.06     -15.02     )	5.840000 -3.056896 6.495200 3.056896 -6.495200 
166	(  -5.82     -198.99       3.06     -15.18     )	5.820000 -11.216232 2.430000 11.216232 -2.430000 
167	(  -5.78     -190.99       4.06     -15.05     )	5.780000 -14.373048 -2.104100 14.373048 2.104100 
168	(  -5.89     -193.99       3.06     -15.12     )	5.890000 0.982869 0.067700 -0.982869 -0.067700 
169	(  -5.912    -190.99       3.88     -15.0728   )	5.912000 0.590311 -1.247556 -0.590311 1.247556 
170	(  -5.875    -188.99       4.06     -14.94     )	5.875000 -2.694303 0.302025 2.694303 -0.302025 
171	(  -5.8638   -193.99       2.56     -15.12     )	5.863800 1.078181 -0.240250 -1.078181 0.240250 
172	(  -5.8515   -192.99       2.56     -15.09     )	5.851500 0.812066 -0.478048 -0.812066 0.478048 
173	(  -5.8998   -191.99       2.95     -15.1408   )	5.899800 4.665615 -2.446185 -4.665615 2.446185 
174	(  -5.8652   -194.99       2.79     -15.17     )	5.865200 -1.007871 -0.738329 1.007871 0.738329 
175	(  -5.93     -194.99       2.78     -15.1104   )	5.930000 5.809457 1.830712 -5.809457 -1.830712 
176	(  -5.8914   -193.99       3.28     -15.1253   )	5.891400 -0.266190 -0.076106 0.266190 0.076106 

BBE ( SOL ) BBO
177	(  -5.8819   -193.99       2.95     -15.1218   )	5.881900 0.802110 -0.082088 -0.802110 0.082088 
178	(  -5.8688   -192.99       3.28     -15.0559   )	5.868800 -1.610416 0.752689 1.610416 -0.752689 
179	(  -5.8786   -193.99       3.03     -15.1053   )	5.878600 -0.018606 0.377850 0.018606 -0.377850 
180	(  -5.86     -193.99       3.06     -15.1137   )	5.860000 -2.123544 -0.094328 2.123544 0.094328 
181	(  -5.8742   -193.99       3.06     -15.14     )	5.874200 -0.657129 -0.723374 0.657129 0.723374 
182	(  -5.8766   -192.99       3.06     -15.1256   )	5.876600 0.591417 -1.259348 -0.591417 1.259348 
183	(  -5.8796   -193.99       2.86     -15.1199   )	5.879600 1.086386 -0.051680 -1.086386 0.051680 
184	(  -5.8806   -193.99       3.06     -15.1187   )	5.880600 0.006112 -0.003633 -0.006112 0.003633 
185	(  -5.8824   -193.99       3.06     -15.1148   )	5.882400 0.192909 0.135451 -0.192909 -0.135451 
186	(  -5.8693   -193.99       2.86     -15.1143   )	5.869300 0.020052 -0.003382 -0.020052 0.003382 
187	(  -5.8536   -192.99       2.74     -15.0762   )	5.853600 0.073855 -0.037173 -0.073855 0.037173 
188	(  -5.8346   -192.99       2.47     -15.0517   )	5.834600 -0.466196 0.478884 0.466196 -0.478884 
189	(  -5.8606   -193.99       3.12     -15.1034   )	5.860600 -2.432526 0.223941 2.432526 -0.223941 
190	(  -5.8616   -193.99       2.86     -15.1336   )	5.861600 -0.774669 -0.677494 0.774669 0.677494 
191	(  -5.8784   -192.99       3.04     -15.1241   )	5.878400 0.899960 -1.192814 -0.899960 1.192814 
192	(  -5.8739   -193.99       3.26     -15.1354   )	5.873900 -1.952183 -0.587632 1.952183 0.587632 
193	(  -5.8811   -193.99       3.06     -15.1185   )	5.881100 0.057989 0.008295 -0.057989 -0.008295 
194	(  -5.8779   -193.76       3.03     -15.115    )	5.877900 0.138831 -0.153517 -0.138831 0.153517 
195	(  -5.9019   -194.99       3.28     -15.1596   )	5.901900 -0.170919 0.008951 0.170919 -0.008951 
196	(  -5.8657   -193.49       2.88     -15.097    )	5.865700 0.033435 -0.022973 -0.033435 0.022973 
197	(  -5.8684   -193.74       2.87     -15.1043   )	5.868400 0.119755 0.038240 -0.119755 -0.038240 
198	(  -5.8771   -193.93       3.01     -15.1161   )	5.877100 0.006723 -0.026175 -0.006723 0.026175 
199	(  -5.8653   -193.71       2.85     -15.1046   )	5.865300 -0.055950 -0.037197 0.055950 0.037197 
200	(  -5.8771   -193.92       3.01     -15.115    )	5.877100 0.016723 -0.002921 -0.016723 0.002921 
201	(  -5.8706   -193.99       3.06     -15.1171   )	5.870600 -1.029568 -0.072768 1.029568 0.072768 
202	(  -5.879    -194          3.09     -15.1287   )	5.879000 -0.354334 -0.314923 0.354334 0.314923 
203	(  -5.8806   -194.49       3.06     -15.1186   )	5.880600 -0.493888 0.499390 0.493888 -0.499390 
204	(  -5.8804   -193.99       2.96     -15.1213   )	5.880400 0.587364 -0.084610 -0.587364 0.084610 
205	(  -5.8824   -193.71       3.11     -15.1073   )	5.882400 0.164409 0.082116 -0.164409 -0.082116 
206	(  -5.89     -193.89       2.96     -15.1148   )	5.890000 1.684869 0.124921 -1.684869 -0.124921 
207	(  -5.88635  -194.43       3.09     -15.13505  )	5.886350 -0.021274 0.009378 0.021274 -0.009378 
208	(  -5.870863 -193.72       2.9325   -15.106512 )	5.870863 0.031617 -0.019693 -0.031617 0.019693 
209	(  -5.8756   -193.9        3.0826   -15.116324 )	5.875600 -0.560991 -0.080576 0.560991 0.080576 
210	(  -5.877682 -193.94       3.0361   -15.1237   )	5.877682 -0.100767 -0.239156 0.100767 0.239156 
211	(  -5.87809  -194.19       3.0395   -15.117507 )	5.878090 -0.329135 0.202924 0.329135 -0.202924 
212	(  -5.880354 -194.09       3.11     -15.121603 )	5.880354 -0.427908 0.005686 0.427908 -0.005686 
213	(  -5.880707 -193.99       3.0597   -15.118657 )	5.880707 0.019022 -0.001067 -0.019022 0.001067 
214	(  -5.880413 -194          3.0551   -15.118946 )	5.880413 0.006633 -0.003272 -0.006633 0.003272 
215	(  -5.88231  -194.02       3.0824   -15.119551 )	5.882310 0.015941 0.020737 -0.015941 -0.020737 
216	(  -5.878402 -193.95       3.0281   -15.116963 )	5.878402 0.012421 -0.016950 -0.012421 0.016950 

BBE ( SOL ) BBO
217	(  -5.881007 -194          3.0643   -15.118688 )	5.881007 0.012030 0.011506 -0.012030 -0.011506 
218	(  -5.880356 -193.99       3.0553   -15.118257 )	5.880356 0.009545 0.006891 -0.009545 -0.006891 
219	(  -5.878528 -193.96       3.0305   -15.116795 )	5.878528 0.000854 -0.000398 -0.000854 0.000398 
220	(  -5.877438 -193.95       3.0159   -15.115864 )	5.877438 -0.013806 0.004937 0.013806 -0.004937 
221	(  -5.882848 -194.05       3.0905   -15.121349 )	5.882848 -0.008162 0.002711 0.008162 -0.002711 
222	(  -5.878537 -193.95       3.0301   -15.116587 )	5.878537 0.014259 -0.004011 -0.014259 0.004011 
223	(  -5.881411 -194.02       3.0704   -15.119762 )	5.881411 -0.003489 0.003804 0.003489 -0.003804 
224	(  -5.880693 -194          3.0603   -15.118968 )	5.880693 0.003878 -0.000649 -0.003878 0.000649 
225	(  -5.87976  -193.99       3.0477   -15.118447 )	5.879760 -0.005863 -0.005868 0.005863 0.005868 
226	(  -5.879909 -193.99       3.0496   -15.1184   )	5.879909 -0.002002 -0.002678 0.002002 0.002678 
227	(  -5.879452 -193.97       3.0451   -15.117485 )	5.879452 -0.001986 -0.000408 0.001986 0.000408 
228	(  -5.878691 -193.97       3.0328   -15.117124 )	5.878691 -0.006175 0.001567 0.006175 -0.001567 
229	(  -5.879168 -193.98       3.0396   -15.117518 )	5.879168 -0.007976 0.005267 0.007976 -0.005267 
230	(  -5.87231  -193.87       2.942    -15.111079 )	5.872310 -0.024454 0.009314 0.024454 -0.009314 
231	(  -5.874871 -193.72       3.0088   -15.1073   )	5.874871 -0.006971 0.003592 0.006971 -0.003592 
232	(  -5.87788  -193.94       3.0224   -15.116062 )	5.877880 0.002722 -0.005872 -0.002722 0.005872 
233	(  -5.880528 -194          3.0584   -15.118837 )	5.880528 -0.001545 0.001386 0.001545 -0.001386 
234	(  -5.873528 -193.93       2.9892   -15.117056 )	5.873528 -0.238448 -0.097050 0.238448 0.097050 
235	(  -5.87472  -193.89       3.0805   -15.117336 )	5.874720 -0.629220 -0.131511 0.629220 0.131511 
236	(  -5.877134 -194.16       3.0372   -15.116868 )	5.877134 -0.384283 0.181007 0.384283 -0.181007 
237	(  -5.878113 -193.96       3.0325   -15.111795 )	5.878113 -0.054292 0.145866 0.054292 -0.145866 
238	(  -5.878634 -193.96       3.0303   -15.116836 )	5.878634 0.013074 -0.000397 -0.013074 0.000397 
239	(  -5.878745 -193.97       3.0328   -15.117175 )	5.878745 -0.000589 0.000646 0.000589 -0.000646 
240	(  -5.878717 -193.96       3.0338   -15.116746 )	5.878717 0.000482 0.003290 -0.000482 -0.003290 
241	(  -5.879015 -193.97       3.0378   -15.11716  )	5.879015 -0.002900 0.004298 0.002900 -0.004298 
242	(  -5.876745 -193.97       3.0192   -15.117174 )	5.876745 -0.125570 -0.022834 0.125570 0.022834 
243	(  -5.878717 -193.87       3.0337   -15.117175 )	5.878717 0.091048 -0.099683 -0.091048 0.099683 
244	(  -5.878744 -193.97       3.0328   -15.115175 )	5.878744 -0.000693 0.061099 0.000693 -0.061099 
245	(  -5.880102 -193.96       3.0128   -15.117171 )	5.880102 0.271047 0.006724 -0.271047 -0.006724 
246	(  -5.879198 -193.97       3.0433   -15.117394 )	5.879198 -0.017358 -0.000643 0.017358 0.000643 
247	(  -5.879396 -194.0        3.0397   -15.118317 )	5.879396 -0.004974 0.003779 0.004974 -0.003779 
248	(  -5.878857 -194.01       3.0278   -15.118616 )	5.878857 0.001361 -0.001577 -0.001361 0.001577 
249	(  -5.879769 -193.94       3.0556   -15.116531 )	5.879769 -0.003147 0.002187 0.003147 -0.002187 
250	(  -5.879085 -193.99       3.0348   -15.118094 )	5.879085 0.002573 -0.003135 -0.002573 0.003135 
251	(  -5.877607 -194.01       3.0128   -15.117718 )	5.877607 -0.037641 0.010850 0.037641 -0.010850 
252	(  -5.877866 -194.07       3.0455   -15.116829 )	5.877866 -0.268904 0.100773 0.268904 -0.100773 
253	(  -5.879216 -193.98       3.026    -15.115175 )	5.879216 0.079447 0.076649 -0.079447 -0.076649 
254	(  -5.880745 -194.03       3.029    -15.117962 )	5.880745 0.169874 0.060370 -0.169874 -0.060370 
255	(  -5.878684 -193.96       3.033    -15.117169 )	5.878684 0.001925 -0.009882 -0.001925 0.009882 
256	(  -5.878493 -193.9875     3.0255   -15.117677 )	5.878493 0.000031 0.000014 -0.000031 -0.000014 

BBE ( SOL ) BBO
257	(  -5.877737 -194.0375     3.0036   -15.119183 )	5.877737 0.003765 -0.004386 -0.003765 0.004386 
258	(  -5.878468 -194.0175     3.0195   -15.118775 )	5.878468 0.003717 -0.003475 -0.003717 0.003475 
259	(  -5.87708  -193.9475     3.0086   -15.11573  )	5.877080 -0.004390 0.002292 0.004390 -0.002292 
260	(  -5.879666 -193.9875     3.0459   -15.11806  )	5.879666 -0.002151 0.002237 0.002151 -0.002237 
261	(  -5.876493 -194.0175     3.0356   -15.117991 )	5.876493 -0.298456 -0.002990 0.298456 0.002990 
262	(  -5.877811 -194.0575     3.0055   -15.117055 )	5.877811 -0.020044 0.080802 0.020044 -0.080802 
263	(  -5.87737  -193.8875     3.0186   -15.116654 )	5.877370 0.025336 -0.082258 -0.025336 0.082258 
264	(  -5.878798 -194.0175     3.0345   -15.115677 )	5.878798 -0.052888 0.094067 0.052888 -0.094067 
265	(  -5.880624 -193.8875     3.0189   -15.119487 )	5.880624 0.360928 -0.129650 -0.360928 0.129650 
266	(  -5.877737 -194.04       3.0036   -15.119183 )	5.877737 0.001265 -0.001886 -0.001265 0.001886 
267	(  -5.878404 -193.9743     3.0262   -15.117207 )	5.878404 -0.000192 -0.000002 0.000192 0.000002 
268	(  -5.877632 -193.9759     3.0124   -15.116942 )	5.877632 0.001550 0.000540 -0.001550 -0.000540 
269	(  -5.878087 -193.9744     3.0206   -15.117078 )	5.878087 0.000729 0.000277 -0.000729 -0.000277 
270	(  -5.877493 -193.9926     3.0237   -15.117905 )	5.877493 -0.097833 -0.013536 0.097833 0.013536 
271	(  -5.878288 -193.9652     3.0218   -15.116677 )	5.878288 0.023454 0.005538 -0.023454 -0.005538 
272	(  -5.878237 -193.9596     3.0355   -15.117605 )	5.878237 -0.059218 -0.028719 0.059218 0.028719 
273	(  -5.87837  -194.0375     3.0303   -15.117075 )	5.878370 -0.091788 0.066769 0.091788 -0.066769 
274	(  -5.878514 -193.988      3.0255   -15.117717 )	5.878514 0.001704 -0.000433 -0.001704 0.000433 
275	(  -5.878285 -193.9949     3.020672 -15.117745 )	5.878285 0.000323 0.002915 -0.000323 -0.002915 
276	(  -5.878337 -193.9931     3.02205  -15.117774 )	5.878337 -0.000865 0.000866 0.000865 -0.000866 
277	(  -5.87848  -193.9683     3.028388 -15.11704  )	5.878480 0.000410 -0.000057 -0.000410 0.000057 
278	(  -5.877993 -193.9858     3.025504 -15.117756 )	5.877993 -0.050124 -0.009935 0.050124 0.009935 
279	(  -5.878443 -193.9742     3.025477 -15.117177 )	5.878443 0.008266 0.001241 -0.008266 -0.001241 
280	(  -5.878492 -193.9876     3.0305   -15.117674 )	5.878492 -0.030387 0.000217 0.030387 -0.000217 
281	(  -5.8784   -194.0075     3.025457 -15.117353 )	5.878400 -0.029362 0.028720 0.029362 -0.028720 
282	(  -5.878499 -193.9874     3.025451 -15.117685 )	5.878499 0.001095 -0.000237 -0.001095 0.000237 
283	(  -5.878492 -193.9874     3.0255   -15.117681 )	5.878492 0.000017 -0.000212 -0.000017 0.000212 
284	(  -5.878847 -193.9844     3.032194 -15.117725 )	5.878847 -0.000706 -0.000356 0.000706 0.000356 
285	(  -5.878277 -193.9769     3.023499 -15.117239 )	5.878277 0.000391 0.000119 -0.000391 -0.000119 
286	(  -5.878353 -193.9948     3.021962 -15.117863 )	5.878353 -0.000359 0.000066 0.000359 -0.000066 
287	(  -5.878385 -193.9881     3.023568 -15.117657 )	5.878385 -0.000082 -0.000040 0.000082 0.000040 
288	(  -5.878609 -193.9918     3.026885 -15.117871 )	5.878609 -0.000557 -0.000189 0.000557 0.000189 
289	(  -5.87836  -193.9806     3.024346 -15.117397 )	5.878360 0.000178 0.000017 -0.000178 -0.000017 
290	(  -5.878293 -193.9872     3.023844 -15.117809 )	5.878293 -0.010385 -0.006622 0.010385 0.006622 
291	(  -5.878341 -193.9775     3.026657 -15.117585 )	5.878341 -0.012666 -0.008980 0.012666 0.008980 
292	(  -5.878374 -193.996      3.0275   -15.117755 )	5.878374 -0.032856 0.004761 0.032856 -0.004761 
293	(  -5.878413 -193.9932     3.024838 -15.117477 )	5.878413 -0.009952 0.010821 0.009952 -0.010821 
294	(  -5.878503 -193.9877     3.025466 -15.117681 )	5.878503 0.001069 0.000230 -0.001069 -0.000230 
295	(  -5.878424 -193.985396   3.024301 -15.117601 )	5.878424 0.002208 -0.000608 -0.002208 0.000608 
296	(  -5.878329 -193.97785    3.024307 -15.117288 )	5.878329 -0.000048 0.000207 0.000048 -0.000207 

BBE ( SOL ) BBO
297	(  -5.87837  -193.980238   3.024605 -15.117386 )	5.878370 -0.000032 0.000102 0.000032 -0.000102 
298	(  -5.8784   -193.993919   3.02281  -15.117852 )	5.878400 0.000235 0.000049 -0.000235 -0.000049 
299	(  -5.878403 -193.979205   3.025352 -15.117368 )	5.878403 -0.000081 0.000011 0.000081 -0.000011 
300	(  -5.878465 -193.986921   3.025167 -15.117647 )	5.878465 -0.000259 0.000027 0.000259 -0.000027 
301	(  -5.878386 -193.98218    3.024551 -15.11746  )	5.878386 0.000069 0.000019 -0.000069 -0.000019 
302	(  -5.878393 -193.992146   3.025238 -15.117761 )	5.878393 -0.013397 0.000958 0.013397 -0.000958 
303	(  -5.878418 -193.988434   3.025814 -15.117577 )	5.878418 -0.010518 0.003096 0.010518 -0.003096 
304	(  -5.878475 -193.986204   3.0245   -15.117654 )	5.878475 0.005579 -0.000781 -0.005579 0.000781 
305	(  -5.87856  -193.9925     3.025218 -15.117637 )	5.878560 0.003675 0.007009 -0.003675 -0.007009 
306	(  -5.878493 -193.987334   3.025516 -15.117679 )	5.878493 0.000128 -0.000191 -0.000128 0.000191 
307	(  -5.878473 -193.987165   3.024967 -15.117622 )	5.878473 0.001582 0.001117 -0.001582 -0.001117 
308	(  -5.878464 -193.988255   3.02488  -15.117695 )	5.878464 0.000001 -0.000100 -0.000001 0.000100 
309	(  -5.878393 -193.982242   3.024674 -15.117463 )	5.878393 -0.000023 0.000052 0.000023 -0.000052 
310	(  -5.878453 -193.977463   3.02647  -15.117327 )	5.878453 0.000075 0.000087 -0.000075 -0.000087 
311	(  -5.878402 -193.985441   3.024294 -15.117574 )	5.878402 -0.000041 -0.000008 0.000041 0.000008 
312	(  -5.878434 -193.989477   3.024157 -15.117719 )	5.878434 0.000098 0.000028 -0.000098 -0.000028 
313	(  -5.878411 -193.981773   3.025053 -15.117456 )	5.878411 -0.000036 0.000015 0.000036 -0.000015 
314	(  -5.878463 -193.986297   3.025209 -15.117626 )	5.878463 -0.000103 0.000017 0.000103 -0.000017 
315	(  -5.878406 -193.98321    3.024716 -15.117501 )	5.878406 0.000026 0.000019 -0.000026 -0.000019 
316	(  -5.878462 -193.98672    3.025107 -15.117641 )	5.878462 0.000014 -0.000032 -0.000014 0.000032 
317	(  -5.878445 -193.9856     3.024999 -15.117597 )	5.878445 0.000004 -0.000011 -0.000004 0.000011 
318	(  -5.878563 -193.992772   3.025849 -15.117883 )	5.878563 -0.000060 -0.000100 0.000060 0.000100 
319	(  -5.878456 -193.985396   3.025221 -15.117594 )	5.878456 0.000001 -0.000002 -0.000001 0.000002 
320	(  -5.878437 -193.984133   3.025111 -15.117543 )	5.878437 0.000015 0.000042 -0.000015 -0.000042 
321	(  -5.878456 -193.986073   3.025108 -15.117617 )	5.878456 0.000015 -0.000013 -0.000015 0.000013 
322	(  -5.878437 -193.984454   3.024426 -15.117694 )	5.878437 0.003779 -0.004191 -0.003779 0.004191 
323	(  -5.878441 -193.980396   3.025327 -15.117581 )	5.878441 0.002826 -0.004774 -0.002826 0.004774 
324	(  -5.878356 -193.986241   3.024293 -15.117504 )	5.878356 -0.005597 0.002379 0.005597 -0.002379 
325	(  -5.878556 -193.984551   3.024508 -15.117553 )	5.878556 0.015526 0.001565 -0.015526 -0.001565 
326	(  -5.87845  -193.985635   3.025396 -15.117587 )	5.878450 -0.001958 0.000376 0.001958 -0.000376 
327	(  -5.878489 -193.984784   3.025888 -15.117585 )	5.878489 -0.000011 0.000026 0.000011 -0.000026 
328	(  -5.878452 -193.985352   3.02516  -15.117591 )	5.878452 -0.000003 -0.000000 0.000003 0.000000 
329	(  -5.878416 -193.986427   3.024356 -15.117613 )	5.878416 0.000019 -0.000039 -0.000019 0.000039 
330	(  -5.878471 -193.985194   3.025505 -15.117592 )	5.878471 -0.000004 0.000010 0.000004 -0.000010 
331	(  -5.878356 -193.985506   3.025416 -15.117566 )	5.878356 -0.011656 -0.000240 0.011656 0.000240 
332	(  -5.878428 -193.984833   3.024221 -15.117625 )	5.878428 0.003679 -0.001845 -0.003679 0.001845 
333	(  -5.878436 -193.984995   3.0256   -15.117694 )	5.878436 -0.003981 -0.003663 0.003981 0.003663 
334	(  -5.878458 -193.980396   3.025295 -15.117583 )	5.878458 0.004771 -0.004662 -0.004771 0.004662 
335	(  -5.87846  -193.985511   3.025171 -15.117579 )	5.878460 0.000636 0.000618 -0.000636 -0.000618 
336	(  -5.878409 -193.9857     3.024372 -15.117586 )	5.878409 -0.000001 0.000000 0.000001 -0.000000 

BBE ( SOL ) BBO
337	(  -5.878269 -193.98661    3.021823 -15.117561 )	5.878269 -0.000014 0.000007 0.000014 -0.000007 
338	(  -5.878452 -193.987793   3.024757 -15.117671 )	5.878452 0.000001 -0.000000 -0.000001 0.000000 
339	(  -5.878414 -193.986926   3.02425  -15.117628 )	5.878414 0.000002 -0.000011 -0.000002 0.000011 
340	(  -5.878456 -193.985627   3.025192 -15.117601 )	5.878456 -0.000004 0.000005 0.000004 -0.000005 
341	(  -5.878309 -193.987989   3.024063 -15.117609 )	5.878309 -0.010787 0.000420 0.010787 -0.000420 
342	(  -5.878373 -193.9807     3.023686 -15.117535 )	5.878373 0.005407 -0.003907 -0.005407 0.003907 
343	(  -5.878382 -193.98194    3.024879 -15.117686 )	5.878382 -0.002121 -0.007102 0.002121 0.007102 
344	(  -5.878463 -193.986303   3.023372 -15.11766  )	5.878463 0.010988 -0.001015 -0.010988 0.001015 
345	(  -5.878398 -193.985641   3.024615 -15.117568 )	5.878398 -0.002536 0.000361 0.002536 -0.000361 
346	(  -5.878269 -193.98661    3.021823 -15.117561 )	5.878269 -0.000013 0.000007 0.000013 -0.000007 
347	(  -5.878392 -193.98502    3.024184 -15.117556 )	5.878392 0.000000 -0.000001 -0.000000 0.000001 
348	(  -5.878339 -193.98298    3.023622 -15.117469 )	5.878339 0.000005 -0.000005 -0.000005 0.000005 
349	(  -5.878436 -193.986679   3.024662 -15.117628 )	5.878436 -0.000001 -0.000000 0.000001 0.000000 
350	(  -5.878388 -193.987199   3.023766 -15.117627 )	5.878388 -0.000003 0.000001 0.000003 -0.000001 
351	(  -5.878439 -193.985847   3.024857 -15.117602 )	5.878439 0.000001 -0.000001 -0.000001 0.000001 
352	(  -5.878318 -193.983651   3.023184 -15.117619 )	5.878318 -0.000230 -0.004138 0.000230 0.004138 
353	(  -5.878292 -193.984385   3.02514  -15.117586 )	5.878292 -0.015514 -0.002693 0.015514 0.002693 
354	(  -5.878341 -193.984697   3.023948 -15.117456 )	5.878341 -0.003523 0.002102 0.003523 -0.002102 
355	(  -5.878412 -193.98002    3.024276 -15.117551 )	5.878412 0.006493 -0.004594 -0.006493 0.004594 
356	(  -5.878545 -193.987194   3.023646 -15.117599 )	5.878545 0.016972 0.002685 -0.016972 -0.002685 
357	(  -5.878339 -193.98298    3.023623 -15.117469 )	5.878339 0.000003 -0.000005 -0.000003 0.000005 
358	(  -5.878397 -193.984905   3.0243   -15.117555 )	5.878397 -0.000000 -0.000001 0.000000 0.000001 
359	(  -5.878365 -193.983358   3.024002 -15.117491 )	5.878365 -0.000002 -0.000001 0.000002 0.000001 
360	(  -5.87843  -193.986684   3.024568 -15.117626 )	5.878430 0.000000 -0.000000 -0.000000 0.000000 
361	(  -5.878546 -193.991679   3.025719 -15.117836 )	5.878546 -0.000001 0.000001 0.000001 -0.000001 
362	(  -5.878433 -193.98673    3.024608 -15.117629 )	5.878433 -0.000002 -0.000000 0.000002 0.000000 
363	(  -5.878419 -193.984781   3.024689 -15.117559 )	5.878419 -0.000000 -0.000000 0.000000 0.000000 
364	(  -5.8785   -193.984064   3.026204 -15.117567 )	5.878500 -0.000003 0.000003 0.000003 -0.000003 
365	(  -5.878436 -193.984754   3.024981 -15.117565 )	5.878436 -0.000000 -0.000000 0.000000 0.000000 
366	(  -5.878376 -193.986696   3.023635 -15.117606 )	5.878376 -0.000001 -0.000000 0.000001 0.000000 
367	(  -5.8785   -193.984081   3.026204 -15.117567 )	5.878500 -0.000020 0.000019 0.000020 -0.000019 
368	(  -5.878328 -193.991696   3.021988 -15.117753 )	5.878328 0.000019 -0.000025 -0.000019 0.000025 
369	(  -5.878491 -193.983481   3.026129 -15.117544 )	5.878491 0.000015 -0.000013 -0.000015 0.000013 
370	(  -5.878393 -193.982296   3.024646 -15.117468 )	5.878393 0.000039 -0.000037 -0.000039 0.000037 
371	(  -5.878439 -193.986481   3.024752 -15.117621 )	5.878439 -0.000041 0.000043 0.000041 -0.000043 
372	(  -5.878404 -193.985381   3.024326 -15.117573 )	5.878404 -0.000006 0.000006 0.000006 -0.000006 
373	(  -5.878219 -193.984981   3.024593 -15.117568 )	5.878219 -0.020352 -0.002412 0.020352 0.002412 
374	(  -5.878406 -193.974781   3.029187 -15.117447 )	5.878406 -0.018531 -0.006752 0.018531 0.006752 
375	(  -5.878399 -193.981096   3.021635 -15.117406 )	5.878399 0.020041 0.000714 -0.020041 -0.000714 
376	(  -5.878353 -193.992296   3.025635 -15.117806 )	5.878353 -0.020052 -0.000714 0.020052 0.000714 

BBE ( SOL ) BBO
377	(  -5.878413 -193.994381   3.026915 -15.117359 )	5.878413 -0.023715 0.015574 0.023715 -0.015574 
378	(  -5.878414 -193.980581   3.019689 -15.117389 )	5.878414 0.033875 0.000877 -0.033875 -0.000877 
379	(  -5.878499 -193.981881   3.022059 -15.11773  )	5.878499 0.027137 -0.007116 -0.027137 0.007116 
380	(  -5.878328 -193.991724   3.021988 -15.117753 )	5.878328 -0.000009 0.000002 0.000009 -0.000002 
381	(  -5.878399 -193.985766   3.024188 -15.117584 )	5.878399 -0.000000 -0.000000 0.000000 0.000000 
382	(  -5.87834  -193.988766   3.022685 -15.117659 )	5.878340 -0.000048 0.000045 0.000048 -0.000045 
383	(  -5.878387 -193.983866   3.024295 -15.117516 )	5.878387 -0.000017 0.000015 0.000017 -0.000015 
384	(  -5.878092 -193.980996   3.019707 -15.117305 )	5.878092 -0.000041 0.000042 0.000041 -0.000042 
385	(  -5.878466 -193.984266   3.025578 -15.117561 )	5.878466 0.000030 -0.000031 -0.000030 0.000031 
386	(  -5.878398 -193.986066   3.024121 -15.117595 )	5.878398 0.000028 -0.000030 -0.000028 0.000030 
387	(  -5.878311 -193.975766   3.022604 -15.117576 )	5.878311 0.010383 -0.010818 -0.010383 0.010818 
388	(  -5.878199 -193.988766   3.026464 -15.117595 )	5.878199 -0.037504 0.000326 0.037504 -0.000326 
389	(  -5.878336 -193.990366   3.019188 -15.117587 )	5.878336 0.019017 0.003749 -0.019017 -0.003749 
390	(  -5.878393 -193.986266   3.024262 -15.117384 )	5.878393 -0.001625 0.006470 0.001625 -0.006470 
391	(  -5.878472 -193.996696   3.018813 -15.117489 )	5.878472 0.029126 0.014658 -0.029126 -0.014658 
392	(  -5.87828  -193.976696   3.028457 -15.117722 )	5.878280 -0.029175 -0.014658 0.029175 0.014658 
393	(  -5.878403 -193.985766   3.02423  -15.117586 )	5.878403 0.000118 -0.000016 -0.000118 0.000016 
394	(  -5.87834  -193.988721   3.022685 -15.117659 )	5.878340 -0.000003 -0.000000 0.000003 0.000000 
395	(  -5.878398 -193.988506   3.023713 -15.117674 )	5.878398 -0.000000 -0.000000 0.000000 0.000000 
396	(  -5.878394 -193.996706   3.022288 -15.117944 )	5.878394 0.000015 -0.000020 -0.000015 0.000020 
397	(  -5.878434 -193.977406   3.026164 -15.11732  )	5.878434 -0.000014 0.000013 0.000014 -0.000013 
398	(  -5.87839  -193.988096   3.023655 -15.117656 )	5.878390 -0.000041 0.000043 0.000041 -0.000043 
399	(  -5.878387 -193.988106   3.023598 -15.117657 )	5.878387 0.000007 -0.000009 -0.000007 0.000009 
400	(  -5.878424 -193.985606   3.024635 -15.117588 )	5.878424 -0.000010 0.000011 0.000010 -0.000011 
401	(  -5.878298 -193.988606   3.023645 -15.117657 )	5.878298 -0.010056 -0.000568 0.010056 0.000568 
402	(  -5.878389 -193.986006   3.025414 -15.117874 )	5.878389 -0.008734 -0.008655 0.008734 0.008655 
403	(  -5.878399 -193.978506   3.023521 -15.117627 )	5.878399 0.011268 -0.008559 -0.011268 0.008559 
404	(  -5.878276 -193.984696   3.019316 -15.117427 )	5.878276 0.017732 0.002226 -0.017732 -0.002226 
405	(  -5.878397 -193.988106   3.018713 -15.11774  )	5.878397 0.030464 -0.002407 -0.030464 0.002407 
406	(  -5.878476 -193.988696   3.027954 -15.117784 )	5.878476 -0.017771 -0.002226 0.017771 0.002226 
407	(  -5.878399 -193.989106   3.024364 -15.117666 )	5.878399 -0.004410 0.000862 0.004410 -0.000862 
408	(  -5.878394 -193.996724   3.022288 -15.117944 )	5.878394 -0.000004 -0.000002 0.000004 0.000002 
409	(  -5.87835  -193.988592   3.022882 -15.117658 )	5.878350 -0.000000 0.000000 0.000000 -0.000000 
410	(  -5.878273 -193.994292   3.020623 -15.117817 )	5.878273 -0.000013 0.000011 0.000013 -0.000011 
411	(  -5.878468 -193.992092   3.024321 -15.117819 )	5.878468 -0.000016 0.000019 0.000016 -0.000019 
412	(  -5.878426 -193.984896   3.024794 -15.117566 )	5.878426 0.000024 -0.000022 -0.000024 0.000022 
413	(  -5.878353 -193.987092   3.023168 -15.117611 )	5.878353 0.000047 -0.000045 -0.000047 0.000045 
414	(  -5.878411 -193.986792   3.024218 -15.117623 )	5.878411 0.000005 -0.000006 -0.000005 0.000006 
415	(  -5.87825  -193.986592   3.025066 -15.11774  )	5.878250 -0.021575 -0.005633 0.021575 0.005633 
416	(  -5.878306 -193.993492   3.023555 -15.117458 )	5.878306 -0.013602 0.010422 0.013602 -0.010422 

BBE ( SOL ) BBO
417	(  -5.878309 -193.993192   3.017882 -15.117714 )	5.878309 0.021292 0.002428 -0.021292 -0.002428 
418	(  -5.878329 -193.978592   3.020366 -15.117565 )	5.878329 0.023035 -0.007414 -0.023035 0.007414 
419	(  -5.878414 -193.976696   3.021954 -15.11768  )	5.878414 0.024071 -0.011812 -0.024071 0.011812 
420	(  -5.878338 -193.996696   3.025316 -15.117531 )	5.878338 -0.024079 0.011812 0.024079 -0.011812 
421	(  -5.878352 -193.988592   3.022929 -15.11766  )	5.878352 -0.000069 -0.000023 0.000069 0.000023 
422	(  -5.878273 -193.994282   3.020623 -15.117817 )	5.878273 -0.000003 0.000000 0.000003 -0.000000 
423	(  -5.878251 -193.98693    3.021447 -15.117565 )	5.878251 -0.000000 -0.000000 0.000000 0.000000 
424	(  -5.877951 -193.98193    3.017142 -15.117283 )	5.877951 -0.000011 -0.000014 0.000011 0.000014 
425	(  -5.878362 -193.983696   3.02389  -15.117501 )	5.878362 0.000013 -0.000011 -0.000013 0.000011 
426	(  -5.878325 -193.97443    3.024786 -15.117179 )	5.878325 -0.000023 0.000021 0.000023 -0.000021 
427	(  -5.87828  -193.99013    3.021426 -15.117681 )	5.878280 -0.000017 0.000014 0.000017 -0.000014 
428	(  -5.878384 -193.98613    3.023873 -15.11759  )	5.878384 -0.000013 0.000015 0.000013 -0.000015 
429	(  -5.878151 -193.99033    3.025673 -15.117396 )	5.878151 -0.039321 0.007318 0.039321 -0.007318 
430	(  -5.878275 -193.97693    3.023153 -15.117497 )	5.878275 0.002167 -0.007664 -0.002167 0.007664 
431	(  -5.87818  -193.98293    3.023058 -15.117765 )	5.878180 -0.013032 -0.010874 0.013032 0.010874 
432	(  -5.878181 -193.98293    3.016447 -15.117499 )	5.878181 0.026922 -0.002834 -0.026922 0.002834 
433	(  -5.878373 -193.976696   3.02476  -15.117576 )	5.878373 0.002885 -0.009148 -0.002885 0.009148 
434	(  -5.878379 -193.996696   3.02251  -15.117635 )	5.878379 -0.002891 0.009148 0.002891 -0.009148 
435	(  -5.878259 -193.98743    3.021275 -15.117547 )	5.878259 0.001429 0.001122 -0.001429 -0.001122 
436	(  -5.877951 -193.981943   3.017142 -15.117283 )	5.877951 -0.000024 -0.000001 0.000024 0.000001 
437	(  -5.878372 -193.98546    3.023767 -15.117563 )	5.878372 0.000001 -0.000000 -0.000001 0.000000 
438	(  -5.878359 -193.98176    3.024163 -15.117436 )	5.878359 -0.000002 0.000008 0.000002 -0.000008 
439	(  -5.87836  -193.98546    3.023575 -15.117557 )	5.878360 -0.000041 0.000038 0.000041 -0.000038 
440	(  -5.87818  -193.98433    3.020663 -15.117453 )	5.878180 0.000043 -0.000045 -0.000043 0.000045 
441	(  -5.878201 -193.98743    3.020749 -15.117621 )	5.878201 -0.001466 -0.001801 0.001466 0.001801 
442	(  -5.878233 -193.98523    3.021747 -15.117365 )	5.878233 -0.001897 0.004144 0.001897 -0.004144 
443	(  -5.878248 -193.99693    3.021772 -15.117538 )	5.878248 -0.012200 0.010772 0.012200 -0.010772 
444	(  -5.878265 -193.98833    3.019447 -15.117511 )	5.878265 0.012129 0.003198 -0.012129 -0.003198 
445	(  -5.878365 -193.98506    3.023756 -15.117363 )	5.878365 -0.000188 0.005573 0.000188 -0.005573 
446	(  -5.878378 -193.98586    3.023778 -15.117763 )	5.878378 0.000190 -0.005573 -0.000190 0.005573 
447	(  -5.878292 -193.98613    3.022515 -15.117529 )	5.878292 -0.001385 0.000757 0.001385 -0.000757 
448	(  -5.878359 -193.981751   3.024163 -15.117436 )	5.878359 0.000006 -0.000000 -0.000006 0.000000 
449	(  -5.878376 -193.983876   3.024101 -15.117512 )	5.878376 -0.000000 -0.000000 0.000000 0.000000 
450	(  -5.878272 -193.986825   3.02169  -15.117572 )	5.878272 0.000822 -0.000077 -0.000822 0.000077 
451	(  -5.878288 -193.988186   3.021884 -15.117621 )	5.878288 -0.000004 -0.000000 0.000004 0.000000 
452	(  -5.878371 -193.986371   3.023612 -15.117593 )	5.878371 -0.000000 -0.000000 0.000000 0.000000 
453	(  -5.878231 -193.984022   3.020987 -15.117558 )	5.878231 0.003614 -0.002944 -0.003614 0.002944 
454	(  -5.87824  -193.987507   3.022447 -15.117579 )	5.878240 -0.007733 0.000017 0.007733 -0.000017 
455	(  -5.878242 -193.99193    3.021088 -15.117576 )	5.878242 -0.003710 0.004557 0.003710 -0.004557 
456	(  -5.87825  -193.987564   3.021547 -15.117465 )	5.878250 -0.001350 0.003645 0.001350 -0.003645 

BBE ( SOL ) BBO
457	(  -5.878352 -193.987089   3.024171 -15.117601 )	5.878352 -0.006145 0.000259 0.006145 -0.000259 
458	(  -5.878392 -193.983831   3.023363 -15.117526 )	5.878392 0.006146 -0.000259 -0.006146 0.000259 
459	(  -5.878279 -193.985709   3.02192  -15.117639 )	5.878279 0.001287 -0.003153 -0.001287 0.003153 
460	(  -5.87837  -193.9864     3.023583 -15.117593 )	5.878370 -0.000001 0.000004 0.000001 -0.000004 
461	(  -5.878269 -193.984983   3.021049 -15.117572 )	5.878269 0.006267 -0.001939 -0.006267 0.001939 
462	(  -5.878301 -193.993951   3.021149 -15.117817 )	5.878301 0.000005 -0.000005 -0.000005 0.000005 
463	(  -5.878293 -193.992116   3.021318 -15.117753 )	5.878293 0.000001 -0.000002 -0.000001 0.000002 
464	(  -5.878241 -193.986488   3.02154  -15.11755  )	5.878241 -0.001154 -0.000109 0.001154 0.000109 
465	(  -5.878247 -193.98754    3.02148  -15.117615 )	5.878247 -0.001175 -0.000944 0.001175 0.000944 
466	(  -5.878249 -193.987285   3.020947 -15.117562 )	5.878249 0.002452 0.000424 -0.002452 -0.000424 
467	(  -5.878251 -193.98493    3.02134  -15.117582 )	5.878251 0.002729 -0.002515 -0.002729 0.002515 
468	(  -5.878371 -193.984952   3.023267 -15.117569 )	5.878371 0.003446 -0.000711 -0.003446 0.000711 
469	(  -5.878373 -193.985968   3.024267 -15.117557 )	5.878373 -0.003446 0.000711 0.003446 -0.000711 
470	(  -5.878261 -193.987382   3.021361 -15.117579 )	5.878261 0.001114 0.000138 -0.001114 -0.000138 
471	(  -5.878376 -193.984777   3.023958 -15.117542 )	5.878376 0.000000 -0.000001 -0.000000 0.000001 
472	(  -5.878247 -193.987296   3.021413 -15.117562 )	5.878247 -0.000506 0.000397 0.000506 -0.000397 
473	(  -5.878259 -193.984038   3.022062 -15.117472 )	5.878259 0.000002 -0.000007 -0.000002 0.000007 
474	(  -5.878248 -193.980992   3.02238  -15.117368 )	5.878248 0.000011 -0.000018 -0.000011 0.000018 
475	(  -5.878246 -193.986787   3.021453 -15.117567 )	5.878246 -0.000408 -0.000266 0.000408 0.000266 
476	(  -5.87825  -193.987205   3.021397 -15.117545 )	5.878250 -0.000050 0.000871 0.000050 -0.000871 
477	(  -5.87825  -193.987174   3.021647 -15.117561 )	5.878250 -0.001467 0.000351 0.001467 -0.000351 
478	(  -5.878251 -193.98593    3.021485 -15.117558 )	5.878251 0.000833 -0.000789 -0.000833 0.000789 
479	(  -5.878368 -193.98446    3.023948 -15.117555 )	5.878368 -0.000476 -0.000811 0.000476 0.000811 
480	(  -5.878375 -193.98646    3.023587 -15.117571 )	5.878375 0.000477 0.000811 -0.000477 -0.000811 
481	(  -5.878256 -193.987057   3.021436 -15.117564 )	5.878256 0.000454 0.000210 -0.000454 -0.000210 
482	(  -5.878251 -193.98667    3.0214   -15.117557 )	5.878251 0.000573 -0.000019 -0.000573 0.000019 
483	(  -5.878371 -193.986428   3.023896 -15.117574 )	5.878371 -0.001855 0.000617 0.001855 -0.000617 
484	(  -5.878254 -193.986425   3.021456 -15.117564 )	5.878254 0.000816 -0.000434 -0.000816 0.000434 
485	(  -5.878249 -193.987079   3.021424 -15.117563 )	5.878249 -0.000175 0.000189 0.000175 -0.000189 
486	(  -5.878249 -193.987256   3.02148  -15.117572 )	5.878249 -0.000638 0.000085 0.000638 -0.000085 
487	(  -5.878251 -193.986816   3.02142  -15.117561 )	5.878251 0.000270 0.000007 -0.000270 -0.000007 
488	(  -5.878242 -193.986749   3.021436 -15.117564 )	5.878242 -0.000611 -0.000245 0.000611 0.000245 
489	(  -5.878252 -193.98698    3.021436 -15.117564 )	5.878252 0.000188 0.000096 -0.000188 -0.000096 
490	(  -5.878256 -193.987115   3.021411 -15.117559 )	5.878256 0.000549 0.000412 -0.000549 -0.000412 
491	(  -5.878248 -193.986869   3.021442 -15.117565 )	5.878248 -0.000169 -0.000097 0.000169 0.000097 
492	(  -5.878249 -193.987112   3.021454 -15.117567 )	5.878249 -0.000349 0.000087 0.000349 -0.000087 
493	(  -5.87825  -193.98689    3.021429 -15.117562 )	5.878250 0.000116 0.000027 -0.000116 -0.000027 
494	(  -5.878252 -193.986756   3.021454 -15.117565 )	5.878252 0.000243 -0.000176 -0.000243 0.000176 
495	(  -5.87825  -193.986998   3.021431 -15.117563 )	5.878250 -0.000071 0.000098 0.000071 -0.000098 
496	(  -5.878247 -193.986864   3.021439 -15.117564 )	5.878247 -0.000250 -0.000082 0.000250 0.000082 

BBE ( SOL ) BBO
497	(  -5.878251 -193.986951   3.021437 -15.117564 )	5.878251 0.000078 0.000052 -0.000078 -0.000052 
498	(  -5.878253 -193.987015   3.02143  -15.117562 )	5.878253 0.000230 0.000185 -0.000230 -0.000185 
499	(  -5.878249 -193.986906   3.021439 -15.117564 )	5.878249 -0.000069 -0.000026 0.000069 0.000026 
500	(  -5.878251 -193.98684    3.021445 -15.117564 )	5.878251 0.000133 -0.000072 -0.000133 0.000072 
501	(  -5.87825  -193.986959   3.021435 -15.117563 )	5.878250 -0.000020 0.000055 0.000020 -0.000055 
502	(  -5.87825  -193.986982   3.02145  -15.117566 )	5.878250 -0.000121 0.000013 0.000121 -0.000013 
503	(  -5.87825  -193.986913   3.021434 -15.117563 )	5.878250 0.000057 0.000024 -0.000057 -0.000024 
504	(  -5.878249 -193.986903   3.021441 -15.117564 )	5.878249 -0.000095 -0.000025 0.000095 0.000025 
505	(  -5.87825  -193.986939   3.021438 -15.117564 )	5.878250 0.000035 0.000032 -0.000035 -0.000032 
506	(  -5.878251 -193.986965   3.021438 -15.117563 )	5.878251 0.000105 0.000082 -0.000105 -0.000082 
507	(  -5.87825  -193.98692    3.021439 -15.117564 )	5.878250 -0.000026 0.000001 0.000026 -0.000001 
508	(  -5.87825  -193.98696    3.021445 -15.117565 )	5.878250 -0.000062 0.000021 0.000062 -0.000021 
509	(  -5.87825  -193.986925   3.021437 -15.117564 )	5.878250 0.000027 0.000023 -0.000027 -0.000023 
510	(  -5.878249 -193.98643    3.021457 -15.117557 )	5.878249 0.000260 -0.000281 -0.000260 0.000281 
511	(  -5.878249 -193.986899   3.021435 -15.117575 )	5.878249 -0.000073 -0.000353 0.000073 0.000353 
512	(  -5.87825  -193.986976   3.021547 -15.117565 )	5.878250 -0.000664 0.000022 0.000664 -0.000022 
513	(  -5.878249 -193.98743    3.021438 -15.117559 )	5.878249 -0.000582 0.000643 0.000582 -0.000643 
514	(  -5.878374 -193.98596    3.023735 -15.117572 )	5.878374 -0.000102 0.000240 0.000102 -0.000240 
515	(  -5.87837  -193.98496    3.023799 -15.117554 )	5.878370 0.000103 -0.000240 -0.000103 0.000240 
516	(  -5.878252 -193.987038   3.021414 -15.117561 )	5.878252 0.000238 0.000239 -0.000238 -0.000239 
517	(  -5.878252 -193.986936   3.021472 -15.117566 )	5.878252 0.000000 -0.000004 -0.000000 0.000004 
518	(  -5.878251 -193.986917   3.02146  -15.117565 )	5.878251 -0.000034 -0.000023 0.000034 0.000023 
519	(  -5.878251 -193.986922   3.021454 -15.117565 )	5.878251 -0.000017 -0.000009 0.000017 0.000009 
520	(  -5.878251 -193.986929   3.021469 -15.117566 )	5.878251 -0.000048 -0.000029 0.000048 0.000029 
521	(  -5.878251 -193.986926   3.021445 -15.117564 )	5.878251 0.000008 0.000010 -0.000008 -0.000010 
522	(  -5.878252 -193.986937   3.02147  -15.117566 )	5.878252 0.000021 -0.000002 -0.000021 0.000002 
523	(  -5.87825  -193.986924   3.021447 -15.117564 )	5.878250 -0.000014 0.000000 0.000014 -0.000000 
524	(  -5.878251 -193.986936   3.021451 -15.117565 )	5.878251 0.000014 0.000012 -0.000014 -0.000012 
525	(  -5.878251 -193.986932   3.021452 -15.117565 )	5.878251 0.000006 0.000007 -0.000006 -0.000007 
526	(  -5.87825  -193.986928   3.021469 -15.117565 )	5.878250 -0.000233 -0.000027 0.000233 0.000027 
527	(  -5.87825  -193.98693    3.021397 -15.117565 )	5.878250 0.000258 -0.000008 -0.000258 0.000008 
528	(  -5.878251 -193.98693    3.021448 -15.11756  )	5.878251 -0.000013 0.000150 0.000013 -0.000150 
529	(  -5.878251 -193.98713    3.021447 -15.117565 )	5.878251 -0.000202 0.000200 0.000202 -0.000200 
530	(  -5.878372 -193.985419   3.023817 -15.117565 )	5.878372 -0.000212 -0.000094 0.000212 0.000094 
531	(  -5.878371 -193.9855     3.023717 -15.117561 )	5.878371 0.000214 0.000094 -0.000214 -0.000094 
532	(  -5.878251 -193.986928   3.021448 -15.117565 )	5.878251 0.000002 -0.000003 -0.000002 0.000003 
533	(  -5.87825  -193.986976   3.021436 -15.117566 )	5.878250 -0.000005 0.000009 0.000005 -0.000009 
534	(  -5.878252 -193.986887   3.021473 -15.117564 )	5.878252 0.000009 -0.000009 -0.000009 0.000009 
535	(  -5.878251 -193.986954   3.021446 -15.117565 )	5.878251 -0.000001 0.000004 0.000001 -0.000004 
536	(  -5.878251 -193.986941   3.021454 -15.117565 )	5.878251 -0.000006 -0.000008 0.000006 0.000008 

BBE ( SOL ) BBO
537	(  -5.878251 -193.986935   3.021452 -15.117565 )	5.878251 0.000003 0.000003 -0.000003 -0.000003 
538	(  -5.878251 -193.986939   3.021454 -15.117565 )	5.878251 -0.000003 -0.000004 0.000003 0.000004 
539	(  -5.878251 -193.986936   3.021453 -15.117565 )	5.878251 0.000002 0.000001 -0.000002 -0.000001 
540	(  -5.878251 -193.986911   3.021464 -15.117565 )	5.878251 0.000003 -0.000007 -0.000003 0.000007 
541	(  -5.878251 -193.986943   3.02145  -15.117565 )	5.878251 -0.000000 0.000001 0.000000 -0.000001 
542	(  -5.878249 -193.986933   3.021427 -15.117564 )	5.878249 0.000001 0.000003 -0.000001 -0.000003 
543	(  -5.87825  -193.986943   3.021441 -15.117565 )	5.878250 -0.000000 0.000006 0.000000 -0.000006 
544	(  -5.878251 -193.986932   3.021446 -15.117565 )	5.878251 0.000001 -0.000001 -0.000001 0.000001 
545	(  -5.878252 -193.986938   3.021471 -15.117566 )	5.878252 0.000000 -0.000003 -0.000000 0.000003 
546	(  -5.87825  -193.986934   3.021438 -15.117565 )	5.878250 0.000001 0.000002 -0.000001 -0.000002 
547	(  -5.87825  -193.986933   3.021438 -15.117565 )	5.878250 -0.000001 -0.000000 0.000001 0.000000 
548	(  -5.87825  -193.986932   3.021431 -15.117564 )	5.878250 -0.000002 -0.000001 0.000002 0.000001 
549	(  -5.878249 -193.986944   3.02141  -15.117564 )	5.878249 -0.000003 0.000000 0.000003 -0.000000 
550	(  -5.87825  -193.986941   3.021434 -15.117565 )	5.878250 -0.000000 0.000000 0.000000 -0.000000 
551	(  -5.878249 -193.986962   3.02142  -15.117565 )	5.878249 0.000002 0.000002 -0.000002 -0.000002 
552	(  -5.87825  -193.986957   3.021431 -15.117565 )	5.878250 -0.000000 -0.000000 0.000000 0.000000 
553	(  -5.878249 -193.986927   3.021428 -15.117564 )	5.878249 -0.000000 -0.000000 0.000000 0.000000 
554	(  -5.878248 -193.986906   3.021399 -15.117563 )	5.878248 0.000003 0.000000 -0.000003 -0.000000 
555	(  -5.878255 -193.986844   3.021545 -15.117564 )	5.878255 -0.000002 -0.000001 0.000002 0.000001 
556	(  -5.878255 -193.986842   3.021545 -15.117564 )	5.878255 -0.000002 -0.000002 0.000002 0.000002 
557	(  -5.87825  -193.986944   3.021432 -15.117565 )	5.878250 0.000001 0.000000 -0.000001 -0.000000 
558	(  -5.87825  -193.986941   3.021434 -15.117565 )	5.878250 0.000000 0.000000 -0.000000 -0.000000 
559	(  -5.878244 -193.986996   3.02141  -15.117564 )	5.878244 -0.000474 0.000010 0.000474 -0.000010 
560	(  -5.878249 -193.986874   3.021328 -15.117564 )	5.878249 0.000566 -0.000062 -0.000566 0.000062 
561	(  -5.878249 -193.986926   3.021429 -15.117569 )	5.878249 -0.000002 -0.000152 0.000002 0.000152 
562	(  -5.878254 -193.987027   3.021362 -15.117564 )	5.878254 0.000725 0.000146 -0.000725 -0.000146 
563	(  -5.878255 -193.986972   3.021373 -15.11756  )	5.878255 0.000835 0.000244 -0.000835 -0.000244 
564	(  -5.878245 -193.986895   3.021503 -15.11757  )	5.878245 -0.000837 -0.000244 0.000837 0.000244 
565	(  -5.878249 -193.986925   3.02143  -15.117564 )	5.878249 -0.000009 0.000000 0.000009 -0.000000 
566	(  -5.87825  -193.98687    3.021449 -15.117562 )	5.878250 -0.000001 -0.000000 0.000001 0.000000 
567	(  -5.878251 -193.986847   3.02147  -15.117562 )	5.878251 -0.000000 -0.000001 0.000000 0.000001 
568	(  -5.878249 -193.986953   3.021416 -15.117565 )	5.878249 0.000000 0.000000 -0.000000 -0.000000 
569	(  -5.878247 -193.986893   3.021417 -15.117564 )	5.878247 -0.000107 -0.000057 0.000107 0.000057 
570	(  -5.878248 -193.986951   3.021407 -15.117565 )	5.878248 -0.000038 -0.000017 0.000038 0.000017 
571	(  -5.878248 -193.986977   3.021409 -15.117564 )	5.878248 -0.000051 0.000037 0.000051 -0.000037 
572	(  -5.878249 -193.986936   3.021478 -15.117564 )	5.878249 -0.000384 0.000001 0.000384 -0.000001 
573	(  -5.878249 -193.986927   3.021428 -15.117562 )	5.878249 0.000001 0.000060 -0.000001 -0.000060 
574	(  -5.878252 -193.986916   3.021469 -15.117564 )	5.878252 0.000036 0.000017 -0.000036 -0.000017 
575	(  -5.87825  -193.986926   3.021428 -15.117564 )	5.878250 0.000005 -0.000003 -0.000005 0.000003 
576	(  -5.87825  -193.986934   3.021438 -15.117565 )	5.878250 -0.000000 0.000000 0.000000 -0.000000 

BBE ( SOL ) BBO
577	(  -5.878249 -193.986935   3.021425 -15.117564 )	5.878249 0.000000 -0.000000 -0.000000 0.000000 
578	(  -5.878249 -193.98692    3.02142  -15.117564 )	5.878249 0.000000 0.000000 -0.000000 -0.000000 
579	(  -5.878249 -193.986929   3.021425 -15.117563 )	5.878249 -0.000019 0.000028 0.000019 -0.000028 
580	(  -5.87825  -193.986907   3.021428 -15.117564 )	5.878250 0.000034 -0.000014 -0.000034 0.000014 
581	(  -5.878248 -193.986924   3.021433 -15.117564 )	5.878248 -0.000129 -0.000024 0.000129 0.000024 
582	(  -5.878249 -193.986936   3.021418 -15.117564 )	5.878249 0.000049 0.000005 -0.000049 -0.000005 
583	(  -5.87825  -193.986927   3.021448 -15.117564 )	5.878250 -0.000104 0.000009 0.000104 -0.000009 
584	(  -5.878251 -193.986931   3.021458 -15.117565 )	5.878251 -0.000051 -0.000005 0.000051 0.000005 
585	(  -5.87825  -193.986927   3.021428 -15.117564 )	5.878250 0.000005 0.000000 -0.000005 -0.000000 
586	(  -5.87825  -193.986926   3.021431 -15.117564 )	5.878250 -0.000000 0.000000 0.000000 -0.000000 
587	(  -5.87825  -193.98694    3.021441 -15.117565 )	5.878250 -0.000000 0.000000 0.000000 -0.000000 
588	(  -5.878248 -193.986927   3.021411 -15.117564 )	5.878248 0.000000 -0.000000 -0.000000 0.000000 
589	(  -5.878248 -193.98692    3.0214   -15.117563 )	5.878248 0.000001 -0.000000 -0.000001 0.000000 
590	(  -5.878246 -193.9869     3.021367 -15.117562 )	5.878246 0.000002 -0.000001 -0.000002 0.000001 
591	(  -5.878246 -193.986928   3.02136  -15.117563 )	5.878246 0.000002 -0.000000 -0.000002 0.000000 
592	(  -5.878249 -193.986922   3.021421 -15.117564 )	5.878249 0.000000 0.000000 -0.000000 -0.000000 
593	(  -5.878249 -193.986931   3.021414 -15.117564 )	5.878249 0.000000 -0.000001 -0.000000 0.000001 
594	(  -5.878249 -193.98695    3.02142  -15.117565 )	5.878249 0.000000 -0.000000 -0.000000 0.000000 
595	(  -5.878249 -193.986943   3.02142  -15.117564 )	5.878249 0.000000 -0.000000 -0.000000 0.000000 
596	(  -5.878248 -193.986924   3.021431 -15.117564 )	5.878248 -0.000124 -0.000010 0.000124 0.000010 
597	(  -5.878248 -193.986937   3.021415 -15.117564 )	5.878248 -0.000039 0.000000 0.000039 -0.000000 
598	(  -5.878248 -193.986929   3.021417 -15.117563 )	5.878248 -0.000039 0.000032 0.000039 -0.000032 
599	(  -5.878247 -193.98693    3.021398 -15.117563 )	5.878247 -0.000059 0.000007 0.000059 -0.000007 
600	(  -5.878247 -193.986926   3.02141  -15.117564 )	5.878247 -0.000094 -0.000012 0.000094 0.000012 
601	(  -5.878248 -193.98691    3.021402 -15.117563 )	5.878248 0.000061 -0.000007 -0.000061 0.000007 
602	(  -5.878249 -193.986927   3.021411 -15.117564 )	5.878249 0.000003 -0.000000 -0.000003 0.000000 
603	(  -5.878249 -193.986934   3.021419 -15.117564 )	5.878249 0.000000 0.000001 -0.000000 -0.000001 
604	(  -5.878248 -193.98692    3.021399 -15.117563 )	5.878248 0.000004 -0.000001 -0.000004 0.000001 
605	(  -5.878249 -193.986928   3.02142  -15.117564 )	5.878249 0.000000 0.000000 -0.000000 -0.000000 
606	(  -5.878248 -193.986927   3.021403 -15.117564 )	5.878248 0.000005 -0.000021 -0.000005 0.000021 
607	(  -5.878248 -193.986932   3.021406 -15.117563 )	5.878248 -0.000002 0.000017 0.000002 -0.000017 
608	(  -5.878248 -193.986921   3.02141  -15.117563 )	5.878248 -0.000063 0.000002 0.000063 -0.000002 
609	(  -5.878248 -193.986923   3.021416 -15.117563 )	5.878248 -0.000074 -0.000003 0.000074 0.000003 
610	(  -5.878248 -193.98692    3.02139  -15.117563 )	5.878248 0.000065 -0.000003 -0.000065 0.000003 
611	(  -5.878248 -193.986931   3.021421 -15.117564 )	5.878248 -0.000086 -0.000006 0.000086 0.000006 
612	(  -5.878249 -193.986927   3.021411 -15.117564 )	5.878249 0.000002 -0.000000 -0.000002 0.000000 
613	(  -5.878249 -193.986927   3.021411 -15.117564 )	5.878249 0.000003 0.000000 -0.000003 -0.000000 
614	(  -5.878248 -193.98692    3.0214   -15.117563 )	5.878248 0.000005 -0.000000 -0.000005 0.000000 
615	(  -5.878249 -193.986933   3.021422 -15.117564 )	5.878249 0.000000 -0.000000 -0.000000 0.000000 
616	(  -5.878249 -193.98693    3.021421 -15.117564 )	5.878249 0.000000 -0.000000 -0.000000 0.000000 

BBE ( SOL ) BBO
617	(  -5.878248 -193.986928   3.021411 -15.117564 )	5.878248 -0.000019 -0.000002 0.000019 0.000002 
618	(  -5.878248 -193.986925   3.021411 -15.117564 )	5.878248 -0.000008 -0.000004 0.000008 0.000004 
619	(  -5.878248 -193.986927   3.021416 -15.117564 )	5.878248 -0.000031 -0.000000 0.000031 0.000000 
620	(  -5.878248 -193.986927   3.021411 -15.117564 )	5.878248 -0.000002 0.000006 0.000002 -0.000006 
621	(  -5.878248 -193.986921   3.021402 -15.117563 )	5.878248 -0.000031 -0.000001 0.000031 0.000001 
622	(  -5.878248 -193.986919   3.021399 -15.117563 )	5.878248 0.000032 -0.000000 -0.000032 0.000000 
623	(  -5.878249 -193.986928   3.021412 -15.117564 )	5.878249 0.000015 0.000002 -0.000015 -0.000002 
624	(  -5.878248 -193.986926   3.021411 -15.117564 )	5.878248 0.000001 0.000002 -0.000001 -0.000002 
625	(  -5.878248 -193.98692    3.0214   -15.117563 )	5.878248 -0.000002 -0.000001 0.000002 0.000001 
626	(  -5.878249 -193.986916   3.021415 -15.117563 )	5.878249 0.000000 0.000001 -0.000000 -0.000001 
627	(  -5.878249 -193.986928   3.02142  -15.117564 )	5.878249 0.000000 -0.000000 -0.000000 0.000000 
628	(  -5.878249 -193.986928   3.021411 -15.117564 )	5.878249 0.000000 -0.000001 -0.000000 0.000001 
629	(  -5.878248 -193.986921   3.021401 -15.117563 )	5.878248 -0.000008 -0.000001 0.000008 0.000001 
630	(  -5.878248 -193.986919   3.021399 -15.117563 )	5.878248 0.000010 0.000000 -0.000010 -0.000000 
631	(  -5.878248 -193.986927   3.021411 -15.117564 )	5.878248 -0.000010 -0.000001 0.000010 0.000001 
632	(  -5.878248 -193.986927   3.021413 -15.117564 )	5.878248 -0.000012 -0.000000 0.000012 0.000000 
633	(  -5.878248 -193.986927   3.021411 -15.117564 )	5.878248 0.000000 0.000003 -0.000000 -0.000003 
634	(  -5.878248 -193.986927   3.021411 -15.117564 )	5.878248 0.000001 -0.000000 -0.000001 0.000000 
635	(  -5.878248 -193.986921   3.0214   -15.117563 )	5.878248 -0.000000 0.000001 0.000000 -0.000001 
636	(  -5.878248 -193.986926   3.021412 -15.117564 )	5.878248 -0.000012 -0.000000 0.000012 0.000000 
637	(  -5.878249 -193.986928   3.021411 -15.117564 )	5.878249 0.000001 -0.000002 -0.000001 0.000002 
638	(  -5.878248 -193.986927   3.021411 -15.117564 )	5.878248 0.000001 0.000001 -0.000001 -0.000001 
639	(  -5.878248 -193.986927   3.021411 -15.117564 )	5.878248 -0.000001 -0.000000 0.000001 0.000000 
640	(  -5.878248 -193.986928   3.021411 -15.117564 )	5.878248 -0.000000 -0.000001 0.000000 0.000001 
641	(  -5.878248 -193.986927   3.021411 -15.117564 )	5.878248 -0.000000 -0.000000 0.000000 0.000000 
642	(  -5.878248 -193.986927   3.021411 -15.117564 )	5.878248 -0.000000 -0.000000 0.000000 0.000000 
643	(  -5.878248 -193.986926   3.021411 -15.117564 )	5.878248 0.000000 0.000001 -0.000000 -0.000001 
644	(  -5.878248 -193.986926   3.021411 -15.117564 )	5.878248 0.000000 0.000000 -0.000000 -0.000000 
645	(  -5.878248 -193.986926   3.021411 -15.117564 )	5.878248 0.000001 -0.000000 -0.000001 0.000000 
646	(  -5.878248 -193.986926   3.021411 -15.117564 )	5.878248 0.000001 -0.000000 -0.000001 0.000000 
647	(  -5.878248 -193.98692    3.0214   -15.117563 )	5.878248 -0.000002 -0.000001 0.000002 0.000001 
648	(  -5.878248 -193.986926   3.021412 -15.117564 )	5.878248 -0.000002 -0.000001 0.000002 0.000001 
649	(  -5.878248 -193.98692    3.021401 -15.117563 )	5.878248 0.000003 0.000000 -0.000003 -0.000000 
650	(  -5.878248 -193.986927   3.021412 -15.117564 )	5.878248 -0.000006 -0.000001 0.000006 0.000001 
651	(  -5.878249 -193.986927   3.021412 -15.117564 )	5.878249 -0.000004 0.000000 0.000004 -0.000000 
652	(  -5.878248 -193.986927   3.021411 -15.117564 )	5.878248 0.000001 0.000001 -0.000001 -0.000001 
653	(  -5.878248 -193.986927   3.021411 -15.117564 )	5.878248 0.000001 -0.000000 -0.000001 0.000000 
654	(  -5.878248 -193.98692    3.0214   -15.117563 )	5.878248 -0.000001 -0.000001 0.000001 0.000001 
655	(  -5.878249 -193.986927   3.021411 -15.117564 )	5.878249 0.000003 0.000000 -0.000003 -0.000000 
656	(  -5.878248 -193.986927   3.021411 -15.117564 )	5.878248 -0.000001 0.000000 0.000001 -0.000000 

BBE ( SOL ) BBO
657	(  -5.878248 -193.986927   3.021411 -15.117564 )	5.878248 -0.000000 -0.000000 0.000000 0.000000 
658	(  -5.878248 -193.986927   3.021411 -15.117564 )	5.878248 0.000000 -0.000000 -0.000000 0.000000 
659	(  -5.878248 -193.986927   3.021411 -15.117564 )	5.878248 0.000000 -0.000000 -0.000000 0.000000 
660	(  -5.878248 -193.98692    3.0214   -15.117563 )	5.878248 -0.000000 -0.000001 0.000000 0.000001 
661	(  -5.878248 -193.98692    3.0214   -15.117563 )	5.878248 0.000001 0.000000 -0.000001 -0.000000 
662	(  -5.878248 -193.986927   3.021411 -15.117564 )	5.878248 -0.000002 -0.000000 0.000002 0.000000 
663	(  -5.878248 -193.986927   3.021412 -15.117564 )	5.878248 -0.000003 -0.000000 0.000003 0.000000 
664	(  -5.878248 -193.986927   3.021411 -15.117564 )	5.878248 0.000000 -0.000001 -0.000000 0.000001 
665	(  -5.878249 -193.986927   3.021412 -15.117564 )	5.878249 -0.000001 0.000001 0.000001 -0.000001 
666	(  -5.878248 -193.986927   3.021411 -15.117564 )	5.878248 0.000001 -0.000000 -0.000001 0.000000 
667	(  -5.878248 -193.98692    3.0214   -15.117563 )	5.878248 -0.000001 -0.000000 0.000001 0.000000 
668	(  -5.878248 -193.986927   3.021411 -15.117564 )	5.878248 -0.000000 -0.000000 0.000000 0.000000 
669	(  -5.878248 -193.986927   3.021411 -15.117564 )	5.878248 -0.000000 -0.000000 0.000000 0.000000 
670	(  -5.878248 -193.98692    3.0214   -15.117563 )	5.878248 -0.000000 -0.000000 0.000000 0.000000 
671	(  -5.878248 -193.98692    3.0214   -15.117563 )	5.878248 0.000001 -0.000000 -0.000001 0.000000 
672	(  -5.878248 -193.986927   3.021412 -15.117564 )	5.878248 -0.000002 -0.000000 0.000002 0.000000 
673	(  -5.878248 -193.986927   3.021411 -15.117564 )	5.878248 -0.000000 0.000000 0.000000 -0.000000 
674	(  -5.878248 -193.986927   3.021412 -15.117564 )	5.878248 -0.000000 0.000000 0.000000 -0.000000 
675	(  -5.878248 -193.986927   3.021411 -15.117564 )	5.878248 0.000001 -0.000000 -0.000001 0.000000 
676	(  -5.878248 -193.98692    3.0214   -15.117563 )	5.878248 -0.000000 -0.000000 0.000000 0.000000 
677	(  -5.878248 -193.986927   3.021411 -15.117564 )	5.878248 0.000001 -0.000000 -0.000001 0.000000 
678	(  -5.878248 -193.986927   3.021411 -15.117564 )	5.878248 -0.000001 -0.000000 0.000001 0.000000 
679	(  -5.878248 -193.986927   3.021411 -15.117564 )	5.878248 0.000000 -0.000000 -0.000000 0.000000 
680	(  -5.878248 -193.986927   3.021411 -15.117564 )	5.878248 -0.000000 -0.000000 0.000000 0.000000 
681	(  -5.878248 -193.986927   3.021411 -15.117564 )	5.878248 -0.000000 -0.000000 0.000000 0.000000 
682	(  -5.878248 -193.986927   3.021411 -15.117564 )	5.878248 0.000000 -0.000000 -0.000000 0.000000 
683	(  -5.878248 -193.98692    3.0214   -15.117563 )	5.878248 0.000000 -0.000000 -0.000000 0.000000 
684	(  -5.878248 -193.986927   3.021411 -15.117564 )	5.878248 0.000000 -0.000000 -0.000000 0.000000 
685	(  -5.878248 -193.98692    3.0214   -15.117563 )	5.878248 0.000001 -0.000000 -0.000001 0.000000 
686	(  -5.878248 -193.986927   3.021411 -15.117564 )	5.878248 0.000001 -0.000000 -0.000001 0.000000 
687	(  -5.878248 -193.986927   3.021411 -15.117564 )	5.878248 0.000000 -0.000000 -0.000000 0.000000 
688	(  -5.878248 -193.986927   3.021411 -15.117564 )	5.878248 0.000000 -0.000000 -0.000000 0.000000 
689	(  -5.878248 -193.986927   3.021411 -15.117564 )	5.878248 0.000000 -0.000000 -0.000000 0.000000 
690	(  -5.878248 -193.986927   3.021411 -15.117564 )	5.878248 0.000000 -0.000000 -0.000000 0.000000 
691	(  -5.878248 -193.986927   3.021411 -15.117564 )	5.878248 -0.000000 -0.000000 0.000000 0.000000 
692	(  -5.878248 -193.986927   3.021411 -15.117564 )	5.878248 0.000000 -0.000000 -0.000000 0.000000 
693	(  -5.878248 -193.986927   3.021411 -15.117564 )	5.878248 0.000000 -0.000000 -0.000000 0.000000 
694	(  -5.878248 -193.986927   3.021411 -15.117564 )	5.878248 0.000000 -0.000000 -0.000000 0.000000 
695	(  -5.878248 -193.98692    3.0214   -15.117563 )	5.878248 0.000001 -0.000000 -0.000001 0.000000 
696	(  -5.878248 -193.98692    3.0214   -15.117563 )	5.878248 0.000001 -0.000000 -0.000001 0.000000 

BBE ( SOL ) BBO
697	(  -5.878248 -193.986927   3.021411 -15.117564 )	5.878248 0.000001 -0.000000 -0.000001 0.000000 
698	(  -5.878248 -193.986927   3.021411 -15.117564 )	5.878248 0.000000 -0.000000 -0.000000 0.000000 
699	(  -5.878248 -193.986927   3.021411 -15.117564 )	5.878248 0.000000 -0.000000 -0.000000 0.000000 
700	(  -5.878248 -193.986927   3.021411 -15.117564 )	5.878248 0.000000 -0.000000 -0.000000 0.000000 
701	(  -5.878248 -193.986927   3.021411 -15.117564 )	5.878248 0.000000 -0.000000 -0.000000 0.000000 
702	(  -5.878248 -193.986927   3.021411 -15.117564 )	5.878248 0.000000 -0.000000 -0.000000 0.000000 
703	(  -5.878248 -193.986927   3.021411 -15.117564 )	5.878248 0.000000 -0.000000 -0.000000 0.000000 
704	(  -5.878248 -193.98692    3.0214   -15.117563 )	5.878248 0.000001 -0.000000 -0.000001 0.000000 
705	(  -5.878248 -193.98692    3.0214   -15.117563 )	5.878248 0.000001 -0.000000 -0.000001 0.000000 
706	(  -5.878248 -193.986927   3.021411 -15.117564 )	5.878248 0.000001 -0.000000 -0.000001 0.000000 
707	(  -5.878248 -193.986927   3.021411 -15.117564 )	5.878248 0.000000 -0.000000 -0.000000 0.000000 
708	(  -5.878248 -193.986927   3.021411 -15.117564 )	5.878248 0.000000 -0.000000 -0.000000 0.000000 
709	(  -5.878248 -193.986927   3.021411 -15.117564 )	5.878248 0.000000 -0.000000 -0.000000 0.000000 
710	(  -5.878248 -193.986927   3.021411 -15.117564 )	5.878248 0.000000 -0.000000 -0.000000 0.000000 
711	(  -5.878248 -193.986927   3.021411 -15.117564 )	5.878248 0.000000 -0.000000 -0.000000 0.000000 
712	(  -5.878248 -193.986927   3.021411 -15.117564 )	5.878248 0.000000 -0.000000 -0.000000 0.000000 
713	(  -5.878248 -193.98692    3.0214   -15.117563 )	5.878248 0.000001 -0.000000 -0.000001 0.000000 
714	(  -5.878248 -193.98692    3.0214   -15.117563 )	5.878248 0.000001 -0.000000 -0.000001 0.000000 
715	(  -5.878248 -193.986927   3.021411 -15.117564 )	5.878248 0.000000 -0.000000 -0.000000 0.000000 
716	(  -5.878248 -193.986927   3.021411 -15.117564 )	5.878248 0.000000 -0.000000 -0.000000 0.000000 
717	(  -5.878248 -193.986927   3.021411 -15.117564 )	5.878248 0.000000 -0.000000 -0.000000 0.000000 
718	(  -5.878248 -193.986927   3.021411 -15.117564 )	5.878248 0.000000 -0.000000 -0.000000 0.000000 
719	(  -5.878248 -193.986927   3.021411 -15.117564 )	5.878248 0.000000 -0.000000 -0.000000 0.000000 
720	(  -5.878248 -193.986927   3.021411 -15.117564 )	5.878248 0.000000 -0.000000 -0.000000 0.000000 
721	(  -5.878248 -193.986927   3.021411 -15.117564 )	5.878248 0.000000 -0.000000 -0.000000 0.000000 
722	(  -5.878248 -193.98692    3.0214   -15.117563 )	5.878248 0.000001 -0.000000 -0.000001 0.000000 
723	(  -5.878248 -193.98692    3.0214   -15.117563 )	5.878248 0.000001 -0.000000 -0.000001 0.000000 
724	(  -5.878248 -193.986927   3.021411 -15.117564 )	5.878248 0.000000 -0.000000 -0.000000 0.000000 
725	(  -5.878248 -193.986927   3.021411 -15.117564 )	5.878248 0.000000 -0.000000 -0.000000 0.000000 
726	(  -5.878248 -193.986927   3.021411 -15.117564 )	5.878248 0.000000 -0.000000 -0.000000 0.000000 
727	(  -5.878248 -193.986927   3.021411 -15.117564 )	5.878248 0.000000 -0.000000 -0.000000 0.000000 
728	(  -5.878248 -193.986927   3.021411 -15.117564 )	5.878248 0.000000 -0.000000 -0.000000 0.000000 
729	(  -5.878248 -193.986927   3.021411 -15.117564 )	5.878248 0.000000 -0.000000 -0.000000 0.000000 
730	(  -5.878248 -193.986927   3.021411 -15.117564 )	5.878248 0.000000 -0.000000 -0.000000 0.000000 
731	(  -5.878248 -193.98692    3.0214   -15.117563 )	5.878248 0.000001 -0.000000 -0.000001 0.000000 
732	(  -5.878248 -193.98692    3.0214   -15.117563 )	5.878248 0.000001 -0.000000 -0.000001 0.000000 
733	(  -5.878248 -193.986927   3.021411 -15.117564 )	5.878248 0.000000 -0.000000 -0.000000 0.000000 
734	(  -5.878248 -193.986927   3.021411 -15.117564 )	5.878248 0.000000 -0.000000 -0.000000 0.000000 
735	(  -5.878248 -193.986927   3.021411 -15.117564 )	5.878248 0.000000 -0.000000 -0.000000 0.000000 
736	(  -5.878248 -193.986927   3.021411 -15.117564 )	5.878248 0.000000 -0.000000 -0.000000 0.000000 

BBE ( SOL ) BBO
737	(  -5.878248 -193.986927   3.021411 -15.117564 )	5.878248 0.000000 -0.000000 -0.000000 0.000000 
738	(  -5.878248 -193.986927   3.021411 -15.117564 )	5.878248 0.000000 -0.000000 -0.000000 0.000000 
739	(  -5.878248 -193.986927   3.021411 -15.117564 )	5.878248 0.000000 -0.000000 -0.000000 0.000000 
740	(  -5.878248 -193.98692    3.0214   -15.117563 )	5.878248 0.000001 -0.000000 -0.000001 0.000000 
741	(  -5.878248 -193.98692    3.0214   -15.117563 )	5.878248 0.000001 -0.000000 -0.000001 0.000000 
742	(  -5.878248 -193.986927   3.021411 -15.117564 )	5.878248 0.000000 -0.000000 -0.000000 0.000000 
743	(  -5.878248 -193.986927   3.021411 -15.117564 )	5.878248 0.000000 -0.000000 -0.000000 0.000000 
744	(  -5.878248 -193.986927   3.021411 -15.117564 )	5.878248 0.000000 -0.000000 -0.000000 0.000000 
745	(  -5.878248 -193.986927   3.021411 -15.117564 )	5.878248 0.000000 -0.000000 -0.000000 0.000000 
746	(  -5.878248 -193.986927   3.021411 -15.117564 )	5.878248 0.000000 -0.000000 -0.000000 0.000000 
747	(  -5.878248 -193.986927   3.021411 -15.117564 )	5.878248 0.000000 -0.000000 -0.000000 0.000000 
748	(  -5.878248 -193.986927   3.021411 -15.117564 )	5.878248 0.000000 -0.000000 -0.000000 0.000000 
749	(  -5.878248 -193.98692    3.0214   -15.117563 )	5.878248 0.000001 -0.000000 -0.000001 0.000000 
750	(  -5.878248 -193.98692    3.0214   -15.117563 )	5.878248 0.000001 -0.000000 -0.000001 0.000000 
751	(  -5.878248 -193.986927   3.021411 -15.117564 )	5.878248 0.000000 -0.000000 -0.000000 0.000000 
752	(  -5.878248 -193.986927   3.021411 -15.117564 )	5.878248 0.000000 -0.000000 -0.000000 0.000000 
753	(  -5.878248 -193.986927   3.021411 -15.117564 )	5.878248 0.000000 -0.000000 -0.000000 0.000000 
754	(  -5.878248 -193.986927   3.021411 -15.117564 )	5.878248 0.000000 -0.000000 -0.000000 0.000000 
755	(  -5.878248 -193.986927   3.021411 -15.117564 )	5.878248 0.000000 -0.000000 -0.000000 0.000000 
756	(  -5.878248 -193.986927   3.021411 -15.117564 )	5.878248 0.000000 -0.000000 -0.000000 0.000000 
757	(  -5.878248 -193.986927   3.021411 -15.117564 )	5.878248 0.000000 -0.000000 -0.000000 0.000000 
758	(  -5.878248 -193.98692    3.0214   -15.117563 )	5.878248 0.000001 -0.000000 -0.000001 0.000000 
759	(  -5.878248 -193.98692    3.0214   -15.117563 )	5.878248 0.000001 -0.000000 -0.000001 0.000000 
760	(  -5.878248 -193.986927   3.021411 -15.117564 )	5.878248 0.000000 -0.000000 -0.000000 0.000000 
761	(  -5.878248 -193.986927   3.021411 -15.117564 )	5.878248 0.000000 -0.000000 -0.000000 0.000000 
762	(  -5.878248 -193.986927   3.021411 -15.117564 )	5.878248 0.000000 -0.000000 -0.000000 0.000000 
763	(  -5.878248 -193.986927   3.021411 -15.117564 )	5.878248 0.000000 -0.000000 -0.000000 0.000000 
764	(  -5.878248 -193.986927   3.021411 -15.117564 )	5.878248 0.000000 -0.000000 -0.000000 0.000000 
765	(  -5.878248 -193.986927   3.021411 -15.117564 )	5.878248 0.000000 -0.000000 -0.000000 0.000000 
766	(  -5.878248 -193.986927   3.021411 -15.117564 )	5.878248 0.000000 -0.000000 -0.000000 0.000000 
767	(  -5.878248 -193.98692    3.0214   -15.117563 )	5.878248 0.000001 -0.000000 -0.000001 0.000000 
768	(  -5.878248 -193.98692    3.0214   -15.117563 )	5.878248 0.000001 -0.000000 -0.000001 0.000000 
769	(  -5.878248 -193.986927   3.021411 -15.117564 )	5.878248 0.000000 -0.000000 -0.000000 0.000000 
770	(  -5.878248 -193.986927   3.021411 -15.117564 )	5.878248 0.000000 -0.000000 -0.000000 0.000000 
771	(  -5.878248 -193.986927   3.021411 -15.117564 )	5.878248 0.000000 -0.000000 -0.000000 0.000000 
772	(  -5.878248 -193.986927   3.021411 -15.117564 )	5.878248 0.000000 -0.000000 -0.000000 0.000000 
773	(  -5.878248 -193.986927   3.021411 -15.117564 )	5.878248 0.000000 -0.000000 -0.000000 0.000000 
774	(  -5.878248 -193.986927   3.021411 -15.117564 )	5.878248 0.000000 -0.000000 -0.000000 0.000000 
775	(  -5.878248 -193.986927   3.021411 -15.117564 )	5.878248 0.000000 -0.000000 -0.000000 0.000000 
776	(  -5.878248 -193.98692    3.0214   -15.117563 )	5.878248 0.000001 -0.000000 -0.000001 0.000000 

BBE ( SOL ) BBO
777	(  -5.878248 -193.98692    3.0214   -15.117563 )	5.878248 0.000001 -0.000000 -0.000001 0.000000 
778	(  -5.878248 -193.986927   3.021411 -15.117564 )	5.878248 0.000000 -0.000000 -0.000000 0.000000 
779	(  -5.878248 -193.986927   3.021411 -15.117564 )	5.878248 0.000000 -0.000000 -0.000000 0.000000 
780	(  -5.878248 -193.986927   3.021411 -15.117564 )	5.878248 0.000000 -0.000000 -0.000000 0.000000 
781	(  -5.878248 -193.986927   3.021411 -15.117564 )	5.878248 0.000000 -0.000000 -0.000000 0.000000 
782	(  -5.878248 -193.986927   3.021411 -15.117564 )	5.878248 0.000000 -0.000000 -0.000000 0.000000 
783	(  -5.878248 -193.986927   3.021411 -15.117564 )	5.878248 0.000000 -0.000000 -0.000000 0.000000 
784	(  -5.878248 -193.986927   3.021411 -15.117564 )	5.878248 0.000000 -0.000000 -0.000000 0.000000 
785	(  -5.878248 -193.98692    3.0214   -15.117563 )	5.878248 0.000001 -0.000000 -0.000001 0.000000 
786	(  -5.878248 -193.98692    3.0214   -15.117563 )	5.878248 0.000001 -0.000000 -0.000001 0.000000 
787	(  -5.878248 -193.986927   3.021411 -15.117564 )	5.878248 0.000000 -0.000000 -0.000000 0.000000 
788	(  -5.878248 -193.986927   3.021411 -15.117564 )	5.878248 0.000000 -0.000000 -0.000000 0.000000 
789	(  -5.878248 -193.986927   3.021411 -15.117564 )	5.878248 0.000000 -0.000000 -0.000000 0.000000 
790	(  -5.878248 -193.986927   3.021411 -15.117564 )	5.878248 0.000000 -0.000000 -0.000000 0.000000 
791	(  -5.878248 -193.986927   3.021411 -15.117564 )	5.878248 0.000000 -0.000000 -0.000000 0.000000 
792	(  -5.878248 -193.986927   3.021411 -15.117564 )	5.878248 0.000000 -0.000000 -0.000000 0.000000 
793	(  -5.878248 -193.986927   3.021411 -15.117564 )	5.878248 0.000000 -0.000000 -0.000000 0.000000 
794	(  -5.878248 -193.98692    3.0214   -15.117563 )	5.878248 0.000001 -0.000000 -0.000001 0.000000 
795	(  -5.878248 -193.98692    3.0214   -15.117563 )	5.878248 0.000001 -0.000000 -0.000001 0.000000 
796	(  -5.878248 -193.986927   3.021411 -15.117564 )	5.878248 0.000000 -0.000000 -0.000000 0.000000 
797	(  -5.878248 -193.986927   3.021411 -15.117564 )	5.878248 0.000000 -0.000000 -0.000000 0.000000 
798	(  -5.878248 -193.986927   3.021411 -15.117564 )	5.878248 0.000000 -0.000000 -0.000000 0.000000 
799	(  -5.878248 -193.986927   3.021411 -15.117564 )	5.878248 0.000000 -0.000000 -0.000000 0.000000 
800	(  -5.878248 -193.986927   3.021411 -15.117564 )	5.878248 0.000000 -0.000000 -0.000000 0.000000 
801	(  -5.878248 -193.986927   3.021411 -15.117564 )	5.878248 0.000000 -0.000000 -0.000000 0.000000 
802	(  -5.878248 -193.986927   3.021411 -15.117564 )	5.878248 0.000000 -0.000000 -0.000000 0.000000 
803	(  -5.878248 -193.98692    3.0214   -15.117563 )	5.878248 0.000001 -0.000000 -0.000001 0.000000 
804	(  -5.878248 -193.98692    3.0214   -15.117563 )	5.878248 0.000001 -0.000000 -0.000001 0.000000 
805	(  -5.878248 -193.986927   3.021411 -15.117564 )	5.878248 0.000000 -0.000000 -0.000000 0.000000 
806	(  -5.878248 -193.986927   3.021411 -15.117564 )	5.878248 0.000000 -0.000000 -0.000000 0.000000 
807	(  -5.878248 -193.986927   3.021411 -15.117564 )	5.878248 0.000000 -0.000000 -0.000000 0.000000 
808	(  -5.878248 -193.986927   3.021411 -15.117564 )	5.878248 0.000000 -0.000000 -0.000000 0.000000 
809	(  -5.878248 -193.986927   3.021411 -15.117564 )	5.878248 0.000000 -0.000000 -0.000000 0.000000 
810	(  -5.878248 -193.986927   3.021411 -15.117564 )	5.878248 0.000000 -0.000000 -0.000000 0.000000 
811	(  -5.878248 -193.986927   3.021411 -15.117564 )	5.878248 0.000000 -0.000000 -0.000000 0.000000 
812	(  -5.878248 -193.98692    3.0214   -15.117563 )	5.878248 0.000001 -0.000000 -0.000001 0.000000 
813	(  -5.878248 -193.98692    3.0214   -15.117563 )	5.878248 0.000001 -0.000000 -0.000001 0.000000 
814	(  -5.878248 -193.986927   3.021411 -15.117564 )	5.878248 0.000000 -0.000000 -0.000000 0.000000 
815	(  -5.878248 -193.986927   3.021411 -15.117564 )	5.878248 0.000000 -0.000000 -0.000000 0.000000 
816	(  -5.878248 -193.986927   3.021411 -15.117564 )	5.878248 0.000000 -0.000000 -0.000000 0.000000 

BBE ( SOL ) BBO
817	(  -5.878248 -193.986927   3.021411 -15.117564 )	5.878248 0.000000 -0.000000 -0.000000 0.000000 
818	(  -5.878248 -193.986927   3.021411 -15.117564 )	5.878248 0.000000 -0.000000 -0.000000 0.000000 
819	(  -5.878248 -193.98692    3.0214   -15.117563 )	5.878248 0.000001 -0.000000 -0.000001 0.000000 
820	(  -5.878248 -193.98692    3.0214   -15.117563 )	5.878248 0.000001 -0.000000 -0.000001 0.000000 
821	(  -5.878248 -193.986927   3.021411 -15.117564 )	5.878248 0.000000 -0.000000 -0.000000 0.000000 
822	(  -5.878248 -193.986927   3.021411 -15.117564 )	5.878248 0.000000 -0.000000 -0.000000 0.000000 
823	(  -5.878248 -193.986927   3.021411 -15.117564 )	5.878248 0.000000 -0.000000 -0.000000 0.000000 
824	(  -5.878248 -193.986927   3.021411 -15.117564 )	5.878248 0.000000 -0.000000 -0.000000 0.000000 
825	(  -5.878248 -193.98692    3.0214   -15.117563 )	5.878248 0.000001 -0.000000 -0.000001 0.000000 
826	(  -5.878248 -193.98692    3.0214   -15.117563 )	5.878248 0.000001 -0.000000 -0.000001 0.000000 
827	(  -5.878248 -193.986927   3.021411 -15.117564 )	5.878248 0.000000 -0.000000 -0.000000 0.000000 
828	(  -5.878248 -193.986927   3.021411 -15.117564 )	5.878248 0.000000 -0.000000 -0.000000 0.000000 
829	(  -5.878248 -193.986927   3.021411 -15.117564 )	5.878248 0.000000 -0.000000 -0.000000 0.000000 
830	(  -5.878248 -193.986927   3.021411 -15.117564 )	5.878248 0.000000 -0.000000 -0.000000 0.000000 
831	(  -5.878248 -193.98692    3.0214   -15.117563 )	5.878248 0.000001 -0.000000 -0.000001 0.000000 
832	(  -5.878248 -193.98692    3.0214   -15.117563 )	5.878248 0.000001 -0.000000 -0.000001 0.000000 
833	(  -5.878248 -193.986927   3.021411 -15.117564 )	5.878248 0.000000 -0.000000 -0.000000 0.000000 
A termination criterion is reached: No termination (all). Mesh minimum precision reached (Algo)

Best feasible solution:     #144624 ( -5.87825 -193.987 3.02141 -15.1176 )	Evaluation OK	 f =   5.8782480000000001397 	 h =   0                     

Best infeasible solution:   #144625 ( -5.87825 -193.987 3.0214 -15.1176 )	Evaluation OK	 f =   5.8782480000000001397 	 h =   0.000000000001        

Blackbox evaluations:         833
Total model evaluations:      145207
Cache hits:                   112
Total number of evaluations:  945
