1	(  -9.18       8.8       -0.1      )	840.703600 9.180000 -8.800000 0.100000 -6.940000 136.722400 6.940000 -136.722400 
2	( -10.18       9.8       -0.09     )	803.127300 10.180000 -9.800000 0.090000 -0.870000 174.680500 0.870000 -174.680500 
3	(  -8.18       9.8       -0.1      )	820.343600 8.180000 -9.800000 0.100000 15.060000 137.962400 -15.060000 -137.962400 
4	(  -8.18       8.8       -0.09     )	849.447300 8.180000 -8.800000 0.090000 1.130000 119.360500 -1.130000 -119.360500 
5	(  -8.18       7.8       -0.11     )	874.299700 8.180000 -7.800000 0.110000 -13.010000 102.764500 13.010000 -102.764500 
6	(  -5.18       8.8       -0.06     )	863.557200 5.180000 -8.800000 0.060000 25.340000 79.276000 -25.340000 -79.276000 

BBE ( SOL ) BBO
7	(  -6.18       6.8       -0.07     )	910.914100 6.180000 -6.800000 0.070000 -10.730000 59.437300 10.730000 -59.437300 
8	(  -7.18       7.8       -0.08     )	882.190800 7.180000 -7.800000 0.080000 -4.800000 87.398800 4.800000 -87.398800 
9	(  -5.18       6.8       -0.07     )	915.544100 5.180000 -6.800000 0.070000 -2.730000 48.077300 2.730000 -48.077300 
10	(  -6.18       7.8       -0.08     )	887.830800 6.180000 -7.800000 0.080000 3.200000 74.038800 -3.200000 -74.038800 
11	(  -3.18       6.8       -0.02     )	918.967600 3.180000 -6.800000 0.020000 13.620000 31.352800 -13.620000 -31.352800 
12	(  -4.18       7.8       -0.05     )	893.240100 4.180000 -7.800000 0.050000 19.410000 53.314900 -19.410000 -53.314900 
13	(  -4.18       4.8       -0.05     )	956.300100 4.180000 -4.800000 0.050000 -22.590000 15.514900 22.590000 -15.514900 
14	(  -5.18       5.8       -0.05     )	935.670100 5.180000 -5.800000 0.050000 -16.590000 35.474900 16.590000 -35.474900 
15	(  -2.18       5.8       -0.02     )	940.567600 2.180000 -5.800000 0.020000 7.620000 13.392800 -7.620000 -13.392800 
16	(  -0.18       4.8        0        )	954.751600 0.180000 -4.800000 -0.000000 9.760000 -1.927600 -9.760000 1.927600 
17	(  -0.18       3.8        0.02     )	971.774800 0.180000 -3.800000 -0.020000 -4.100000 -10.527200 4.100000 10.527200 
18	(  -1.18       4.8        0        )	958.191600 1.180000 -4.800000 -0.000000 1.760000 -0.567600 -1.760000 0.567600 
19	(  -0.18       2.8       -0.01     )	984.789700 0.180000 -2.800000 0.010000 -18.310000 -17.127500 18.310000 17.127500 
20	(  -4.18       4.8        0        )	956.511600 4.180000 -4.800000 -0.000000 -22.240000 15.512400 22.240000 -15.512400 
21	(  -1.18       4.8       -0.01     )	958.179700 1.180000 -4.800000 0.010000 1.690000 -0.567500 -1.690000 0.567500 
22	(  -1.18       4.8       -0.04     )	958.142800 1.180000 -4.800000 0.040000 1.480000 -0.566000 -1.480000 0.566000 
23	(  -1.18       4.8       -0.13     )	958.021300 1.180000 -4.800000 0.130000 0.850000 -0.550700 -0.850000 0.550700 
24	(  -1.18       4.8       -0.4      )	957.559600 1.180000 -4.800000 0.400000 -1.040000 -0.407600 1.040000 0.407600 
25	(  -2.18       2.8       -0.02     )	985.627600 2.180000 -2.800000 0.020000 -34.380000 -12.407200 34.380000 12.407200 
26	(  -1.18       5.8       -0.37     )	937.598100 1.180000 -5.800000 0.370000 13.170000 10.169300 -13.170000 -10.169300 
27	(  -0.18       4.8       -0.08     )	954.730800 0.180000 -4.800000 0.080000 9.200000 -1.921200 -9.200000 1.921200 
28	(  -1.18       4.8       -0.23     )	957.867300 1.180000 -4.800000 0.230000 0.150000 -0.514700 -0.150000 0.514700 
29	(  -1.18       4.8       -0.53     )	957.285300 1.180000 -4.800000 0.530000 -1.950000 -0.286700 1.950000 0.286700 
30	(  -1.18       4.8       -0.1      )	958.063600 1.180000 -4.800000 0.100000 1.060000 -0.557600 -1.060000 0.557600 
31	(  -1.18       5.8       -0.31     )	937.709700 1.180000 -5.800000 0.310000 13.590000 10.128500 -13.590000 -10.128500 
32	(  -0.18       4.8       -0.06     )	954.737200 0.180000 -4.800000 0.060000 9.340000 -1.924000 -9.340000 1.924000 
33	(  -1.18       4.8       -0.43     )	957.499300 1.180000 -4.800000 0.430000 -1.250000 -0.382700 1.250000 0.382700 
34	(  -2.18       3.8       -0.16     )	974.277200 2.180000 -3.800000 0.160000 -21.360000 -5.782000 21.360000 5.782000 
35	(  -0.18       3.8       -0.21     )	971.689700 0.180000 -3.800000 0.210000 -5.710000 -10.483500 5.710000 10.483500 
36	(  -1.03       4.82      -0.42     )	956.829900 1.030000 -4.820000 0.420000 0.300000 -0.530300 -0.300000 0.530300 
37	(  -1.03       4.88      -0.99     )	954.336900 1.030000 -4.880000 0.990000 -2.850000 0.855400 2.850000 -0.855400 
38	(  -1.03       4.93      -0.53     )	954.580400 1.030000 -4.930000 0.530000 1.070000 0.646700 -1.070000 -0.646700 
39	(  -1.03       4.68       0.01     )	959.964900 1.030000 -4.680000 -0.010000 1.350000 -2.036600 -1.350000 2.036600 
40	(  -1.03       4.87      -0.4      )	955.949400 1.030000 -4.870000 0.400000 1.140000 -0.062200 -1.140000 0.062200 
41	(  -1.03       4.74      -0.12     )	958.748100 1.030000 -4.740000 0.120000 1.280000 -1.457100 -1.280000 1.457100 
42	(  -1.03       4.84      -0.33     )	956.624300 1.030000 -4.840000 0.330000 1.210000 -0.404600 -1.210000 0.404600 
43	(  -1.03       5.32      -0.35     )	947.330900 1.030000 -5.320000 0.350000 7.790000 4.485800 -7.790000 -4.485800 
44	(  -0.03       5.04      -0.62     )	948.944100 0.030000 -5.040000 0.620000 9.980000 0.786900 -9.980000 -0.786900 
45	(  -0.03       4.75      -0.26     )	954.941200 0.030000 -4.750000 0.260000 8.440000 -2.369000 -8.440000 2.369000 
46	(  -1.03       4.81      -0.42     )	957.012200 1.030000 -4.810000 0.420000 0.160000 -0.626600 -0.160000 0.626600 

BBE ( SOL ) BBO
47	(  -0.58       4.88      -0.99     )	953.310900 0.580000 -4.880000 0.990000 0.750000 0.130900 -0.750000 -0.130900 
48	(  -0.95       4.86      -0.62     )	955.501900 0.950000 -4.860000 0.620000 0.100000 -0.093500 -0.100000 0.093500 
49	(  -0.95       4.98      -1.22     )	951.580300 0.950000 -4.980000 1.220000 -2.420000 2.191300 2.420000 -2.191300 
50	(  -0.95       4.86      -0.93     )	954.726900 0.950000 -4.860000 0.930000 -2.070000 0.387000 2.070000 -0.387000 
51	(  -0.95       4.86      -0.74     )	955.224700 0.950000 -4.860000 0.740000 -0.740000 0.069700 0.740000 -0.069700 
52	(  -0.95       4.82      -0.36     )	956.740100 0.950000 -4.820000 0.360000 1.360000 -0.735500 -1.360000 0.735500 
53	(   0.05       4.89      -0.68     )	951.500400 -0.050000 -4.890000 0.680000 8.100000 -0.623000 -8.100000 0.623000 
54	(  -0.95       5.36      -0.55     )	945.905300 0.950000 -5.360000 0.550000 7.590000 4.934600 -7.590000 -4.934600 
55	(  -0.95       5.05      -0.82     )	951.438600 0.950000 -5.050000 0.820000 1.360000 2.077400 -1.360000 -2.077400 
56	(  -0.95       4.84      -0.61     )	955.892700 0.950000 -4.840000 0.610000 -0.110000 -0.299800 0.110000 0.299800 
57	(  -0.71       4.98      -1.22     )	951.076300 0.710000 -4.980000 1.220000 -0.500000 1.792900 0.500000 -1.792900 
58	(  -0.88       4.86      -0.7      )	955.157200 0.880000 -4.860000 0.700000 0.100000 -0.116000 -0.100000 0.116000 
59	(  -0.88       4.86      -0.94     )	954.552400 0.880000 -4.860000 0.940000 -1.580000 0.277600 1.580000 -0.277600 
60	(  -0.88       4.85      -0.55     )	955.662100 0.880000 -4.850000 0.550000 1.010000 -0.400600 -1.010000 0.400600 
61	(  -0.88       4.89      -0.87     )	954.182100 0.880000 -4.890000 0.870000 -0.670000 0.443400 0.670000 -0.443400 
62	(  -0.88       4.84      -0.53     )	955.886300 0.880000 -4.840000 0.530000 1.010000 -0.519100 -1.010000 0.519100 
63	(   0.12       5         -0.66     )	949.029200 -0.120000 -5.000000 0.660000 10.340000 0.450000 -10.340000 -0.450000 
64	(  -0.88       4.98      -0.9      )	952.405200 0.880000 -4.980000 0.900000 0.380000 1.384800 -0.380000 -1.384800 
65	(   0.12       4.66      -0.86     )	955.358800 -0.120000 -4.660000 0.860000 4.180000 -2.530400 -4.180000 2.530400 
66	(  -0.88       4.86      -0.69     )	955.179900 0.880000 -4.860000 0.690000 0.170000 -0.129900 -0.170000 0.129900 
67	(  -0.67       4.86      -0.94     )	954.054700 0.670000 -4.860000 0.940000 0.100000 -0.047900 -0.100000 0.047900 
68	(  -0.94       4.86      -0.63     )	955.456500 0.940000 -4.860000 0.630000 0.110000 -0.099900 -0.110000 0.099900 
69	(  -0.85       4.88      -0.74     )	954.620100 0.850000 -4.880000 0.740000 0.340000 0.084500 -0.340000 -0.084500 
70	(  -0.93       4.85      -0.64     )	955.595800 0.930000 -4.850000 0.640000 -0.020000 -0.203000 0.020000 0.203000 
71	(  -0.87       4.87      -0.71     )	954.924400 0.870000 -4.870000 0.710000 0.250000 -0.022100 -0.250000 0.022100 
72	(  -0.92       4.86      -0.66     )	955.342800 0.920000 -4.860000 0.660000 0.060000 -0.098400 -0.060000 0.098400 
73	(  -0.91       4.95      -0.6      )	953.765400 0.910000 -4.950000 0.600000 1.820000 0.690600 -1.820000 -0.690600 
74	(  -0.38       4.95      -0.77     )	951.846100 0.380000 -4.950000 0.770000 4.870000 0.239800 -4.870000 -0.239800 
75	(  -0.38       4.8       -0.64     )	954.946800 0.380000 -4.800000 0.640000 3.680000 -1.406000 -3.680000 1.406000 
76	(  -0.89       4.86      -0.7      )	955.181100 0.890000 -4.860000 0.700000 0.020000 -0.098300 -0.020000 0.098300 
77	(  -0.92       4.8596    -0.66     )	955.350208 0.920000 -4.859600 0.660000 0.054400 -0.102288 -0.054400 0.102288 
78	(  -0.87       4.8604    -0.71     )	955.102872 0.870000 -4.860400 0.710000 0.115600 -0.115512 -0.115600 0.115512 
79	(  -0.85       4.8608    -0.74     )	954.977827 0.850000 -4.860800 0.740000 0.071200 -0.102523 -0.071200 0.102523 
80	(  -0.79       4.8608    -0.83     )	954.616579 0.790000 -4.860800 0.830000 -0.078800 -0.059623 0.078800 0.059623 
81	(  -0.84       4.8608    -0.73     )	954.976619 0.840000 -4.860800 0.730000 0.221200 -0.134123 -0.221200 0.134123 
82	(  -0.88       4.8608    -0.71     )	955.119451 0.880000 -4.860800 0.710000 0.041200 -0.094123 -0.041200 0.094123 
83	(  -0.86       4.9608    -0.72     )	953.170015 0.860000 -4.960800 0.720000 1.531200 0.867537 -1.531200 -0.867537 
84	(  -0.82       4.8808    -0.84     )	954.291039 0.820000 -4.880800 0.840000 -0.108800 0.200209 0.108800 -0.200209 
85	(  -1.05       4.8608    -0.76     )	955.370987 1.050000 -4.860800 0.760000 -1.668800 0.307477 1.668800 -0.307477 
86	(  -0.79       4.862     -0.83     )	954.594192 0.790000 -4.862000 0.830000 -0.062000 -0.047956 0.062000 0.047956 

BBE ( SOL ) BBO
87	(  -0.85       4.8599    -0.74     )	954.994559 0.850000 -4.859900 0.740000 0.058600 -0.111272 -0.058600 0.111272 
88	(  -0.83       4.8607    -0.76     )	954.884272 0.830000 -4.860700 0.760000 0.089800 -0.107096 -0.089800 0.107096 
89	(  -0.82       4.8605    -0.78     )	954.816289 0.820000 -4.860500 0.780000 0.027000 -0.094740 -0.027000 0.094740 
90	(  -0.86       4.8604    -0.73     )	955.032668 0.860000 -4.860400 0.730000 0.055600 -0.104012 -0.055600 0.104012 
91	(  -0.95       4.8966    -0.72     )	954.593487 0.950000 -4.896600 0.720000 -0.087600 0.397592 0.087600 -0.397592 
92	(  -0.78       4.9108    -0.75     )	953.842611 0.780000 -4.910800 0.750000 1.261200 0.286857 -1.261200 -0.286857 
93	(  -0.81       4.855     -0.69     )	955.099400 0.810000 -4.855000 0.690000 0.660000 -0.296775 -0.660000 0.296775 
94	(  -0.85       4.86      -0.74     )	954.992700 0.850000 -4.860000 0.740000 0.060000 -0.110300 -0.060000 0.110300 
95	(  -0.858      4.8599    -0.73     )	955.037134 0.858000 -4.859900 0.730000 0.064600 -0.112308 -0.064600 0.112308 
96	(  -0.8753     4.8598    -0.71     )	955.126758 0.875300 -4.859800 0.710000 0.064800 -0.112094 -0.064800 0.112094 
97	(  -0.8413     4.8605    -0.75     )	954.938957 0.841300 -4.860500 0.750000 0.066600 -0.105254 -0.066600 0.105254 
98	(  -0.8        4.8484    -0.75     )	955.062255 0.800000 -4.848400 0.750000 0.227600 -0.290517 -0.227600 0.290517 
99	(  -0.8455     4.8408    -0.72     )	955.384177 0.845500 -4.840800 0.720000 -0.032800 -0.333385 0.032800 0.333385 
100	(  -0.8        4.8762    -0.73     )	954.589407 0.800000 -4.876200 0.730000 0.756800 -0.049774 -0.756800 0.049774 
101	(  -0.8513     4.861     -0.74     )	954.977254 0.851300 -4.861000 0.740000 0.063600 -0.098367 -0.063600 0.098367 
102	(  -0.8464     4.8598    -0.74     )	954.987694 0.846400 -4.859800 0.740000 0.086000 -0.118351 -0.086000 0.118351 
103	(  -0.8338     4.8608    -0.76     )	954.891671 0.833800 -4.860800 0.760000 0.060800 -0.099801 -0.060800 0.099801 
104	(  -0.852      4.8601    -0.74     )	954.995677 0.852000 -4.860100 0.740000 0.045400 -0.105924 -0.045400 0.105924 
105	(  -0.8532     4.8698    -0.74     )	954.818091 0.853200 -4.869800 0.740000 0.171600 -0.009498 -0.171600 0.009498 
106	(  -0.8264     4.8638    -0.74     )	954.864270 0.826400 -4.863800 0.740000 0.302000 -0.112913 -0.302000 0.112913 
107	(  -0.8406     4.8578    -0.75     )	954.987467 0.840600 -4.857800 0.750000 0.034400 -0.132671 -0.034400 0.132671 
108	(  -0.8466     4.8597    -0.74     )	954.990038 0.846600 -4.859700 0.740000 0.083000 -0.118984 -0.083000 0.118984 
109	(  -0.8472     4.8594    -0.74     )	954.997071 0.847200 -4.859400 0.740000 0.074000 -0.120884 -0.074000 0.120884 
110	(  -0.8458     4.8598    -0.74     )	954.986237 0.845800 -4.859800 0.740000 0.090800 -0.119366 -0.090800 0.119366 
111	(  -0.8512     4.859     -0.73     )	955.037401 0.851200 -4.859000 0.730000 0.106400 -0.132678 -0.106400 0.132678 
112	(  -0.8438     4.8601    -0.75     )	954.952460 0.843800 -4.860100 0.750000 0.041000 -0.104930 -0.041000 0.104930 
113	(  -0.8519     4.8697    -0.73     )	954.840021 0.851900 -4.869700 0.730000 0.250600 -0.027388 -0.250600 0.027388 
114	(  -0.8666     4.8622    -0.75     )	954.968159 0.866600 -4.862200 0.750000 -0.112000 -0.045516 0.112000 0.045516 
115	(  -0.8294     4.8697    -0.75     )	954.738519 0.829400 -4.869700 0.750000 0.290600 -0.035618 -0.290600 0.035618 
116	(  -0.8465     4.8595    -0.74     )	954.993514 0.846500 -4.859500 0.740000 0.081000 -0.121098 -0.081000 0.121098 
117	(  -0.8465     4.859841  -0.7407   )	954.985551 0.846500 -4.859841 0.740700 0.080870 -0.116750 -0.080870 0.116750 
118	(  -0.8462     4.860241  -0.7407   )	954.977385 0.846200 -4.860241 0.740700 0.088870 -0.113369 -0.088870 0.113369 
119	(  -0.8466     4.859841  -0.7407   )	954.985793 0.846600 -4.859841 0.740700 0.080070 -0.116580 -0.080070 0.116580 
120	(  -0.8466     4.860041  -0.7407   )	954.982075 0.846600 -4.860041 0.740700 0.082870 -0.114636 -0.082870 0.114636 
121	(  -0.8365     4.860641  -0.7307   )	954.969385 0.836500 -4.860641 0.730700 0.242070 -0.140517 -0.242070 0.140517 
122	(  -0.8459     4.869841  -0.7407   )	954.797960 0.845900 -4.869841 0.740700 0.225670 -0.020468 -0.225670 0.020468 
123	(  -0.8539     4.862241  -0.7307   )	954.982086 0.853900 -4.862241 0.730700 0.125270 -0.095548 -0.125270 0.095548 
124	(  -0.8465     4.859741  -0.7407   )	954.987410 0.846500 -4.859741 0.740700 0.079470 -0.117722 -0.079470 0.117722 
125	(  -0.8462     4.860263  -0.7428   )	954.972082 0.846200 -4.860263 0.742800 0.074479 -0.110039 -0.074479 0.110039 
126	(  -0.846482   4.859841  -0.7407   )	954.985507 0.846482 -4.859841 0.740700 0.081014 -0.116780 -0.081014 0.116780 

BBE ( SOL ) BBO
127	(  -0.846382   4.859841  -0.7407   )	954.985265 0.846382 -4.859841 0.740700 0.081814 -0.116949 -0.081814 0.116949 
128	(  -0.846582   4.859841  -0.7406   )	954.985983 0.846582 -4.859841 0.740600 0.080914 -0.116759 -0.080914 0.116759 
129	(  -0.846682   4.859841  -0.7406   )	954.986225 0.846682 -4.859841 0.740600 0.080114 -0.116590 -0.080114 0.116590 
130	(  -0.836482   4.862641  -0.7414   )	954.907419 0.836482 -4.862641 0.741400 0.195314 -0.105349 -0.195314 0.105349 
131	(  -0.843082   4.853041  -0.7357   )	955.115206 0.843082 -4.853041 0.735700 0.048014 -0.195954 -0.048014 0.195954 
132	(  -0.848282   4.869841  -0.737    )	954.812366 0.848282 -4.869841 0.737000 0.232514 -0.021900 -0.232514 0.021900 
133	(  -0.846582   4.859741  -0.7408   )	954.987376 0.846582 -4.859741 0.740800 0.078114 -0.117435 -0.078114 0.117435 
134	(  -0.846428   4.859841  -0.7407   )	954.985377 0.846428 -4.859841 0.740700 0.081445 -0.116872 -0.081445 0.116872 
135	(  -0.848594   4.859755  -0.7382   )	954.998030 0.848594 -4.859755 0.738200 0.080425 -0.117726 -0.080425 0.117726 
136	(  -0.846613   4.859841  -0.7406   )	954.986058 0.846613 -4.859841 0.740600 0.080665 -0.116707 -0.080665 0.116707 
137	(  -0.84644    4.859841  -0.7407   )	954.985405 0.846440 -4.859841 0.740700 0.081350 -0.116851 -0.081350 0.116851 
138	(  -0.84686    4.863481  -0.7427   )	954.914060 0.846860 -4.863481 0.742700 0.114950 -0.077780 -0.114950 0.077780 
139	(  -0.841482   4.860788  -0.7406   )	954.955970 0.841482 -4.860788 0.740600 0.134972 -0.116163 -0.134972 0.116163 
140	(  -0.847661   4.864841  -0.7392   )	954.898849 0.847661 -4.864841 0.739200 0.152082 -0.068379 -0.152082 0.068379 
141	(  -0.846511   4.859696  -0.7407   )	954.988266 0.846511 -4.859696 0.740700 0.078757 -0.118137 -0.078757 0.118137 
142	(  -0.846433   4.859841  -0.7407   )	954.985382 0.846433 -4.859841 0.740700 0.081410 -0.116860 -0.081410 0.116860 
143	(  -0.846321   4.859841  -0.7408   )	954.984880 0.846321 -4.859841 0.740800 0.081604 -0.116903 -0.081604 0.116903 
144	(  -0.846517   4.859841  -0.7407   )	954.985591 0.846517 -4.859841 0.740700 0.080734 -0.116720 -0.080734 0.116720 
145	(  -0.847598   4.861841  -0.741    )	954.950322 0.847598 -4.861841 0.741000 0.097986 -0.095001 -0.097986 0.095001 
146	(  -0.844517   4.861012  -0.7405   )	954.959423 0.844517 -4.861012 0.740500 0.114528 -0.109016 -0.114528 0.109016 
147	(  -0.847011   4.86013   -0.7397   )	954.983743 0.847011 -4.860130 0.739700 0.087828 -0.114555 -0.087828 0.114555 
148	(  -0.846521   4.859806  -0.7407   )	954.986244 0.846521 -4.859806 0.740700 0.080218 -0.117050 -0.080218 0.117050 
149	(  -0.846622   4.859841  -0.7407   )	954.985843 0.846622 -4.859841 0.740700 0.079896 -0.116541 -0.079896 0.116541 
150	(  -0.846338   4.859842  -0.7409   )	954.984666 0.846338 -4.859842 0.740900 0.080785 -0.116714 -0.080785 0.116714 
151	(  -0.846377   4.859841  -0.7408   )	954.985019 0.846377 -4.859841 0.740800 0.081154 -0.116810 -0.081154 0.116810 
152	(  -0.846531   4.859841  -0.7407   )	954.985626 0.846531 -4.859841 0.740700 0.080622 -0.116697 -0.080622 0.116697 
153	(  -0.845936   4.861841  -0.7405   )	954.947452 0.845936 -4.861841 0.740500 0.114782 -0.098557 -0.114782 0.098557 
154	(  -0.844517   4.859365  -0.741    )	954.988888 0.844517 -4.859365 0.741000 0.087970 -0.124284 -0.087970 0.124284 
155	(  -0.846117   4.859322  -0.7397   )	954.996596 0.846117 -4.859322 0.739700 0.083668 -0.123922 -0.083668 0.123922 
156	(  -0.846547   4.859831  -0.7407   )	954.985851 0.846547 -4.859831 0.740700 0.080354 -0.116767 -0.080354 0.116767 
157	(  -0.846409   4.859841  -0.740771 )	954.985160 0.846409 -4.859841 0.740771 0.081104 -0.116796 -0.081104 0.116796 
158	(  -0.846085   4.859842  -0.740971 )	954.983895 0.846085 -4.859842 0.740971 0.082306 -0.117041 -0.082306 0.117041 
159	(  -0.846413   4.859841  -0.740771 )	954.985172 0.846413 -4.859841 0.740771 0.081070 -0.116790 -0.081070 0.116790 
160	(  -0.846411   4.859841  -0.740771 )	954.985164 0.846411 -4.859841 0.740771 0.081089 -0.116792 -0.081089 0.116792 
161	(  -0.845658   4.859932  -0.741771 )	954.979319 0.845658 -4.859932 0.741771 0.081384 -0.115701 -0.081384 0.115701 
162	(  -0.846242   4.860841  -0.740671 )	954.966395 0.846242 -4.860841 0.740671 0.097138 -0.107507 -0.097138 0.107507 
163	(  -0.844413   4.859711  -0.740371 )	954.983663 0.844413 -4.859711 0.740371 0.098050 -0.122028 -0.098050 0.122028 
164	(  -0.846591   4.859824  -0.740671 )	954.986157 0.846591 -4.859824 0.740671 0.080105 -0.116805 -0.080105 0.116805 
165	(  -0.846425   4.85984   -0.740771 )	954.985208 0.846425 -4.859840 0.740771 0.080969 -0.116774 -0.080969 0.116774 
166	(  -0.846488   4.85984   -0.740671 )	954.985595 0.846488 -4.859840 0.740671 0.081165 -0.116816 -0.081165 0.116816 

BBE ( SOL ) BBO
167	(  -0.846305   4.859841  -0.740871 )	954.984672 0.846305 -4.859841 0.740871 0.081238 -0.116822 -0.081238 0.116822 
168	(  -0.846199   4.859841  -0.740871 )	954.984411 0.846199 -4.859841 0.740871 0.082090 -0.117000 -0.082090 0.117000 
169	(  -0.846677   4.860841  -0.741171 )	954.966286 0.846677 -4.860841 0.741171 0.090158 -0.106030 -0.090158 0.106030 
170	(  -0.844413   4.860027  -0.740671 )	954.977089 0.844413 -4.860027 0.740671 0.100374 -0.118512 -0.100374 0.118512 
171	(  -0.846813   4.860255  -0.739771 )	954.980772 0.846813 -4.860255 0.739771 0.090666 -0.113569 -0.090666 0.113569 
172	(  -0.846426   4.859825  -0.740771 )	954.985501 0.846426 -4.859825 0.740771 0.080743 -0.116924 -0.080743 0.116924 
173	(  -0.846503   4.859841  -0.740664 )	954.985640 0.846503 -4.859841 0.740664 0.081099 -0.116797 -0.081099 0.116797 
174	(  -0.84634    4.859841  -0.740838 )	954.984837 0.846340 -4.859841 0.740838 0.081187 -0.116814 -0.081187 0.116814 
175	(  -0.846393   4.859841  -0.740788 )	954.985081 0.846393 -4.859841 0.740788 0.081114 -0.116798 -0.081114 0.116798 
176	(  -0.846719   4.860341  -0.740837 )	954.976464 0.846719 -4.860341 0.740837 0.085160 -0.111314 -0.085160 0.111314 
177	(  -0.845413   4.859929  -0.741264 )	954.979957 0.845413 -4.859929 0.741264 0.086854 -0.116894 -0.086854 0.116894 
178	(  -0.845499   4.860046  -0.740271 )	954.980297 0.845499 -4.860046 0.740271 0.094758 -0.117081 -0.094758 0.117081 
179	(  -0.846429   4.859833  -0.74077  )	954.985360 0.846429 -4.859833 0.740770 0.080839 -0.116842 -0.080839 0.116842 
180	(  -0.846425   4.85984   -0.740771 )	954.985209 0.846425 -4.859840 0.740771 0.080967 -0.116774 -0.080967 0.116774 
181	(  -0.846322   4.859905  -0.740971 )	954.983290 0.846322 -4.859905 0.740971 0.081297 -0.116022 -0.081297 0.116022 
182	(  -0.846353   4.859841  -0.740838 )	954.984875 0.846353 -4.859841 0.740838 0.081077 -0.116794 -0.081077 0.116794 
183	(  -0.846325   4.85984   -0.740871 )	954.984733 0.846325 -4.859840 0.740871 0.081067 -0.116794 -0.081067 0.116794 
184	(  -0.846241   4.85984   -0.74097  )	954.984309 0.846241 -4.859840 0.740970 0.081038 -0.116795 -0.081038 0.116795 
185	(  -0.846387   4.859845  -0.740806 )	954.984944 0.846387 -4.859845 0.740806 0.081095 -0.116738 -0.081095 0.116738 
186	(  -0.846282   4.859843  -0.740927 )	954.984447 0.846282 -4.859843 0.740927 0.081057 -0.116757 -0.081057 0.116757 
187	(  -0.846247   4.859845  -0.740971 )	954.984236 0.846247 -4.859845 0.740971 0.081048 -0.116739 -0.081048 0.116739 
188	(  -0.846153   4.859852  -0.741127 )	954.983514 0.846153 -4.859852 0.741127 0.080806 -0.116599 -0.080806 0.116599 
189	(  -0.846385   4.859841  -0.740827 )	954.984978 0.846385 -4.859841 0.740827 0.080897 -0.116756 -0.080897 0.116756 
190	(  -0.84642    4.859843  -0.740827 )	954.985020 0.846420 -4.859843 0.740827 0.080649 -0.116675 -0.080649 0.116675 
191	(  -0.846286   4.859841  -0.740927 )	954.984504 0.846286 -4.859841 0.740927 0.080990 -0.116775 -0.080990 0.116775 
192	(  -0.845282   4.859957  -0.741527 )	954.978514 0.845282 -4.859957 0.741527 0.086445 -0.116457 -0.086445 0.116457 
193	(  -0.846326   4.860043  -0.740127 )	954.982697 0.846326 -4.860043 0.740127 0.089105 -0.115924 -0.089105 0.115924 
194	(  -0.845282   4.859695  -0.740027 )	954.986866 0.845282 -4.859695 0.740027 0.093285 -0.121221 -0.093285 0.121221 
195	(  -0.84631    4.859843  -0.740927 )	954.984524 0.846310 -4.859843 0.740927 0.080827 -0.116714 -0.080827 0.116714 
196	(  -0.846153   4.859852  -0.741095 )	954.983589 0.846153 -4.859852 0.741095 0.081030 -0.116646 -0.081030 0.116646 
197	(  -0.846311   4.859844  -0.740889 )	954.984585 0.846311 -4.859844 0.740889 0.081112 -0.116756 -0.081112 0.116756 
198	(  -0.846376   4.859842  -0.740823 )	954.984935 0.846376 -4.859842 0.740823 0.081024 -0.116764 -0.081024 0.116764 
199	(  -0.846309   4.859841  -0.740901 )	954.984612 0.846309 -4.859841 0.740901 0.080998 -0.116772 -0.080998 0.116772 
200	(  -0.845909   4.859943  -0.740824 )	954.981923 0.845909 -4.859943 0.740824 0.086161 -0.116569 -0.086161 0.116569 
201	(  -0.846019   4.859825  -0.741427 )	954.982991 0.846019 -4.859825 0.741427 0.079406 -0.116644 -0.079406 0.116644 
202	(  -0.846782   4.859932  -0.741274 )	954.983199 0.846782 -4.859932 0.741274 0.075873 -0.114532 -0.075873 0.114532 
203	(  -0.846333   4.85984   -0.740858 )	954.984793 0.846333 -4.859840 0.740858 0.081085 -0.116805 -0.081085 0.116805 
204	(  -0.846487   4.85983   -0.740651 )	954.985832 0.846487 -4.859830 0.740651 0.081168 -0.116949 -0.081168 0.116949 
205	(  -0.846338   4.859855  -0.740878 )	954.984478 0.846338 -4.859855 0.740878 0.081120 -0.116622 -0.081120 0.116622 
206	(  -0.846342   4.859842  -0.74087  )	954.984747 0.846342 -4.859842 0.740870 0.080962 -0.116752 -0.080962 0.116752 

BBE ( SOL ) BBO
207	(  -0.84633    4.859841  -0.740871 )	954.984736 0.846330 -4.859841 0.740871 0.081039 -0.116783 -0.081039 0.116783 
208	(  -0.846833   4.859852  -0.740499 )	954.986616 0.846833 -4.859852 0.740499 0.079769 -0.116372 -0.079769 0.116372 
209	(  -0.846284   4.85994   -0.740874 )	954.982777 0.846284 -4.859940 0.740874 0.082769 -0.115893 -0.082769 0.115893 
210	(  -0.845976   4.859836  -0.740358 )	954.985163 0.845976 -4.859836 0.740358 0.087387 -0.118188 -0.087387 0.118188 
211	(  -0.846333   4.859839  -0.740866 )	954.984793 0.846333 -4.859839 0.740866 0.081021 -0.116805 -0.081021 0.116805 
212	(  -0.846682   4.859934  -0.740645 )	954.984389 0.846682 -4.859934 0.740645 0.081103 -0.115618 -0.081103 0.115618 
213	(  -0.846133   4.859853  -0.740852 )	954.984079 0.846133 -4.859853 0.740852 0.082910 -0.117025 -0.082910 0.117025 
214	(  -0.846387   4.85989   -0.740808 )	954.984111 0.846387 -4.859890 0.740808 0.081703 -0.116302 -0.081703 0.116302 
215	(  -0.846327   4.859828  -0.740658 )	954.985470 0.846327 -4.859828 0.740658 0.082366 -0.117230 -0.082366 0.117230 
216	(  -0.846323   4.859831  -0.740943 )	954.984739 0.846323 -4.859831 0.740943 0.080444 -0.116784 -0.080444 0.116784 
217	(  -0.846316   4.859839  -0.740971 )	954.984509 0.846316 -4.859839 0.740971 0.080421 -0.116680 -0.080421 0.116680 
218	(  -0.846371   4.859856  -0.740958 )	954.984343 0.846371 -4.859856 0.740958 0.080319 -0.116433 -0.080319 0.116433 
219	(  -0.846431   4.859855  -0.740758 )	954.984979 0.846431 -4.859855 0.740758 0.081217 -0.116639 -0.081217 0.116639 
220	(  -0.846233   4.859857  -0.740825 )	954.984313 0.846233 -4.859857 0.740825 0.082353 -0.116859 -0.082353 0.116859 
221	(  -0.846333   4.859839  -0.740858 )	954.984802 0.846333 -4.859839 0.740858 0.081081 -0.116811 -0.081081 0.116811 
222	(  -0.846233   4.859825  -0.740958 )	954.984598 0.846233 -4.859825 0.740958 0.080974 -0.116973 -0.080974 0.116973 
223	(  -0.846434   4.859858  -0.740783 )	954.984881 0.846434 -4.859858 0.740783 0.081052 -0.116573 -0.081052 0.116573 
224	(  -0.846284   4.859833  -0.740914 )	954.984669 0.846284 -4.859833 0.740914 0.080994 -0.116873 -0.080994 0.116873 
225	(  -0.846291   4.85983   -0.740854 )	954.984884 0.846291 -4.859830 0.740854 0.081311 -0.116980 -0.081311 0.116980 
226	(  -0.846283   4.859848  -0.740866 )	954.984498 0.846283 -4.859848 0.740866 0.081550 -0.116797 -0.081550 0.116797 
227	(  -0.846331   4.859841  -0.740808 )	954.984882 0.846331 -4.859841 0.740808 0.081473 -0.116873 -0.081473 0.116873 
228	(  -0.846339   4.859839  -0.740908 )	954.984704 0.846339 -4.859839 0.740908 0.080682 -0.116730 -0.080682 0.116730 
229	(  -0.846353   4.859844  -0.740838 )	954.984807 0.846353 -4.859844 0.740838 0.081128 -0.116759 -0.081128 0.116759 
230	(  -0.846331   4.859845  -0.740877 )	954.984651 0.846331 -4.859845 0.740877 0.081039 -0.116732 -0.081039 0.116732 
231	(  -0.846313   4.85984   -0.740854 )	954.984747 0.846313 -4.859840 0.740854 0.081278 -0.116841 -0.081278 0.116841 
232	(  -0.846253   4.859842  -0.740842 )	954.984607 0.846253 -4.859842 0.740842 0.081858 -0.116949 -0.081858 0.116949 
233	(  -0.846233   4.85983   -0.740931 )	954.984566 0.846233 -4.859830 0.740931 0.081232 -0.116963 -0.081232 0.116963 
234	(  -0.845993   4.859799  -0.741163 )	954.984024 0.845993 -4.859799 0.741163 0.081091 -0.117329 -0.081091 0.117329 
235	(  -0.846085   4.859825  -0.741127 )	954.983844 0.846085 -4.859825 0.741127 0.080976 -0.116973 -0.080976 0.116973 
236	(  -0.846305   4.85983   -0.740835 )	954.984957 0.846305 -4.859830 0.740835 0.081339 -0.116982 -0.081339 0.116982 
237	(  -0.846288   4.85984   -0.740904 )	954.984574 0.846288 -4.859840 0.740904 0.081126 -0.116813 -0.081126 0.116813 
238	(  -0.846187   4.859838  -0.741031 )	954.984068 0.846187 -4.859838 0.741031 0.081020 -0.116814 -0.081020 0.116814 
239	(  -0.84619    4.85985   -0.74087  )	954.984231 0.846190 -4.859850 0.740870 0.082286 -0.116933 -0.082286 0.116933 
240	(  -0.846333   4.859841  -0.740954 )	954.984541 0.846333 -4.859841 0.740954 0.080432 -0.116648 -0.080432 0.116648 
241	(  -0.846233   4.85983   -0.74093  )	954.984576 0.846233 -4.859830 0.740930 0.081234 -0.116969 -0.081234 0.116969 
242	(  -0.845993   4.859799  -0.741163 )	954.984024 0.845993 -4.859799 0.741163 0.081092 -0.117329 -0.081092 0.117329 
243	(  -0.846187   4.859825  -0.74098  )	954.984433 0.846187 -4.859825 0.740980 0.081193 -0.117019 -0.081193 0.117019 
244	(  -0.846187   4.859827  -0.740952 )	954.984465 0.846187 -4.859827 0.740952 0.081411 -0.117043 -0.081411 0.117043 
245	(  -0.846297   4.859837  -0.740882 )	954.984711 0.846297 -4.859837 0.740882 0.081167 -0.116865 -0.081167 0.116865 
246	(  -0.846191   4.85982   -0.740971 )	954.984557 0.846191 -4.859820 0.740971 0.081149 -0.117072 -0.081149 0.117072 

BBE ( SOL ) BBO
247	(  -0.846188   4.85984   -0.740946 )	954.984236 0.846188 -4.859840 0.740946 0.081626 -0.116920 -0.081626 0.116920 
248	(  -0.846265   4.859833  -0.740981 )	954.984477 0.846265 -4.859833 0.740981 0.080666 -0.116809 -0.080666 0.116809 
249	(  -0.846236   4.859829  -0.740929 )	954.984589 0.846236 -4.859829 0.740929 0.081213 -0.116966 -0.081213 0.116966 
250	(  -0.846246   4.859828  -0.740924 )	954.984656 0.846246 -4.859828 0.740924 0.081155 -0.116976 -0.081155 0.116976 
251	(  -0.846203   4.859848  -0.740981 )	954.984033 0.846203 -4.859848 0.740981 0.081384 -0.116761 -0.081384 0.116761 
252	(  -0.846248   4.859846  -0.7409   )	954.984370 0.846248 -4.859846 0.740900 0.081565 -0.116827 -0.081565 0.116827 
253	(  -0.846205   4.859826  -0.740954 )	954.984510 0.846205 -4.859826 0.740954 0.081253 -0.117011 -0.081253 0.117011 
254	(  -0.846212   4.859819  -0.740902 )	954.984779 0.846212 -4.859819 0.740902 0.081464 -0.117146 -0.081464 0.117146 
255	(  -0.846186   4.85983   -0.740966 )	954.984366 0.846186 -4.859830 0.740966 0.081366 -0.116988 -0.081366 0.116988 
256	(  -0.846203   4.859838  -0.740879 )	954.984460 0.846203 -4.859838 0.740879 0.081953 -0.117011 -0.081953 0.117011 
257	(  -0.84628    4.859834  -0.740985 )	954.984483 0.846280 -4.859834 0.740985 0.080537 -0.116768 -0.080537 0.116768 
258	(  -0.846246   4.85983   -0.740957 )	954.984535 0.846246 -4.859830 0.740957 0.080954 -0.116904 -0.080954 0.116904 
259	(  -0.846249   4.85982   -0.740938 )	954.984778 0.846249 -4.859820 0.740938 0.080914 -0.117025 -0.080914 0.117025 
260	(  -0.846204   4.859835  -0.740944 )	954.984371 0.846204 -4.859835 0.740944 0.081448 -0.116946 -0.081448 0.116946 
261	(  -0.846216   4.859829  -0.740932 )	954.984541 0.846216 -4.859829 0.740932 0.081353 -0.117000 -0.081353 0.117000 
262	(  -0.846238   4.859832  -0.740949 )	954.984487 0.846238 -4.859832 0.740949 0.081105 -0.116904 -0.081105 0.116904 
263	(  -0.846239   4.859824  -0.740942 )	954.984659 0.846239 -4.859824 0.740942 0.081035 -0.116992 -0.081035 0.116992 
264	(  -0.846235   4.859826  -0.740909 )	954.984690 0.846235 -4.859826 0.740909 0.081320 -0.117028 -0.081320 0.117028 
265	(  -0.846246   4.859832  -0.740924 )	954.984569 0.846246 -4.859832 0.740924 0.081221 -0.116931 -0.081221 0.116931 
266	(  -0.846227   4.85983   -0.740939 )	954.984523 0.846227 -4.859830 0.740939 0.081234 -0.116958 -0.081234 0.116958 
267	(  -0.846226   4.859827  -0.740925 )	954.984611 0.846226 -4.859827 0.740925 0.081299 -0.117009 -0.081299 0.117009 
268	(  -0.846232   4.859831  -0.74092  )	954.984562 0.846232 -4.859831 0.740920 0.081348 -0.116970 -0.081348 0.116970 
269	(  -0.846244   4.859827  -0.740937 )	954.984630 0.846244 -4.859827 0.740937 0.081071 -0.116965 -0.081071 0.116965 
270	(  -0.846246   4.859831  -0.740939 )	954.984550 0.846246 -4.859831 0.740939 0.081098 -0.116917 -0.081098 0.116917 
271	(  -0.846234   4.859833  -0.740951 )	954.984464 0.846234 -4.859833 0.740951 0.081132 -0.116904 -0.081132 0.116904 
272	(  -0.846235   4.859828  -0.74092  )	954.984633 0.846235 -4.859828 0.740920 0.081273 -0.116997 -0.081273 0.116997 
273	(  -0.846231   4.85983   -0.740929 )	954.984569 0.846231 -4.859830 0.740929 0.081258 -0.116971 -0.081258 0.116971 
274	(  -0.846238   4.85983   -0.740929 )	954.984575 0.846238 -4.859830 0.740929 0.081212 -0.116953 -0.081212 0.116953 
275	(  -0.846236   4.859829  -0.740924 )	954.984600 0.846236 -4.859829 0.740924 0.081248 -0.116974 -0.081248 0.116974 
276	(  -0.846237   4.859829  -0.740931 )	954.984585 0.846237 -4.859829 0.740931 0.081201 -0.116964 -0.081201 0.116964 
277	(  -0.846238   4.859829  -0.740929 )	954.984594 0.846238 -4.859829 0.740929 0.081198 -0.116963 -0.081198 0.116963 
278	(  -0.846231   4.859829  -0.740926 )	954.984597 0.846231 -4.859829 0.740926 0.081267 -0.116987 -0.081267 0.116987 
279	(  -0.846237   4.85983   -0.740929 )	954.984580 0.846237 -4.859830 0.740929 0.081226 -0.116962 -0.081226 0.116962 
280	(  -0.846235   4.85983   -0.74093  )	954.984575 0.846235 -4.859830 0.740930 0.081225 -0.116963 -0.081225 0.116963 
281	(  -0.846234   4.859829  -0.740929 )	954.984590 0.846234 -4.859829 0.740929 0.081232 -0.116973 -0.081232 0.116973 
282	(  -0.846237   4.85983   -0.740927 )	954.984591 0.846237 -4.859830 0.740927 0.081226 -0.116966 -0.081226 0.116966 
283	(  -0.846238   4.859829  -0.740929 )	954.984602 0.846238 -4.859829 0.740929 0.081200 -0.116970 -0.081200 0.116970 
284	(  -0.846236   4.85983   -0.740929 )	954.984585 0.846236 -4.859830 0.740929 0.081224 -0.116966 -0.081224 0.116966 
285	(  -0.846235   4.859829  -0.740929 )	954.984585 0.846235 -4.859829 0.740929 0.081221 -0.116968 -0.081221 0.116968 
286	(  -0.846236   4.859829  -0.740928 )	954.984591 0.846236 -4.859829 0.740928 0.081220 -0.116968 -0.081220 0.116968 

BBE ( SOL ) BBO
287	(  -0.846236   4.859829  -0.740929 )	954.984592 0.846236 -4.859829 0.740929 0.081211 -0.116968 -0.081211 0.116968 
288	(  -0.846237   4.85983   -0.74093  )	954.984583 0.846237 -4.859830 0.740930 0.081207 -0.116962 -0.081207 0.116962 
289	(  -0.846237   4.859829  -0.740928 )	954.984594 0.846237 -4.859829 0.740928 0.081216 -0.116969 -0.081216 0.116969 
290	(  -0.846236   4.85983   -0.740929 )	954.984585 0.846236 -4.859830 0.740929 0.081224 -0.116966 -0.081224 0.116966 
291	(  -0.846236   4.859829  -0.740929 )	954.984590 0.846236 -4.859829 0.740929 0.081214 -0.116968 -0.081214 0.116968 
292	(  -0.846236   4.859829  -0.740929 )	954.984586 0.846236 -4.859829 0.740929 0.081216 -0.116966 -0.081216 0.116966 
293	(  -0.846236   4.859829  -0.740929 )	954.984588 0.846236 -4.859829 0.740929 0.081216 -0.116968 -0.081216 0.116968 
294	(  -0.846237   4.859829  -0.740929 )	954.984590 0.846237 -4.859829 0.740929 0.081216 -0.116967 -0.081216 0.116967 
295	(  -0.846237   4.859829  -0.74093  )	954.984589 0.846237 -4.859829 0.740930 0.081206 -0.116966 -0.081206 0.116966 
296	(  -0.846236   4.859829  -0.740929 )	954.984589 0.846236 -4.859829 0.740929 0.081212 -0.116967 -0.081212 0.116967 
297	(  -0.846236   4.859829  -0.74093  )	954.984585 0.846236 -4.859829 0.740930 0.081210 -0.116966 -0.081210 0.116966 
298	(  -0.846236   4.859829  -0.740929 )	954.984589 0.846236 -4.859829 0.740929 0.081218 -0.116967 -0.081218 0.116967 
299	(  -0.846236   4.859829  -0.740929 )	954.984588 0.846236 -4.859829 0.740929 0.081214 -0.116967 -0.081214 0.116967 
300	(  -0.846236   4.859829  -0.74093  )	954.984587 0.846236 -4.859829 0.740930 0.081213 -0.116966 -0.081213 0.116966 
301	(  -0.846236   4.859829  -0.740929 )	954.984588 0.846236 -4.859829 0.740929 0.081215 -0.116966 -0.081215 0.116966 
302	(  -0.846237   4.859829  -0.740929 )	954.984589 0.846237 -4.859829 0.740929 0.081211 -0.116966 -0.081211 0.116966 
303	(  -0.846236   4.859829  -0.740929 )	954.984589 0.846236 -4.859829 0.740929 0.081212 -0.116966 -0.081212 0.116966 
304	(  -0.846236   4.859829  -0.740929 )	954.984589 0.846236 -4.859829 0.740929 0.081212 -0.116967 -0.081212 0.116967 
305	(  -0.846236   4.859829  -0.740929 )	954.984589 0.846236 -4.859829 0.740929 0.081214 -0.116966 -0.081214 0.116966 
306	(  -0.846236   4.859829  -0.74093  )	954.984591 0.846236 -4.859829 0.740930 0.081210 -0.116968 -0.081210 0.116968 
307	(  -0.846236   4.859829  -0.740929 )	954.984589 0.846236 -4.859829 0.740929 0.081213 -0.116967 -0.081213 0.116967 
308	(  -0.846236   4.859829  -0.74093  )	954.984588 0.846236 -4.859829 0.740930 0.081213 -0.116966 -0.081213 0.116966 
309	(  -0.846236   4.859829  -0.740929 )	954.984588 0.846236 -4.859829 0.740929 0.081214 -0.116966 -0.081214 0.116966 
310	(  -0.846236   4.859829  -0.740929 )	954.984589 0.846236 -4.859829 0.740929 0.081213 -0.116967 -0.081213 0.116967 
311	(  -0.846237   4.859829  -0.740929 )	954.984590 0.846237 -4.859829 0.740929 0.081210 -0.116967 -0.081210 0.116967 
312	(  -0.846236   4.859829  -0.74093  )	954.984589 0.846236 -4.859829 0.740930 0.081211 -0.116966 -0.081211 0.116966 
313	(  -0.846236   4.859829  -0.74093  )	954.984588 0.846236 -4.859829 0.740930 0.081212 -0.116966 -0.081212 0.116966 
314	(  -0.846236   4.859829  -0.740929 )	954.984589 0.846236 -4.859829 0.740929 0.081214 -0.116966 -0.081214 0.116966 
315	(  -0.846236   4.859829  -0.740929 )	954.984589 0.846236 -4.859829 0.740929 0.081213 -0.116967 -0.081213 0.116967 
316	(  -0.846236   4.859829  -0.740929 )	954.984589 0.846236 -4.859829 0.740929 0.081212 -0.116966 -0.081212 0.116966 
317	(  -0.846236   4.859829  -0.740929 )	954.984588 0.846236 -4.859829 0.740929 0.081213 -0.116966 -0.081213 0.116966 
318	(  -0.846236   4.859829  -0.740929 )	954.984589 0.846236 -4.859829 0.740929 0.081212 -0.116966 -0.081212 0.116966 
319	(  -0.846236   4.859829  -0.740929 )	954.984589 0.846236 -4.859829 0.740929 0.081213 -0.116966 -0.081213 0.116966 
320	(  -0.846236   4.859829  -0.74093  )	954.984589 0.846236 -4.859829 0.740930 0.081212 -0.116966 -0.081212 0.116966 
321	(  -0.846236   4.859829  -0.740929 )	954.984588 0.846236 -4.859829 0.740929 0.081213 -0.116966 -0.081213 0.116966 
322	(  -0.846236   4.859829  -0.740929 )	954.984589 0.846236 -4.859829 0.740929 0.081213 -0.116966 -0.081213 0.116966 
323	(  -0.846236   4.859829  -0.740929 )	954.984589 0.846236 -4.859829 0.740929 0.081213 -0.116966 -0.081213 0.116966 
324	(  -0.846236   4.859829  -0.740929 )	954.984589 0.846236 -4.859829 0.740929 0.081213 -0.116966 -0.081213 0.116966 
325	(  -0.846236   4.859829  -0.740929 )	954.984589 0.846236 -4.859829 0.740929 0.081212 -0.116966 -0.081212 0.116966 
326	(  -0.846236   4.859829  -0.740929 )	954.984589 0.846236 -4.859829 0.740929 0.081213 -0.116966 -0.081213 0.116966 

BBE ( SOL ) BBO
327	(  -0.846236   4.859829  -0.740929 )	954.984589 0.846236 -4.859829 0.740929 0.081212 -0.116966 -0.081212 0.116966 
328	(  -0.846236   4.859829  -0.740929 )	954.984589 0.846236 -4.859829 0.740929 0.081213 -0.116966 -0.081213 0.116966 
329	(  -0.846236   4.859829  -0.740929 )	954.984589 0.846236 -4.859829 0.740929 0.081212 -0.116966 -0.081212 0.116966 
330	(  -0.846236   4.859829  -0.740929 )	954.984589 0.846236 -4.859829 0.740929 0.081213 -0.116966 -0.081213 0.116966 
331	(  -0.846237   4.859829  -0.740929 )	954.984589 0.846237 -4.859829 0.740929 0.081212 -0.116966 -0.081212 0.116966 
332	(  -0.846236   4.859829  -0.740929 )	954.984589 0.846236 -4.859829 0.740929 0.081212 -0.116966 -0.081212 0.116966 
333	(  -0.846236   4.859829  -0.740929 )	954.984589 0.846236 -4.859829 0.740929 0.081212 -0.116966 -0.081212 0.116966 
334	(  -0.846236   4.859829  -0.740929 )	954.984589 0.846236 -4.859829 0.740929 0.081212 -0.116966 -0.081212 0.116966 
335	(  -0.846236   4.859829  -0.740929 )	954.984589 0.846236 -4.859829 0.740929 0.081212 -0.116966 -0.081212 0.116966 
336	(  -0.846236   4.859829  -0.740929 )	954.984589 0.846236 -4.859829 0.740929 0.081212 -0.116966 -0.081212 0.116966 
337	(  -0.846236   4.859829  -0.740929 )	954.984589 0.846236 -4.859829 0.740929 0.081212 -0.116966 -0.081212 0.116966 
338	(  -0.846236   4.859829  -0.740929 )	954.984589 0.846236 -4.859829 0.740929 0.081212 -0.116966 -0.081212 0.116966 
339	(  -0.846236   4.859829  -0.740929 )	954.984589 0.846236 -4.859829 0.740929 0.081212 -0.116966 -0.081212 0.116966 
340	(  -0.846236   4.859829  -0.740929 )	954.984589 0.846236 -4.859829 0.740929 0.081212 -0.116966 -0.081212 0.116966 
341	(  -0.846236   4.859829  -0.740929 )	954.984589 0.846236 -4.859829 0.740929 0.081212 -0.116966 -0.081212 0.116966 
342	(  -0.846236   4.859829  -0.740929 )	954.984589 0.846236 -4.859829 0.740929 0.081212 -0.116966 -0.081212 0.116966 
343	(  -0.846236   4.859829  -0.740929 )	954.984589 0.846236 -4.859829 0.740929 0.081212 -0.116966 -0.081212 0.116966 
344	(  -0.846236   4.859829  -0.740929 )	954.984589 0.846236 -4.859829 0.740929 0.081212 -0.116966 -0.081212 0.116966 
345	(  -0.846236   4.859829  -0.740929 )	954.984589 0.846236 -4.859829 0.740929 0.081212 -0.116966 -0.081212 0.116966 
346	(  -0.846236   4.859829  -0.740929 )	954.984589 0.846236 -4.859829 0.740929 0.081212 -0.116966 -0.081212 0.116966 
347	(  -0.846236   4.859829  -0.740929 )	954.984589 0.846236 -4.859829 0.740929 0.081212 -0.116966 -0.081212 0.116966 
348	(  -0.846236   4.859829  -0.740929 )	954.984589 0.846236 -4.859829 0.740929 0.081212 -0.116966 -0.081212 0.116966 
349	(  -0.846236   4.859829  -0.740929 )	954.984589 0.846236 -4.859829 0.740929 0.081212 -0.116966 -0.081212 0.116966 
350	(  -0.846236   4.859829  -0.740929 )	954.984589 0.846236 -4.859829 0.740929 0.081212 -0.116966 -0.081212 0.116966 
351	(  -0.846236   4.859829  -0.740929 )	954.984589 0.846236 -4.859829 0.740929 0.081212 -0.116966 -0.081212 0.116966 
352	(  -0.846236   4.859829  -0.740929 )	954.984589 0.846236 -4.859829 0.740929 0.081212 -0.116966 -0.081212 0.116966 
353	(  -0.846236   4.859829  -0.740929 )	954.984589 0.846236 -4.859829 0.740929 0.081212 -0.116966 -0.081212 0.116966 
354	(  -0.846236   4.859829  -0.740929 )	954.984589 0.846236 -4.859829 0.740929 0.081212 -0.116966 -0.081212 0.116966 
355	(  -0.846236   4.859829  -0.740929 )	954.984589 0.846236 -4.859829 0.740929 0.081212 -0.116966 -0.081212 0.116966 
356	(  -0.846236   4.859829  -0.740929 )	954.984589 0.846236 -4.859829 0.740929 0.081212 -0.116966 -0.081212 0.116966 
357	(  -0.846236   4.859829  -0.740929 )	954.984589 0.846236 -4.859829 0.740929 0.081212 -0.116966 -0.081212 0.116966 
358	(  -0.846236   4.859829  -0.740929 )	954.984589 0.846236 -4.859829 0.740929 0.081212 -0.116966 -0.081212 0.116966 
359	(  -0.846236   4.859829  -0.740929 )	954.984589 0.846236 -4.859829 0.740929 0.081212 -0.116966 -0.081212 0.116966 
360	(  -0.846236   4.859829  -0.740929 )	954.984589 0.846236 -4.859829 0.740929 0.081212 -0.116966 -0.081212 0.116966 
361	(  -0.846236   4.859829  -0.740929 )	954.984589 0.846236 -4.859829 0.740929 0.081212 -0.116966 -0.081212 0.116966 
362	(  -0.846236   4.859829  -0.740929 )	954.984589 0.846236 -4.859829 0.740929 0.081212 -0.116966 -0.081212 0.116966 
363	(  -0.846236   4.859829  -0.740929 )	954.984589 0.846236 -4.859829 0.740929 0.081212 -0.116966 -0.081212 0.116966 
364	(  -0.846236   4.859829  -0.740929 )	954.984589 0.846236 -4.859829 0.740929 0.081212 -0.116966 -0.081212 0.116966 
365	(  -0.846236   4.859829  -0.740929 )	954.984589 0.846236 -4.859829 0.740929 0.081212 -0.116966 -0.081212 0.116966 
366	(  -0.846236   4.859829  -0.740929 )	954.984589 0.846236 -4.859829 0.740929 0.081212 -0.116966 -0.081212 0.116966 

BBE ( SOL ) BBO
367	(  -0.846236   4.859829  -0.740929 )	954.984589 0.846236 -4.859829 0.740929 0.081212 -0.116966 -0.081212 0.116966 
368	(  -0.846236   4.859829  -0.740929 )	954.984589 0.846236 -4.859829 0.740929 0.081212 -0.116966 -0.081212 0.116966 
369	(  -0.846236   4.859829  -0.740929 )	954.984589 0.846236 -4.859829 0.740929 0.081212 -0.116966 -0.081212 0.116966 
370	(  -0.846236   4.859829  -0.740929 )	954.984589 0.846236 -4.859829 0.740929 0.081212 -0.116966 -0.081212 0.116966 
371	(  -0.846236   4.859829  -0.740929 )	954.984589 0.846236 -4.859829 0.740929 0.081212 -0.116966 -0.081212 0.116966 
372	(  -0.846236   4.859829  -0.740929 )	954.984589 0.846236 -4.859829 0.740929 0.081212 -0.116966 -0.081212 0.116966 
373	(  -0.846236   4.859829  -0.740929 )	954.984589 0.846236 -4.859829 0.740929 0.081212 -0.116966 -0.081212 0.116966 
374	(  -0.846236   4.859829  -0.740929 )	954.984589 0.846236 -4.859829 0.740929 0.081212 -0.116966 -0.081212 0.116966 
375	(  -0.846236   4.859829  -0.740929 )	954.984589 0.846236 -4.859829 0.740929 0.081212 -0.116966 -0.081212 0.116966 
376	(  -0.846236   4.859829  -0.740929 )	954.984589 0.846236 -4.859829 0.740929 0.081212 -0.116966 -0.081212 0.116966 
377	(  -0.846236   4.859829  -0.740929 )	954.984589 0.846236 -4.859829 0.740929 0.081212 -0.116966 -0.081212 0.116966 
378	(  -0.846236   4.859829  -0.740929 )	954.984589 0.846236 -4.859829 0.740929 0.081212 -0.116966 -0.081212 0.116966 
379	(  -0.846236   4.859829  -0.740929 )	954.984589 0.846236 -4.859829 0.740929 0.081212 -0.116966 -0.081212 0.116966 
380	(  -0.846236   4.859829  -0.740929 )	954.984589 0.846236 -4.859829 0.740929 0.081212 -0.116966 -0.081212 0.116966 
381	(  -0.846236   4.859829  -0.740929 )	954.984589 0.846236 -4.859829 0.740929 0.081212 -0.116966 -0.081212 0.116966 
382	(  -0.846236   4.859829  -0.740929 )	954.984589 0.846236 -4.859829 0.740929 0.081212 -0.116966 -0.081212 0.116966 
383	(  -0.846236   4.859829  -0.740929 )	954.984589 0.846236 -4.859829 0.740929 0.081212 -0.116966 -0.081212 0.116966 
384	(  -0.846236   4.859829  -0.740929 )	954.984589 0.846236 -4.859829 0.740929 0.081212 -0.116966 -0.081212 0.116966 
385	(  -0.846236   4.859829  -0.740929 )	954.984589 0.846236 -4.859829 0.740929 0.081212 -0.116966 -0.081212 0.116966 
386	(  -0.846236   4.859829  -0.740929 )	954.984589 0.846236 -4.859829 0.740929 0.081212 -0.116966 -0.081212 0.116966 
387	(  -0.846236   4.859829  -0.740929 )	954.984589 0.846236 -4.859829 0.740929 0.081212 -0.116966 -0.081212 0.116966 
388	(  -0.846236   4.859829  -0.740929 )	954.984589 0.846236 -4.859829 0.740929 0.081212 -0.116966 -0.081212 0.116966 
389	(  -0.846236   4.859829  -0.740929 )	954.984589 0.846236 -4.859829 0.740929 0.081212 -0.116966 -0.081212 0.116966 
390	(  -0.846236   4.859829  -0.740929 )	954.984589 0.846236 -4.859829 0.740929 0.081212 -0.116966 -0.081212 0.116966 
391	(  -0.846236   4.859829  -0.740929 )	954.984589 0.846236 -4.859829 0.740929 0.081212 -0.116966 -0.081212 0.116966 
392	(  -0.846236   4.859829  -0.740929 )	954.984589 0.846236 -4.859829 0.740929 0.081212 -0.116966 -0.081212 0.116966 
393	(  -0.846236   4.859829  -0.740929 )	954.984589 0.846236 -4.859829 0.740929 0.081212 -0.116966 -0.081212 0.116966 
394	(  -0.846236   4.859829  -0.740929 )	954.984589 0.846236 -4.859829 0.740929 0.081212 -0.116966 -0.081212 0.116966 
395	(  -0.846236   4.859829  -0.740929 )	954.984589 0.846236 -4.859829 0.740929 0.081212 -0.116966 -0.081212 0.116966 
396	(  -0.846236   4.859829  -0.740929 )	954.984589 0.846236 -4.859829 0.740929 0.081212 -0.116966 -0.081212 0.116966 
397	(  -0.846236   4.859829  -0.740929 )	954.984589 0.846236 -4.859829 0.740929 0.081212 -0.116966 -0.081212 0.116966 
398	(  -0.846236   4.859829  -0.740929 )	954.984589 0.846236 -4.859829 0.740929 0.081212 -0.116966 -0.081212 0.116966 
399	(  -0.846236   4.859829  -0.740929 )	954.984589 0.846236 -4.859829 0.740929 0.081212 -0.116966 -0.081212 0.116966 
400	(  -0.846236   4.859829  -0.740929 )	954.984589 0.846236 -4.859829 0.740929 0.081212 -0.116966 -0.081212 0.116966 
401	(  -0.846236   4.859829  -0.740929 )	954.984589 0.846236 -4.859829 0.740929 0.081212 -0.116966 -0.081212 0.116966 
402	(  -0.846236   4.859829  -0.740929 )	954.984589 0.846236 -4.859829 0.740929 0.081212 -0.116966 -0.081212 0.116966 
403	(  -0.846236   4.859829  -0.740929 )	954.984589 0.846236 -4.859829 0.740929 0.081212 -0.116966 -0.081212 0.116966 
404	(  -0.846236   4.859829  -0.740929 )	954.984589 0.846236 -4.859829 0.740929 0.081212 -0.116966 -0.081212 0.116966 
405	(  -0.846236   4.859829  -0.740929 )	954.984589 0.846236 -4.859829 0.740929 0.081212 -0.116966 -0.081212 0.116966 
406	(  -0.846236   4.859829  -0.740929 )	954.984589 0.846236 -4.859829 0.740929 0.081212 -0.116966 -0.081212 0.116966 

BBE ( SOL ) BBO
407	(  -0.846236   4.859829  -0.740929 )	954.984589 0.846236 -4.859829 0.740929 0.081212 -0.116966 -0.081212 0.116966 
408	(  -0.846236   4.859829  -0.740929 )	954.984589 0.846236 -4.859829 0.740929 0.081212 -0.116966 -0.081212 0.116966 
409	(  -0.846236   4.859829  -0.740929 )	954.984589 0.846236 -4.859829 0.740929 0.081212 -0.116966 -0.081212 0.116966 
410	(  -0.846236   4.859829  -0.740929 )	954.984589 0.846236 -4.859829 0.740929 0.081212 -0.116966 -0.081212 0.116966 
411	(  -0.846236   4.859829  -0.740929 )	954.984589 0.846236 -4.859829 0.740929 0.081212 -0.116966 -0.081212 0.116966 
412	(  -0.846236   4.859829  -0.740929 )	954.984589 0.846236 -4.859829 0.740929 0.081212 -0.116966 -0.081212 0.116966 
413	(  -0.846236   4.859829  -0.740929 )	954.984589 0.846236 -4.859829 0.740929 0.081212 -0.116966 -0.081212 0.116966 
414	(  -0.846236   4.859829  -0.740929 )	954.984589 0.846236 -4.859829 0.740929 0.081212 -0.116966 -0.081212 0.116966 
415	(  -0.846236   4.859829  -0.740929 )	954.984589 0.846236 -4.859829 0.740929 0.081212 -0.116966 -0.081212 0.116966 
416	(  -0.846236   4.859829  -0.740929 )	954.984589 0.846236 -4.859829 0.740929 0.081212 -0.116966 -0.081212 0.116966 
417	(  -0.846236   4.859829  -0.740929 )	954.984589 0.846236 -4.859829 0.740929 0.081212 -0.116966 -0.081212 0.116966 
418	(  -0.846236   4.859829  -0.740929 )	954.984589 0.846236 -4.859829 0.740929 0.081212 -0.116966 -0.081212 0.116966 
419	(  -0.846236   4.859829  -0.740929 )	954.984589 0.846236 -4.859829 0.740929 0.081212 -0.116966 -0.081212 0.116966 
420	(  -0.846236   4.859829  -0.740929 )	954.984589 0.846236 -4.859829 0.740929 0.081212 -0.116966 -0.081212 0.116966 
A termination criterion is reached: No termination (all). Mesh minimum precision reached (Algo)

Best feasible solution:     Undefined.

Best infeasible solution:   #68016 ( -0.846236 4.85983 -0.740929 )	Evaluation OK	 f = 954.98458900000002814   	 h =   1.2853675848369998658 

Blackbox evaluations:         420
Total model evaluations:      65149
Cache hits:                   53
Total number of evaluations:  473
