1	(  -2.17      -8.86       7.65     )	777.143700 2.170000 8.860000 -7.650000 -143.850000 116.731000 143.850000 -116.731000 
2	(  -3.17      -7.86       8.65     )	794.073700 3.170000 7.860000 -8.650000 -130.850000 121.651000 130.850000 -121.651000 
3	(  -1.17      -7.86       7.65     )	816.303700 1.170000 7.860000 -7.650000 -121.850000 96.671000 121.850000 -96.671000 
4	(  -1.17      -8.86       8.65     )	766.563700 1.170000 8.860000 -8.650000 -128.850000 129.691000 128.850000 -129.691000 
5	(   1.83      -8.86      11.65     )	698.823700 -1.830000 8.860000 -11.650000 -83.850000 192.571000 83.850000 -192.571000 
6	(   0.83      -7.86       7.65     )	817.403700 -0.830000 7.860000 -7.650000 -105.850000 95.991000 105.850000 -95.991000 
7	(  -1.17      -6.86       7.65     )	846.913700 1.170000 6.860000 -7.650000 -107.850000 81.951000 107.850000 -81.951000 
8	(   1.83      -6.86       6.65     )	858.693700 -1.830000 6.860000 -6.650000 -90.850000 69.631000 90.850000 -69.631000 
9	(  -0.17      -7.86       7.65     )	817.853700 0.170000 7.860000 -7.650000 -113.850000 95.331000 113.850000 -95.331000 
10	(   2.83      -7.86       8.65     )	791.373700 -2.830000 7.860000 -8.650000 -82.850000 119.611000 82.850000 -119.611000 
11	(  -0.17      -5.86       8.65     )	856.943700 0.170000 5.860000 -8.650000 -78.850000 84.191000 78.850000 -84.191000 
12	(   3.83      -5.86       6.65     )	869.403700 -3.830000 5.860000 -6.650000 -60.850000 68.231000 60.850000 -68.231000 
13	(   0.83      -5.86       4.65     )	910.013700 -0.830000 5.860000 -4.650000 -98.850000 31.651000 98.850000 -31.651000 
14	(  -2.17      -2.86      -1.35     )	967.973700 2.170000 2.860000 1.350000 -122.850000 -10.289000 122.850000 10.289000 
15	(   3.83      -5.86       4.65     )	899.663700 -3.830000 5.860000 -4.650000 -74.850000 45.631000 74.850000 -45.631000 
16	(  12.83      -5.86       4.65     )	760.613700 -12.830000 5.860000 -4.650000 -2.850000 195.571000 2.850000 -195.571000 
17	(   4.83      -5.86       4.65     )	892.213700 -4.830000 5.860000 -4.650000 -66.850000 54.291000 66.850000 -54.291000 
18	(   7.83      -5.86       4.65     )	857.863700 -7.830000 5.860000 -4.650000 -42.850000 92.271000 42.850000 -92.271000 
19	(   6.83      -4.86       3.65     )	901.053700 -6.830000 4.860000 -3.650000 -43.850000 58.591000 43.850000 -58.591000 
20	(   5.83      -5.86       4.65     )	882.763700 -5.830000 5.860000 -4.650000 -58.850000 64.951000 58.850000 -64.951000 
21	(   6.83      -4.86       1.65     )	925.313700 -6.830000 4.860000 -1.650000 -57.850000 47.991000 57.850000 -47.991000 
22	(   4.83      -5.86       5.65     )	877.083700 -4.830000 5.860000 -5.650000 -59.850000 64.591000 59.850000 -64.591000 
23	(   5.83      -4.86       2.65     )	924.633700 -5.830000 4.860000 -2.650000 -58.850000 39.631000 58.850000 -39.631000 
24	(   5.83      -5.86       3.65     )	896.893700 -5.830000 5.860000 -3.650000 -65.850000 56.651000 65.850000 -56.651000 
25	(   7.83      -4.86       2.65     )	901.733700 -7.830000 4.860000 -2.650000 -42.850000 66.951000 42.850000 -66.951000 
26	(  15.83      -4.86       1.65     )	750.263700 -15.830000 4.860000 -1.650000 14.150000 251.931000 -14.150000 -251.931000 

BBE ( SOL ) BBO
27	(   8.83      -4.86       4.65     )	855.023700 -8.830000 4.860000 -4.650000 -20.850000 98.211000 20.850000 -98.211000 
28	(   2.83      -3.86       2.65     )	958.593700 -2.830000 3.860000 -2.650000 -68.850000 4.931000 68.850000 -4.931000 
29	(  -6.17      -0.86       2.65     )	964.473700 6.170000 0.860000 -2.650000 -98.850000 20.831000 98.850000 -20.831000 
30	(   4.83      -2.86       4.65     )	930.043700 -4.830000 2.860000 -4.650000 -24.850000 28.131000 24.850000 -28.131000 
31	(  10.83       0.14      10.65     )	652.393700 -10.830000 -0.140000 -10.650000 107.150000 205.731000 -107.150000 -205.731000 
32	(   3.83       0.14       3.65     )	957.453700 -3.830000 -0.140000 -3.650000 2.150000 3.011000 -2.150000 -3.011000 
33	(   1.83       0.14       4.65     )	966.223700 -1.830000 -0.140000 -4.650000 -6.850000 -0.009000 6.850000 0.009000 
34	(   2.83      -0.86       4.65     )	958.163700 -2.830000 0.860000 -4.650000 -12.850000 5.371000 12.850000 -5.371000 
35	(   3.83       2.14       5.65     )	914.413700 -3.830000 -2.140000 -5.650000 44.150000 26.171000 -44.150000 -26.171000 
36	(   3.83       1.14       5.65     )	924.803700 -3.830000 -1.140000 -5.650000 30.150000 22.891000 -30.150000 -22.891000 
37	(   2.83      -2.86       2.65     )	969.203700 -2.830000 2.860000 -2.650000 -54.850000 -1.789000 54.850000 1.789000 
38	(   3.83       0.14       4.65     )	945.323700 -3.830000 -0.140000 -4.650000 9.150000 11.311000 -9.150000 -11.311000 
39	(   1.83       3.14       3.65     )	951.183700 -1.830000 -3.140000 -3.650000 28.150000 1.531000 -28.150000 -1.531000 
40	(   3.83      -1.86       4.65     )	946.103700 -3.830000 1.860000 -4.650000 -18.850000 14.751000 18.850000 -14.751000 
41	(  23.83       0.14       3.65     )	328.453700 -23.830000 -0.140000 -3.650000 162.150000 556.211000 -162.150000 -556.211000 
42	(   2.83      -1.86       6.65     )	927.293700 -2.830000 1.860000 -6.650000 -12.850000 30.691000 12.850000 -30.691000 
43	(   1.83      -0.86      -1.35     )	997.393700 -1.830000 0.860000 1.350000 -62.850000 -19.089000 62.850000 19.089000 
44	( -13.17       3.14       5.65     )	890.673700 13.170000 -3.140000 -5.650000 -77.850000 190.231000 77.850000 -190.231000 
45	(   0.83       9.14       0.65     )	823.683700 -0.830000 -9.140000 -0.650000 83.150000 59.651000 -83.150000 -59.651000 
46	(   1.83       1.14       4.65     )	961.833700 -1.830000 -1.140000 -4.650000 7.150000 1.271000 -7.150000 -1.271000 
47	(   1.83       2.14       3.65     )	963.573700 -1.830000 -2.140000 -3.650000 14.150000 -3.749000 -14.150000 3.749000 
48	(   2.83       0.14       4.65     )	956.773700 -2.830000 -0.140000 -4.650000 1.150000 4.651000 -1.150000 -4.651000 
49	(   3.83      -0.86       3.65     )	959.843700 -3.830000 0.860000 -3.650000 -11.850000 3.731000 11.850000 -3.731000 
50	(   2.83       1.14       4.65     )	951.383700 -2.830000 -1.140000 -4.650000 15.150000 5.931000 -15.150000 -5.931000 
51	(  22.83       2.14       8.65     )	148.473700 -22.830000 -2.140000 -8.650000 217.150000 575.611000 -217.150000 -575.611000 
52	(  18.83       0.14      -1.35     )	666.353700 -18.830000 -0.140000 1.350000 87.150000 331.411000 -87.150000 -331.411000 
53	(  17.83      -1.86       5.65     )	575.673700 -17.830000 1.860000 -5.650000 100.150000 328.291000 -100.150000 -328.291000 
54	(  -7.17       0.14       1.65     )	958.663700 7.170000 -0.140000 -1.650000 -99.850000 29.151000 99.850000 -29.151000 
55	(  -0.17       1.14       4.65     )	976.733700 0.170000 -1.140000 -4.650000 -8.850000 -2.049000 8.850000 2.049000 
56	(  13.83       0.14       3.65     )	742.953700 -13.830000 -0.140000 -3.650000 82.150000 179.611000 -82.150000 -179.611000 
57	(   5.83      -0.86       3.65     )	934.943700 -5.830000 0.860000 -3.650000 4.150000 23.051000 -4.150000 -23.051000 
58	(   5.83       0.14       1.65     )	952.813700 -5.830000 -0.140000 -1.650000 4.150000 11.731000 -4.150000 -11.731000 
59	(   2.83       0.14       3.65     )	967.903700 -2.830000 -0.140000 -3.650000 -5.850000 -3.649000 5.850000 3.649000 
60	(   3.83       0.21       3.65     )	957.136600 -3.830000 -0.210000 -3.650000 3.130000 3.035500 -3.130000 -3.035500 
61	(   4.83       0.19       3.65     )	944.729200 -4.830000 -0.190000 -3.650000 10.850000 11.687500 -10.850000 -11.687500 
62	(   2.83       0.15       4.65     )	956.739600 -2.830000 -0.150000 -4.650000 1.290000 4.653900 -1.290000 -4.653900 
63	(   5.83       0.4        4.65     )	914.627100 -5.830000 -0.400000 -4.650000 28.790000 30.771400 -28.790000 -30.771400 
64	(   6.83       0.64       2.65     )	923.038700 -6.830000 -0.640000 -2.650000 26.150000 29.081000 -26.150000 -29.081000 
65	(   8.83      -0.17       3.65     )	877.922400 -8.830000 0.170000 -3.650000 37.810000 66.320300 -37.810000 -66.320300 
66	(  -3.17      -0.34       3.65     )	986.890100 3.170000 0.340000 -3.650000 -60.570000 -1.513000 60.570000 1.513000 

BBE ( SOL ) BBO
67	(   3.83       0.23       3.65     )	957.042400 -3.830000 -0.230000 -3.650000 3.410000 3.044300 -3.410000 -3.044300 
68	(   4.83       0.19       3.32     )	948.623200 -4.830000 -0.190000 -3.320000 8.540000 9.387400 -8.540000 -9.387400 
69	(   2.83       0.15       4.32     )	960.633600 -2.830000 -0.150000 -4.320000 -1.020000 1.693800 1.020000 -1.693800 
70	(   3.83       0.19       3.1      )	963.048200 -3.830000 -0.190000 -3.100000 -1.000000 -0.685000 1.000000 0.685000 
71	(   3.83       0.18       3.49     )	959.030100 -3.830000 -0.180000 -3.490000 1.590000 1.881400 -1.590000 -1.881400 
72	(   2.83       0.11       3.73     )	967.186800 -2.830000 -0.110000 -3.730000 -5.710000 -3.066100 5.710000 3.066100 
73	(   3.83       0.19       3.67     )	957.006200 -3.830000 -0.190000 -3.670000 2.990000 3.173900 -2.990000 -3.173900 
74	(   5.83       0.2        2.86     )	939.911700 -5.830000 -0.200000 -2.860000 13.460000 17.208500 -13.460000 -17.208500 
75	(   2.83       0.25       2.6      )	977.040600 -2.830000 -0.250000 -2.600000 -11.660000 -10.168600 11.660000 10.168600 
76	(   3.83       0.39       3.23     )	960.729400 -3.830000 -0.390000 -3.230000 2.710000 0.253900 -2.710000 -0.253900 
77	(   3.83       0.18       3.14     )	962.691100 -3.830000 -0.180000 -3.140000 -0.860000 -0.439100 0.860000 0.439100 
78	(   3.83       0.15       3.26     )	961.598200 -3.830000 -0.150000 -3.260000 -0.440000 0.319000 0.440000 -0.319000 
79	(   3.83       0.06       3.26     )	961.980700 -3.830000 -0.060000 -3.260000 -1.700000 0.300100 1.700000 -0.300100 
80	(   3.83       0.22       3.26     )	961.278300 -3.830000 -0.220000 -3.260000 0.540000 0.344900 -0.540000 -0.344900 
81	(   4.83       0.22       2.26     )	959.488300 -4.830000 -0.220000 -2.260000 1.540000 3.484900 -1.540000 -3.484900 
82	(   3.83       0.17       4.26     )	950.158800 -3.830000 -0.170000 -4.260000 6.840000 7.845400 -6.840000 -7.845400 
83	(   5.83       0.18       3.26     )	935.263500 -5.830000 -0.180000 -3.260000 15.980000 19.648900 -15.980000 -19.648900 
84	(   3.83      -0.35       4.26     )	951.963200 -3.830000 0.350000 -4.260000 -0.440000 7.939000 0.440000 -7.939000 
85	(   3.83       0.46       4.26     )	948.682700 -3.830000 -0.460000 -4.260000 10.900000 8.028100 -10.900000 -8.028100 
86	(   3.83       0.17       3.26     )	961.508800 -3.830000 -0.170000 -3.260000 -0.160000 0.325400 0.160000 -0.325400 
87	(   4.83       0.17       2.26     )	959.768800 -4.830000 -0.170000 -2.260000 0.840000 3.465400 -0.840000 -3.465400 
88	(   4.83       1.17       3.26     )	941.908800 -4.830000 -1.170000 -3.260000 21.840000 10.325400 -21.840000 -10.325400 
89	(   4.83      -0.83       4.26     )	940.578800 -4.830000 0.830000 -4.260000 0.840000 17.165400 -0.840000 -17.165400 
90	(   5.83       0.17       2.26     )	946.678800 -5.830000 -0.170000 -2.260000 8.840000 14.125400 -8.840000 -14.125400 
91	(   1.83       0.17       3.26     )	979.688800 -1.830000 -0.170000 -3.260000 -16.160000 -10.994600 16.160000 10.994600 
92	(   3.83       0.23       3.26     )	961.231000 -3.830000 -0.230000 -3.260000 0.680000 0.349400 -0.680000 -0.349400 
93	(   3.83       0.21       3.28     )	961.117800 -3.830000 -0.210000 -3.280000 0.540000 0.471400 -0.540000 -0.471400 
94	(   4.83       0.2        2.21     )	960.066700 -4.830000 -0.200000 -2.210000 0.910000 3.253000 -0.910000 -3.253000 
95	(   3.83       0.16       3.79     )	955.787300 -3.830000 -0.160000 -3.790000 3.410000 4.058600 -3.410000 -4.058600 
96	(   3.83       0.27       3.76     )	955.612800 -3.830000 -0.270000 -3.760000 4.740000 3.879400 -4.740000 -3.879400 
97	(   3.83       0.67       3.2      )	959.371200 -3.830000 -0.670000 -3.200000 6.420000 0.357800 -6.420000 -0.357800 
98	(   4.83       0.11       3.49     )	947.078800 -4.830000 -0.110000 -3.490000 8.610000 10.521100 -8.610000 -10.521100 
99	(   3.83       0.16       3.25     )	961.657100 -3.830000 -0.160000 -3.250000 -0.370000 0.257000 0.370000 -0.257000 
100	(   3.61       0.21       3.45     )	961.764600 -3.610000 -0.210000 -3.450000 -0.030000 -0.021300 0.030000 0.021300 
101	(   3.68       0.21       3.38     )	961.733800 -3.680000 -0.210000 -3.380000 0.040000 0.010900 -0.040000 -0.010900 
102	(   3.72       0.2        3.35     )	961.653100 -3.720000 -0.200000 -3.350000 0.010000 0.100900 -0.010000 -0.100900 
103	(   3.58       0.23       3.48     )	961.685600 -3.580000 -0.230000 -3.480000 0.220000 -0.020300 -0.220000 0.020300 
104	(   3.65       0.22       3.42     )	961.598300 -3.650000 -0.220000 -3.420000 0.220000 0.067300 -0.220000 -0.067300 
105	(   3.42       0.26       3.61     )	961.900900 -3.420000 -0.260000 -3.610000 0.270000 -0.203900 -0.270000 0.203900 
106	(   3.73       0.19       3.35     )	961.588200 -3.730000 -0.190000 -3.350000 -0.050000 0.171500 0.050000 -0.171500 

BBE ( SOL ) BBO
107	(   3.77       0.18       3.31     )	961.608900 -3.770000 -0.180000 -3.310000 -0.150000 0.201400 0.150000 -0.201400 
108	(   3.63       0.22       3.44     )	961.606900 -3.630000 -0.220000 -3.440000 0.200000 0.058900 -0.200000 -0.058900 
109	(   3.72       0.19       3.35     )	961.698100 -3.720000 -0.190000 -3.350000 -0.130000 0.097000 0.130000 -0.097000 
110	(   3.7        0.2        3.37     )	961.664100 -3.700000 -0.200000 -3.370000 -0.010000 0.086900 0.010000 -0.086900 
111	(   3.62       0.35       3.65     )	958.848100 -3.620000 -0.350000 -3.650000 3.410000 1.549400 -3.410000 -1.549400 
112	(   4.11       0.09       3.52     )	955.864200 -4.110000 -0.090000 -3.520000 2.780000 4.290600 -2.780000 -4.290600 
113	(   4.03       0.41       3.31     )	957.475200 -4.030000 -0.410000 -3.310000 5.150000 2.365100 -5.150000 -2.365100 
114	(   3.6        0.21       3.45     )	961.873300 -3.600000 -0.210000 -3.450000 -0.110000 -0.093400 0.110000 0.093400 
115	(   2.95       0.33       4.02     )	962.086800 -2.950000 -0.330000 -4.020000 0.360000 -0.028200 -0.360000 0.028200 
116	(   3.47       0.22       3.6      )	961.646900 -3.470000 -0.220000 -3.600000 0.040000 0.049300 -0.040000 -0.049300 
117	(   3.47       0.23       3.58     )	961.816200 -3.470000 -0.230000 -3.580000 0.040000 -0.089800 -0.040000 0.089800 
118	(   3.64       0.21       3.42     )	961.752600 -3.640000 -0.210000 -3.420000 0.000000 -0.009900 -0.000000 0.009900 
119	(   3.73       0.21       3.33     )	961.705800 -3.730000 -0.210000 -3.330000 0.090000 0.045900 -0.090000 -0.045900 
120	(   3.12       0.27       3.9      )	961.899400 -3.120000 -0.270000 -3.900000 0.040000 0.017300 -0.040000 -0.017300 
121	(   3.44       0.24       3.58     )	962.094000 -3.440000 -0.240000 -3.580000 -0.060000 -0.292400 0.060000 0.292400 
122	(   3.46       0.23       3.6      )	961.710800 -3.460000 -0.230000 -3.600000 0.100000 -0.015500 -0.100000 0.015500 
123	(   4.14       0.22       3.47     )	955.446100 -4.140000 -0.220000 -3.470000 4.490000 4.228900 -4.490000 -4.228900 
124	(   3.66       0.41       3.02     )	964.594000 -3.660000 -0.410000 -3.020000 0.160000 -2.315900 -0.160000 2.315900 
125	(   3.7        0.05       2.92     )	966.789600 -3.700000 -0.050000 -2.920000 -5.260000 -2.781100 5.260000 2.781100 
126	(   3.35       0.18       3.89     )	959.946100 -3.350000 -0.180000 -3.890000 0.550000 1.387000 -0.550000 -1.387000 
127	(   3.84       0.27       3.29     )	960.614100 -3.840000 -0.270000 -3.290000 1.530000 0.642600 -1.530000 -0.642600 
128	(   3.75       0.22       3.62     )	958.336300 -3.750000 -0.220000 -3.620000 2.420000 2.215300 -2.420000 -2.215300 
129	(   3.53       0.31       3.45     )	962.171600 -3.530000 -0.310000 -3.450000 0.730000 -0.540500 -0.730000 0.540500 
130	(   3.65       0.209      3.42     )	961.647888 -3.650000 -0.209000 -3.420000 0.066000 0.062581 -0.066000 -0.062581 
131	(   3.46       0.225      3.6      )	961.732650 -3.460000 -0.225000 -3.600000 0.030000 -0.017775 -0.030000 0.017775 
132	(   4.02       0.16       3.08     )	961.277200 -4.020000 -0.160000 -3.080000 -0.040000 0.672400 0.040000 -0.672400 
133	(   3.35       0.2425     3.7      )	961.762513 -3.350000 -0.242500 -3.700000 0.095000 -0.028694 -0.095000 0.028694 
134	(   3.74       0.2153     3.38     )	961.048870 -3.740000 -0.215300 -3.380000 0.594200 0.458354 -0.594200 -0.458354 
135	(   3.65       0.26       3.47     )	960.886900 -3.650000 -0.260000 -3.470000 1.130000 0.431000 -1.130000 -0.431000 
136	(   3.59       0.2394     3.32     )	963.196629 -3.590000 -0.239400 -3.320000 -0.688400 -1.032188 0.688400 1.032188 
137	(   3.64       0.2092     3.42     )	961.756183 -3.640000 -0.209200 -3.420000 -0.011200 -0.010235 0.011200 0.010235 
138	(   3.6374     0.2094     3.4243   )	961.738574 -3.637400 -0.209400 -3.424300 0.000900 0.000358 -0.000900 -0.000358 
139	(   3.6296     0.2076     3.4372   )	961.696298 -3.629600 -0.207600 -3.437200 0.003600 0.031438 -0.003600 -0.031438 
140	(   3.6639     0.2084     3.3959   )	961.751044 -3.663900 -0.208400 -3.395900 0.000100 -0.000269 -0.000100 0.000269 
141	(   3.6542     0.2093     3.4068   )	961.738971 -3.654200 -0.209300 -3.406800 0.011400 0.003270 -0.011400 -0.003270 
142	(   3.6507     0.2093     3.4101   )	961.742651 -3.650700 -0.209300 -3.410100 0.006500 0.000199 -0.006500 -0.000199 
143	(   3.7139     0.2122     3.3927   )	961.218238 -3.713900 -0.212200 -3.392700 0.430900 0.348495 -0.430900 -0.348495 
144	(   3.6759     0.1884     3.4338   )	961.310943 -3.675900 -0.188400 -3.433800 0.081400 0.338718 -0.081400 -0.338718 
145	(   3.66       0.2232     3.4459   )	961.201631 -3.660000 -0.223200 -3.445900 0.526100 0.319645 -0.526100 -0.319645 
146	(   3.6631     0.2087     3.3945   )	961.773075 -3.663100 -0.208700 -3.394500 -0.011900 -0.015512 0.011900 0.015512 

BBE ( SOL ) BBO
147	(   3.7434     0.2054     3.3107   )	961.779675 -3.743400 -0.205400 -3.310700 -0.002300 0.015967 0.002300 -0.015967 
148	(   3.7061     0.2073     3.3499   )	961.773707 -3.706100 -0.207300 -3.349900 0.000300 -0.000019 -0.000300 0.000019 
149	(   3.6876     0.2074     3.37     )	961.766656 -3.687600 -0.207400 -3.370000 -0.005600 -0.001691 0.005600 0.001691 
150	(   3.6784     0.2079     3.38     )	961.760797 -3.678400 -0.207900 -3.380000 -0.002200 -0.001751 0.002200 0.001751 
151	(   3.7139     0.2078     3.3843   )	961.326398 -3.713900 -0.207800 -3.384300 0.310500 0.289721 -0.310500 -0.289721 
152	(   3.6653     0.1884     3.4078   )	961.700334 -3.665300 -0.188400 -3.407800 -0.185400 0.083019 0.185400 -0.083019 
153	(   3.6519     0.2035     3.3459   )	962.423701 -3.651900 -0.203500 -3.345900 -0.514500 -0.427167 0.514500 0.427167 
154	(   3.6626     0.2087     3.3966   )	961.756587 -3.662600 -0.208700 -3.396600 -0.001200 -0.004914 0.001200 0.004914 
155	(   3.6736     0.2081     3.3854   )	961.756037 -3.673600 -0.208100 -3.385400 0.000000 -0.000424 -0.000000 0.000424 
156	(   3.725      0.2065     3.3298   )	961.778805 -3.725000 -0.206500 -3.329800 -0.000400 0.005835 0.000400 -0.005835 
157	(   3.6593     0.2087     3.4007   )	961.749774 -3.659300 -0.208700 -3.400700 0.001100 -0.001207 -0.001100 0.001207 
158	(   3.6839     0.2039     3.3855   )	961.661129 -3.683900 -0.203900 -3.385500 0.024300 0.074305 -0.024300 -0.074305 
159	(   3.6557     0.2109     3.3759   )	962.037934 -3.655700 -0.210900 -3.375900 -0.170500 -0.194678 0.170500 0.194678 
160	(   3.6544     0.1984     3.3948   )	961.910978 -3.654400 -0.198400 -3.394800 -0.223600 -0.081331 0.223600 0.081331 
161	(   3.6639     0.2085     3.3962   )	961.747458 -3.663900 -0.208500 -3.396200 0.003600 0.001810 -0.003600 -0.001810 
162	(   3.6521     0.208751   3.4087   )	961.744483 -3.652100 -0.208751 -3.408700 0.000214 0.000647 -0.000214 -0.000647 
163	(   3.7103     0.207116   3.3454   )	961.775279 -3.710300 -0.207116 -3.345400 -0.000176 0.000924 0.000176 -0.000924 
164	(   3.6667     0.208342   3.3929   )	961.752054 -3.666700 -0.208342 -3.392900 0.000688 -0.000134 -0.000688 0.000134 
165	(   3.6739     0.208721   3.3963   )	961.635990 -3.673900 -0.208721 -3.396300 0.087394 0.075959 -0.087394 -0.075959 
166	(   3.6632     0.210838   3.4059   )	961.643071 -3.663200 -0.210838 -3.405900 0.098632 0.063642 -0.098632 -0.063642 
167	(   3.6643     0.2034     3.4008   )	961.717852 -3.664300 -0.203400 -3.400800 -0.032400 0.033907 0.032400 -0.033907 
168	(   3.6638     0.208498   3.3957   )	961.753788 -3.663800 -0.208498 -3.395700 -0.000728 -0.002320 0.000728 0.002320 
169	(   3.659345   0.208563   3.400794 )	961.748915 -3.659345 -0.208563 -3.400794 0.000200 -0.000296 -0.000200 0.000296 
170	(   3.67913    0.207958   3.379363 )	961.759198 -3.679130 -0.207958 -3.379363 -0.000009 -0.000664 0.000009 0.000664 
171	(   3.658858   0.208553   3.401366 )	961.748301 -3.658858 -0.208553 -3.401366 0.000166 0.000025 -0.000166 -0.000025 
172	(   3.643758   0.209012   3.417766 )	961.739433 -3.643758 -0.209012 -3.417766 0.000592 0.001781 -0.000592 -0.001781 
173	(   3.646258   0.209006   3.414866 )	961.742557 -3.646258 -0.209006 -3.414866 0.000208 0.000188 -0.000208 -0.000188 
174	(   3.606558   0.210006   3.458166 )	961.716151 -3.606558 -0.210006 -3.458166 -0.000292 0.010273 0.000292 -0.010273 
175	(   3.681258   0.207977   3.376966 )	961.760835 -3.681258 -0.207977 -3.376966 0.000502 -0.001188 -0.000502 0.001188 
176	(   3.648858   0.208594   3.408866 )	961.778851 -3.648858 -0.208594 -3.408866 -0.026760 -0.021959 0.026760 0.021959 
177	(   3.663158   0.206553   3.407466 )	961.646402 -3.663158 -0.206553 -3.407466 0.049266 0.072213 -0.049266 -0.072213 
178	(   3.666558   0.210438   3.411366 )	961.550815 -3.666558 -0.210438 -3.411366 0.158156 0.125347 -0.158156 -0.125347 
179	(   3.659258   0.208564   3.400766 )	961.750157 -3.659258 -0.208564 -3.400766 -0.000680 -0.001125 0.000680 0.001125 
180	(   3.643732   0.209012   3.417763 )	961.739749 -3.643732 -0.209012 -3.417763 0.000363 0.001571 -0.000363 -0.001571 
181	(   3.666691   0.20828    3.392906 )	961.752375 -3.666691 -0.208280 -3.392906 -0.000215 -0.000190 0.000215 0.000190 
182	(   3.650638   0.208826   3.410191 )	961.744504 -3.650638 -0.208826 -3.410191 0.000003 0.000167 -0.000003 -0.000167 
183	(   3.644007   0.209039   3.417337 )	961.741090 -3.644007 -0.209039 -3.417337 -0.000041 0.000674 0.000041 -0.000674 
184	(   3.625938   0.209645   3.436691 )	961.732441 -3.625938 -0.209645 -3.436691 -0.000631 0.002221 0.000631 -0.002221 
185	(   3.652138   0.208781   3.408491 )	961.746124 -3.652138 -0.208781 -3.408491 -0.000527 -0.000489 0.000527 0.000489 
186	(   3.637138   0.20931    3.424691 )	961.737737 -3.637138 -0.209310 -3.424691 0.000279 0.001090 -0.000279 -0.001090 

BBE ( SOL ) BBO
187	(   3.659338   0.208537   3.400891 )	961.748096 -3.659338 -0.208537 -3.400891 0.000457 0.000300 -0.000457 -0.000300 
188	(   3.660638   0.209394   3.410191 )	961.632647 -3.660638 -0.209394 -3.410191 0.087955 0.073517 -0.087955 -0.073517 
189	(   3.653438   0.206826   3.410091 )	961.723937 -3.653438 -0.206826 -3.410091 -0.006297 0.019105 0.006297 -0.019105 
190	(   3.650638   0.208807   3.420191 )	961.639779 -3.650638 -0.208807 -3.420191 0.069737 0.068463 -0.069737 -0.068463 
191	(   3.650438   0.208908   3.410091 )	961.747368 -3.650438 -0.208908 -3.410091 -0.001149 -0.001941 0.001149 0.001941 
192	(   3.625977   0.209645   3.436667 )	961.732264 -3.625977 -0.209645 -3.436667 -0.000484 0.002341 0.000484 -0.002341 
193	(   3.658638   0.20855    3.4016   )	961.748265 -3.658638 -0.208550 -3.401600 0.000005 0.000009 -0.000005 -0.000009 
194	(   3.665831   0.20828    3.393906 )	961.751317 -3.665831 -0.208280 -3.393906 -0.000089 0.000296 0.000089 -0.000296 
195	(   3.651151   0.208824   3.409626 )	961.744822 -3.651151 -0.208824 -3.409626 0.000128 0.000063 -0.000128 -0.000063 
196	(   3.660255   0.208201   3.4066   )	961.679819 -3.660255 -0.208201 -3.406600 0.043055 0.045739 -0.043055 -0.045739 
197	(   3.656806   0.20955    3.403936 )	961.739348 -3.656806 -0.209550 -3.403936 0.015701 0.002923 -0.015701 -0.002923 
198	(   3.663638   0.208995   3.400759 )	961.700403 -3.663638 -0.208995 -3.400759 0.040348 0.031085 -0.040348 -0.031085 
199	(   3.658589   0.208539   3.401531 )	961.749574 -3.658589 -0.208539 -3.401531 -0.001025 -0.000825 0.001025 0.000825 
200	(   3.682638   0.207722   3.375828 )	961.758748 -3.682638 -0.207722 -3.375828 0.000008 0.001186 -0.000008 -0.001186 
201	(   3.658682   0.208549   3.401551 )	961.748305 -3.658682 -0.208549 -3.401551 -0.000002 -0.000005 0.000002 0.000005 
202	(   3.661676   0.208456   3.398327 )	961.749719 -3.661676 -0.208456 -3.398327 0.000085 -0.000045 -0.000085 0.000045 
203	(   3.653397   0.208733   3.407225 )	961.745838 -3.653397 -0.208733 -3.407225 0.000014 0.000062 -0.000014 -0.000062 
204	(   3.659959   0.207549   3.399727 )	961.757922 -3.659959 -0.207549 -3.399727 -0.016554 -0.003481 0.016554 0.003481 
205	(   3.656733   0.208085   3.406551 )	961.719358 -3.656733 -0.208085 -3.406551 0.012910 0.019585 -0.012910 -0.019585 
206	(   3.653682   0.208452   3.399377 )	961.826081 -3.653682 -0.208452 -3.399377 -0.056578 -0.051392 0.056578 0.051392 
207	(   3.658738   0.208565   3.401541 )	961.747722 -3.658738 -0.208565 -3.401541 0.000602 0.000346 -0.000602 -0.000346 
208	(   3.658813   0.208546   3.401404 )	961.748423 -3.658813 -0.208546 -3.401404 -0.000024 -0.000046 0.000024 0.000046 
209	(   3.659066   0.208535   3.401139 )	961.748480 -3.659066 -0.208535 -3.401139 -0.000009 -0.000003 0.000009 0.000003 
210	(   3.664193   0.208356   3.395635 )	961.750807 -3.664193 -0.208356 -3.395635 -0.000025 0.000061 0.000025 -0.000061 
211	(   3.656096   0.208639   3.404328 )	961.747097 -3.656096 -0.208639 -3.404328 0.000011 0.000018 -0.000011 -0.000018 
212	(   3.663682   0.208551   3.401479 )	961.694387 -3.663682 -0.208551 -3.401479 0.039522 0.036118 -0.039522 -0.036118 
213	(   3.658691   0.209549   3.402853 )	961.730088 -3.658691 -0.209549 -3.402853 0.023184 0.009338 -0.023184 -0.009338 
214	(   3.658608   0.208809   3.396551 )	961.800229 -3.658608 -0.208809 -3.396551 -0.031954 -0.034428 0.031954 0.034428 
215	(   3.658632   0.208536   3.401589 )	961.748508 -3.658632 -0.208536 -3.401589 -0.000315 -0.000115 0.000315 0.000115 
216	(   3.65889    0.208541   3.40133  )	961.748376 -3.658890 -0.208541 -3.401330 0.000009 0.000012 -0.000009 -0.000012 
217	(   3.6587     0.208548   3.40153  )	961.748329 -3.658700 -0.208548 -3.401530 -0.000016 -0.000014 0.000016 0.000014 
218	(   3.658843   0.208543   3.40138  )	961.748359 -3.658843 -0.208543 -3.401380 0.000007 0.000009 -0.000007 -0.000009 
219	(   3.657619   0.208691   3.403551 )	961.738356 -3.657619 -0.208691 -3.403551 0.007483 0.005887 -0.007483 -0.005887 
220	(   3.659189   0.209049   3.401252 )	961.743645 -3.659189 -0.209049 -3.401252 0.008961 0.001880 -0.008961 -0.001880 
221	(   3.660682   0.208465   3.402709 )	961.714703 -3.660682 -0.208465 -3.402709 0.022933 0.022478 -0.022933 -0.022478 
222	(   3.658667   0.208543   3.401523 )	961.748783 -3.658667 -0.208543 -3.401523 -0.000393 -0.000305 0.000393 0.000305 
223	(   3.658675   0.208549   3.401558 )	961.748305 -3.658675 -0.208549 -3.401558 -0.000007 -0.000006 0.000007 0.000006 
224	(   3.658977   0.208539   3.401232 )	961.748461 -3.658977 -0.208539 -3.401232 -0.000017 -0.000018 0.000017 0.000018 
225	(   3.658723   0.208547   3.401508 )	961.748314 -3.658723 -0.208547 -3.401508 -0.000000 0.000002 0.000000 -0.000002 
226	(   3.658572   0.208567   3.402508 )	961.739414 -3.658572 -0.208567 -3.402508 0.006064 0.005709 -0.006064 -0.005709 

BBE ( SOL ) BBO
227	(   3.65882    0.208347   3.40162  )	961.746981 -3.658820 -0.208347 -3.401620 -0.001240 0.001391 0.001240 -0.001391 
228	(   3.659723   0.20857    3.401648 )	961.735820 -3.659723 -0.208570 -3.401648 0.009295 0.008282 -0.009295 -0.008282 
229	(   3.658707   0.208561   3.401489 )	961.748622 -3.658707 -0.208561 -3.401489 -0.000061 -0.000236 0.000061 0.000236 
230	(   3.658846   0.208542   3.401379 )	961.748343 -3.658846 -0.208542 -3.401379 0.000004 0.000023 -0.000004 -0.000023 
231	(   3.658591   0.208552   3.40165  )	961.748255 -3.658591 -0.208552 -3.401650 0.000001 0.000001 -0.000001 -0.000001 
232	(   3.658195   0.208566   3.402074 )	961.748078 -3.658195 -0.208566 -3.402074 0.000004 -0.000003 -0.000004 0.000003 
233	(   3.658345   0.20856    3.401914 )	961.748140 -3.658345 -0.208560 -3.401914 0.000002 0.000002 -0.000002 -0.000002 
234	(   3.658424   0.208557   3.40183  )	961.748169 -3.658424 -0.208557 -3.401830 0.000003 0.000008 -0.000003 -0.000008 
235	(   3.658617   0.208551   3.401621 )	961.748271 -3.658617 -0.208551 -3.401621 -0.000001 -0.000002 0.000001 0.000002 
236	(   3.660591   0.208542   3.401571 )	961.727270 -3.660591 -0.208542 -3.401571 0.015303 0.014097 -0.015303 -0.014097 
237	(   3.658509   0.208352   3.402189 )	961.744410 -3.658509 -0.208352 -3.402189 0.000318 0.002985 -0.000318 -0.002985 
238	(   3.658484   0.208498   3.39965  )	961.770584 -3.658484 -0.208498 -3.399650 -0.015604 -0.014407 0.015604 0.014407 
239	(   3.658548   0.208555   3.401666 )	961.748536 -3.658548 -0.208555 -3.401666 -0.000186 -0.000198 0.000186 0.000198 
240	(   3.660256   0.208494   3.399861 )	961.749027 -3.660256 -0.208494 -3.399861 -0.000004 -0.000001 0.000004 0.000001 
241	(   3.658942   0.20854    3.401272 )	961.748425 -3.658942 -0.208540 -3.401272 -0.000006 -0.000004 0.000006 0.000004 
242	(   3.658494   0.208555   3.401753 )	961.748215 -3.658494 -0.208555 -3.401753 -0.000002 -0.000002 0.000002 0.000002 
243	(   3.658454   0.208652   3.401575 )	961.750088 -3.658454 -0.208652 -3.401575 -0.000220 -0.001470 0.000220 0.001470 
244	(   3.657591   0.208543   3.402295 )	961.752474 -3.657591 -0.208543 -3.402295 -0.003608 -0.002931 0.003608 0.002931 
245	(   3.65796    0.208536   3.40065  )	961.765683 -3.657960 -0.208536 -3.400650 -0.012273 -0.011425 0.012273 0.011425 
246	(   3.658622   0.208541   3.401661 )	961.747843 -3.658622 -0.208541 -3.401661 0.000181 0.000302 -0.000181 -0.000302 
247	(   3.659048   0.208536   3.401158 )	961.748467 -3.659048 -0.208536 -3.401158 -0.000003 -0.000000 0.000003 0.000000 
248	(   3.658942   0.20854    3.401272 )	961.748419 -3.658942 -0.208540 -3.401272 -0.000002 -0.000001 0.000002 0.000001 
249	(   3.658494   0.208555   3.401753 )	961.748210 -3.658494 -0.208555 -3.401753 0.000001 0.000001 -0.000001 -0.000001 
250	(   3.658204   0.208565   3.402064 )	961.748080 -3.658204 -0.208565 -3.402064 -0.000001 -0.000000 0.000001 0.000000 
251	(   3.657334   0.208595   3.402997 )	961.747690 -3.657334 -0.208595 -3.402997 -0.000009 -0.000004 0.000009 0.000004 
252	(   3.658935   0.20854    3.401279 )	961.748418 -3.658935 -0.208540 -3.401279 -0.000003 -0.000003 0.000003 0.000003 
253	(   3.658137   0.208568   3.402136 )	961.748049 -3.658137 -0.208568 -3.402136 0.000001 -0.000001 -0.000001 0.000001 
254	(   3.660204   0.208563   3.402064 )	961.726232 -3.660204 -0.208563 -3.402064 0.015965 0.014636 -0.015965 -0.014636 
255	(   3.658252   0.208665   3.402027 )	961.747493 -3.658252 -0.208665 -3.402027 0.001524 0.000141 -0.001524 -0.000141 
256	(   3.658204   0.208567   3.404064 )	961.727143 -3.658204 -0.208567 -3.404064 0.014025 0.013613 -0.014025 -0.013613 
257	(   3.658184   0.208564   3.402044 )	961.748517 -3.658184 -0.208564 -3.402044 -0.000319 -0.000286 0.000319 0.000286 
258	(   3.658852   0.208543   3.401369 )	961.748376 -3.658852 -0.208543 -3.401369 -0.000000 -0.000000 0.000000 0.000000 
259	(   3.660794   0.208476   3.399284 )	961.749261 -3.660794 -0.208476 -3.399284 0.000001 0.000010 -0.000001 -0.000010 
260	(   3.658765   0.208546   3.401462 )	961.748335 -3.658765 -0.208546 -3.401462 0.000001 0.000001 -0.000001 -0.000001 
261	(   3.65933    0.208526   3.400855 )	961.748599 -3.659330 -0.208526 -3.400855 -0.000002 -0.000001 0.000002 0.000001 
262	(   3.658301   0.208562   3.40196  )	961.748123 -3.658301 -0.208562 -3.401960 0.000001 0.000000 -0.000001 -0.000000 
263	(   3.658349   0.20856    3.401908 )	961.748147 -3.658349 -0.208560 -3.401908 -0.000001 -0.000001 0.000001 0.000001 
264	(   3.658694   0.208643   3.401253 )	961.750867 -3.658694 -0.208643 -3.401253 -0.000676 -0.001904 0.000676 0.001904 
265	(   3.658412   0.208665   3.402258 )	961.743328 -3.658412 -0.208665 -3.402258 0.004421 0.002884 -0.004421 -0.002884 
266	(   3.657996   0.208465   3.40187  )	961.752831 -3.657996 -0.208465 -3.401870 -0.004423 -0.002883 0.004423 0.002883 

BBE ( SOL ) BBO
267	(   3.656852   0.208537   3.402015 )	961.763497 -3.656852 -0.208537 -3.402015 -0.011563 -0.010239 0.011563 0.010239 
268	(   3.658216   0.208535   3.399369 )	961.776281 -3.658216 -0.208535 -3.399369 -0.019205 -0.018259 0.019205 0.018259 
269	(   3.658905   0.208526   3.401402 )	961.747523 -3.658905 -0.208526 -3.401402 0.000425 0.000608 -0.000425 -0.000608 
270	(   3.65702    0.208607   3.403335 )	961.747535 -3.657020 -0.208607 -3.403335 0.000004 0.000003 -0.000004 -0.000003 
271	(   3.660617   0.208482   3.399472 )	961.749196 -3.660617 -0.208482 -3.399472 -0.000003 -0.000003 0.000003 0.000003 
272	(   3.658768   0.208546   3.401459 )	961.748340 -3.658768 -0.208546 -3.401459 -0.000003 -0.000002 0.000003 0.000002 
273	(   3.658295   0.208562   3.401967 )	961.748119 -3.658295 -0.208562 -3.401967 0.000002 0.000001 -0.000002 -0.000001 
274	(   3.659184   0.208508   3.402369 )	961.734442 -3.659184 -0.208508 -3.402369 0.009166 0.009219 -0.009166 -0.009219 
275	(   3.659582   0.208593   3.401826 )	961.735392 -3.659582 -0.208593 -3.401826 0.009739 0.008472 -0.009739 -0.008472 
276	(   3.657852   0.208565   3.402007 )	961.752530 -3.657852 -0.208565 -3.402007 -0.003228 -0.002967 0.003228 0.002967 
277	(   3.657204   0.208595   3.40245  )	961.754834 -3.657204 -0.208595 -3.402450 -0.004884 -0.004677 0.004884 0.004677 
278	(   3.659204   0.208536   3.401678 )	961.741323 -3.659204 -0.208536 -3.401678 0.004882 0.004679 -0.004882 -0.004679 
279	(   3.658848   0.208543   3.401339 )	961.748729 -3.658848 -0.208543 -3.401339 -0.000240 -0.000230 0.000240 0.000230 
280	(   3.657334   0.208595   3.402997 )	961.747686 -3.657334 -0.208595 -3.402997 -0.000006 -0.000001 0.000006 0.000001 
281	(   3.658303   0.208562   3.401959 )	961.748122 -3.658303 -0.208562 -3.401959 -0.000001 0.000002 0.000001 -0.000002 
282	(   3.658926   0.20854    3.40129  )	961.748409 -3.658926 -0.208540 -3.401290 0.000000 0.000001 -0.000000 -0.000001 
283	(   3.657979   0.208573   3.402306 )	961.747976 -3.657979 -0.208573 -3.402306 0.000000 0.000000 -0.000000 -0.000000 
284	(   3.657505   0.20859    3.402815 )	961.747759 -3.657505 -0.208590 -3.402815 0.000000 0.000001 -0.000000 -0.000001 
285	(   3.65536    0.208664   3.405117 )	961.746764 -3.655360 -0.208664 -3.405117 0.000003 0.000022 -0.000003 -0.000022 
286	(   3.656085   0.208639   3.40434  )	961.747096 -3.656085 -0.208639 -3.404340 0.000006 0.000016 -0.000006 -0.000016 
287	(   3.657821   0.208579   3.402475 )	961.747904 -3.657821 -0.208579 -3.402475 -0.000000 0.000000 0.000000 -0.000000 
288	(   3.657349   0.208595   3.402982 )	961.747688 -3.657349 -0.208595 -3.402982 -0.000001 0.000001 0.000001 -0.000001 
289	(   3.657979   0.208573   3.402306 )	961.747972 -3.657979 -0.208573 -3.402306 0.000003 0.000003 -0.000003 -0.000003 
290	(   3.658122   0.208568   3.402153 )	961.748039 -3.658122 -0.208568 -3.402153 0.000001 0.000002 -0.000001 -0.000002 
291	(   3.658929   0.20854    3.401286 )	961.748410 -3.658929 -0.208540 -3.401286 0.000001 0.000001 -0.000001 -0.000001 
292	(   3.657861   0.208577   3.402432 )	961.747924 -3.657861 -0.208577 -3.402432 -0.000001 -0.000001 0.000001 0.000001 
293	(   3.659821   0.20852    3.403178 )	961.718956 -3.659821 -0.208520 -3.403178 0.020092 0.019395 -0.020092 -0.019395 
294	(   3.656602   0.208535   3.404475 )	961.740491 -3.656602 -0.208535 -3.404475 0.003638 0.004680 -0.003638 -0.004680 
295	(   3.658544   0.208679   3.403787 )	961.725825 -3.658544 -0.208679 -3.403787 0.016368 0.014261 -0.016368 -0.014261 
296	(   3.655575   0.20869    3.404598 )	961.749738 -3.655575 -0.208690 -3.404598 -0.001559 -0.001933 0.001559 0.001933 
297	(   3.659435   0.20849    3.401032 )	961.745772 -3.659435 -0.208490 -3.401032 0.001559 0.001950 -0.001559 -0.001950 
298	(   3.657799   0.208578   3.402422 )	961.748704 -3.657799 -0.208578 -3.402422 -0.000561 -0.000522 0.000561 0.000522 
299	(   3.656086   0.20864    3.404336 )	961.747116 -3.656086 -0.208640 -3.404336 0.000001 0.000002 -0.000001 -0.000002 
300	(   3.658404   0.208558   3.401851 )	961.748167 -3.658404 -0.208558 -3.401851 0.000002 0.000002 -0.000002 -0.000002 
301	(   3.657772   0.208629   3.402688 )	961.745986 -3.657772 -0.208629 -3.402688 0.001799 0.001112 -0.001799 -0.001112 
302	(   3.657603   0.208568   3.403475 )	961.739873 -3.657603 -0.208568 -3.403475 0.005099 0.005207 -0.005099 -0.005207 
303	(   3.656821   0.208579   3.402256 )	961.761122 -3.656821 -0.208579 -3.402256 -0.009535 -0.008805 0.009535 0.008805 
304	(   3.657016   0.208547   3.401815 )	961.763755 -3.657016 -0.208547 -3.401815 -0.011509 -0.010398 0.011509 0.010398 
305	(   3.657994   0.208632   3.403815 )	961.731759 -3.657994 -0.208632 -3.403815 0.011509 0.010403 -0.011509 -0.010403 
306	(   3.658027   0.208536   3.402109 )	961.749678 -3.658027 -0.208536 -3.402109 -0.001516 -0.001003 0.001516 0.001003 

BBE ( SOL ) BBO
307	(   3.656085   0.208639   3.404339 )	961.747104 -3.656085 -0.208639 -3.404339 0.000000 0.000011 -0.000000 -0.000011 
308	(   3.657254   0.208599   3.403085 )	961.747642 -3.657254 -0.208599 -3.403085 0.000002 0.000003 -0.000002 -0.000003 
309	(   3.658452   0.208557   3.401799 )	961.748194 -3.658452 -0.208557 -3.401799 -0.000000 -0.000001 0.000000 0.000001 
310	(   3.658929   0.20854    3.401286 )	961.748412 -3.658929 -0.208540 -3.401286 -0.000000 0.000000 0.000000 -0.000000 
311	(   3.657861   0.208577   3.402433 )	961.747922 -3.657861 -0.208577 -3.402433 0.000000 0.000000 -0.000000 -0.000000 
312	(   3.657808   0.208588   3.402975 )	961.742775 -3.657808 -0.208588 -3.402975 0.003519 0.003312 -0.003519 -0.003312 
313	(   3.65806    0.208599   3.402262 )	961.747439 -3.658060 -0.208599 -3.402262 0.000695 0.000302 -0.000695 -0.000302 
314	(   3.658321   0.208571   3.402575 )	961.741439 -3.658321 -0.208571 -3.402575 0.004584 0.004330 -0.004584 -0.004330 
315	(   3.658005   0.208596   3.403035 )	961.739962 -3.658005 -0.208596 -3.403035 0.005635 0.005160 -0.005635 -0.005160 
316	(   3.657005   0.208583   3.402594 )	961.755555 -3.657005 -0.208583 -3.402594 -0.005635 -0.005157 0.005635 0.005157 
317	(   3.657814   0.208579   3.402472 )	961.748025 -3.657814 -0.208579 -3.402472 -0.000088 -0.000079 0.000088 0.000079 
318	(   3.65764    0.208585   3.402671 )	961.747817 -3.657640 -0.208585 -3.402671 0.000005 0.000002 -0.000005 -0.000002 
319	(   3.657731   0.208582   3.402572 )	961.747863 -3.657731 -0.208582 -3.402572 0.000000 0.000001 -0.000000 -0.000001 
320	(   3.656922   0.20861    3.40344  )	961.747490 -3.656922 -0.208610 -3.403440 0.000000 0.000005 -0.000000 -0.000005 
321	(   3.658369   0.20856    3.401887 )	961.748155 -3.658369 -0.208560 -3.401887 -0.000000 -0.000000 0.000000 0.000000 
322	(   3.658021   0.208577   3.40246  )	961.745885 -3.658021 -0.208577 -3.402460 0.001465 0.001361 -0.001465 -0.001361 
323	(   3.657877   0.208589   3.402632 )	961.745610 -3.657877 -0.208589 -3.402632 0.001683 0.001479 -0.001683 -0.001479 
324	(   3.657803   0.208571   3.402675 )	961.746046 -3.657803 -0.208571 -3.402675 0.001147 0.001224 -0.001147 -0.001224 
325	(   3.657488   0.20858    3.402977 )	961.746294 -3.657488 -0.208580 -3.402977 0.000858 0.000975 -0.000858 -0.000975 
326	(   3.657523   0.2086     3.402652 )	961.749223 -3.657523 -0.208600 -3.402652 -0.000858 -0.000973 0.000858 0.000973 
327	(   3.657819   0.208579   3.402471 )	961.747972 -3.657819 -0.208579 -3.402471 -0.000047 -0.000044 0.000047 0.000044 
328	(   3.657484   0.208591   3.402853 )	961.747579 -3.657484 -0.208591 -3.402853 0.000119 0.000111 -0.000119 -0.000111 
329	(   3.657865   0.208577   3.402429 )	961.747926 -3.657865 -0.208577 -3.402429 -0.000000 -0.000002 0.000000 0.000002 
330	(   3.657405   0.208593   3.402922 )	961.747712 -3.657405 -0.208593 -3.402922 0.000000 0.000002 -0.000000 -0.000002 
331	(   3.658128   0.208568   3.402146 )	961.748045 -3.658128 -0.208568 -3.402146 -0.000000 -0.000000 0.000000 0.000000 
332	(   3.657921   0.208583   3.402436 )	961.747208 -3.657921 -0.208583 -3.402436 0.000585 0.000463 -0.000585 -0.000463 
333	(   3.657921   0.208575   3.402572 )	961.745812 -3.657921 -0.208575 -3.402572 0.001431 0.001390 -0.001431 -0.001390 
334	(   3.657782   0.208583   3.402575 )	961.747263 -3.657782 -0.208583 -3.402575 0.000449 0.000398 -0.000449 -0.000398 
335	(   3.65752    0.208595   3.402744 )	961.748312 -3.657520 -0.208595 -3.402744 -0.000305 -0.000368 0.000305 0.000368 
336	(   3.657491   0.208585   3.402885 )	961.747205 -3.657491 -0.208585 -3.402885 0.000305 0.000371 -0.000305 -0.000371 
337	(   3.65782    0.208579   3.402474 )	961.747939 -3.657820 -0.208579 -3.402474 -0.000025 -0.000022 0.000025 0.000022 
338	(   3.657481   0.208591   3.402839 )	961.747758 -3.657481 -0.208591 -3.402839 -0.000006 -0.000005 0.000006 0.000005 
339	(   3.6578     0.20858    3.402498 )	961.747897 -3.657800 -0.208580 -3.402498 -0.000000 -0.000002 0.000000 0.000002 
340	(   3.657646   0.208585   3.402664 )	961.747823 -3.657646 -0.208585 -3.402664 0.000000 0.000001 -0.000000 -0.000001 
341	(   3.658008   0.208572   3.402275 )	961.747990 -3.658008 -0.208572 -3.402275 -0.000000 -0.000000 0.000000 0.000000 
342	(   3.657871   0.208578   3.402437 )	961.747761 -3.657871 -0.208578 -3.402437 0.000123 0.000105 -0.000123 -0.000105 
343	(   3.657839   0.208577   3.402521 )	961.747241 -3.657839 -0.208577 -3.402521 0.000434 0.000440 -0.000434 -0.000440 
344	(   3.657866   0.208581   3.402513 )	961.747013 -3.657866 -0.208581 -3.402513 0.000650 0.000584 -0.000650 -0.000584 
345	(   3.657455   0.208591   3.40285  )	961.747928 -3.657455 -0.208591 -3.402850 -0.000138 -0.000121 0.000138 0.000121 
346	(   3.657555   0.208589   3.402779 )	961.747589 -3.657555 -0.208589 -3.402779 0.000138 0.000124 -0.000138 -0.000124 

BBE ( SOL ) BBO
347	(   3.65782    0.208579   3.402475 )	961.747921 -3.657820 -0.208579 -3.402475 -0.000012 -0.000011 0.000012 0.000011 
348	(   3.657484   0.208591   3.40283  )	961.747825 -3.657484 -0.208591 -3.402830 -0.000046 -0.000049 0.000046 0.000049 
349	(   3.657809   0.20858    3.402481 )	961.747976 -3.657809 -0.208580 -3.402481 -0.000048 -0.000051 0.000048 0.000051 
350	(   3.657748   0.208581   3.402554 )	961.747869 -3.657748 -0.208581 -3.402554 0.000001 0.000001 -0.000001 -0.000001 
351	(   3.657776   0.20858    3.402524 )	961.747883 -3.657776 -0.208580 -3.402524 0.000001 0.000001 -0.000001 -0.000001 
352	(   3.657801   0.20858    3.402492 )	961.747945 -3.657801 -0.208580 -3.402492 -0.000030 -0.000033 0.000030 0.000033 
353	(   3.657837   0.20858    3.402471 )	961.747783 -3.657837 -0.208580 -3.402471 0.000103 0.000080 -0.000103 -0.000080 
354	(   3.657525   0.20859    3.402816 )	961.747530 -3.657525 -0.208590 -3.402816 0.000167 0.000154 -0.000167 -0.000154 
355	(   3.657833   0.208578   3.402495 )	961.747563 -3.657833 -0.208578 -3.402495 0.000234 0.000225 -0.000234 -0.000225 
356	(   3.657485   0.20859    3.402814 )	961.747987 -3.657485 -0.208590 -3.402814 -0.000167 -0.000151 0.000167 0.000151 
357	(   3.657823   0.208579   3.402473 )	961.747904 -3.657823 -0.208579 -3.402473 -0.000000 0.000001 0.000000 -0.000001 
358	(   3.657504   0.20859    3.402815 )	961.747771 -3.657504 -0.208590 -3.402815 -0.000009 -0.000007 0.000009 0.000007 
359	(   3.657811   0.208579   3.402487 )	961.747889 -3.657811 -0.208579 -3.402487 0.000008 0.000007 -0.000008 -0.000007 
360	(   3.657922   0.208575   3.402367 )	961.747952 -3.657922 -0.208575 -3.402367 -0.000001 -0.000001 0.000001 0.000001 
361	(   3.657792   0.20858    3.402507 )	961.747890 -3.657792 -0.208580 -3.402507 0.000000 0.000001 -0.000000 -0.000001 
362	(   3.657826   0.208579   3.402485 )	961.747753 -3.657826 -0.208579 -3.402485 0.000104 0.000099 -0.000104 -0.000099 
363	(   3.657821   0.208579   3.402475 )	961.747903 -3.657821 -0.208579 -3.402475 0.000006 -0.000000 -0.000006 0.000000 
364	(   3.657831   0.208579   3.402471 )	961.747840 -3.657831 -0.208579 -3.402471 0.000050 0.000044 -0.000050 -0.000044 
365	(   3.657515   0.20859    3.402818 )	961.747619 -3.657515 -0.208590 -3.402818 0.000098 0.000095 -0.000098 -0.000095 
366	(   3.657495   0.20859    3.402812 )	961.747898 -3.657495 -0.208590 -3.402812 -0.000098 -0.000092 0.000098 0.000092 
367	(   3.657821   0.208579   3.402475 )	961.747906 -3.657821 -0.208579 -3.402475 -0.000002 -0.000001 0.000002 0.000001 
368	(   3.657505   0.20859    3.402815 )	961.747758 -3.657505 -0.208590 -3.402815 0.000001 0.000002 -0.000001 -0.000002 
369	(   3.657823   0.208579   3.402473 )	961.747912 -3.657823 -0.208579 -3.402473 -0.000003 -0.000004 0.000003 0.000004 
370	(   3.657824   0.208578   3.402473 )	961.747902 -3.657824 -0.208578 -3.402473 0.000001 0.000003 -0.000001 -0.000003 
371	(   3.657806   0.208579   3.402492 )	961.747898 -3.657806 -0.208579 -3.402492 -0.000000 -0.000001 0.000000 0.000001 
372	(   3.657825   0.208579   3.40247  )	961.747913 -3.657825 -0.208579 -3.402470 -0.000004 -0.000004 0.000004 0.000004 
373	(   3.657823   0.208579   3.402478 )	961.747862 -3.657823 -0.208579 -3.402478 0.000027 0.000029 -0.000027 -0.000029 
374	(   3.657506   0.20859    3.40281  )	961.747805 -3.657506 -0.208590 -3.402810 -0.000032 -0.000028 0.000032 0.000028 
375	(   3.657505   0.20859    3.40282  )	961.747712 -3.657505 -0.208590 -3.402820 0.000032 0.000031 -0.000032 -0.000031 
376	(   3.657816   0.208579   3.402472 )	961.747991 -3.657816 -0.208579 -3.402472 -0.000063 -0.000057 0.000063 0.000057 
377	(   3.657821   0.208579   3.402476 )	961.747902 -3.657821 -0.208579 -3.402476 0.000001 0.000001 -0.000001 -0.000001 
378	(   3.657505   0.20859    3.402815 )	961.747763 -3.657505 -0.208590 -3.402815 -0.000003 -0.000001 0.000003 0.000001 
379	(   3.65782    0.208579   3.402476 )	961.747903 -3.657820 -0.208579 -3.402476 0.000001 0.000001 -0.000001 -0.000001 
380	(   3.657823   0.208579   3.402473 )	961.747905 -3.657823 -0.208579 -3.402473 -0.000000 0.000001 0.000000 -0.000001 
381	(   3.657821   0.208579   3.402476 )	961.747903 -3.657821 -0.208579 -3.402476 0.000000 0.000001 -0.000000 -0.000001 
382	(   3.657823   0.208579   3.402474 )	961.747906 -3.657823 -0.208579 -3.402474 -0.000001 -0.000000 0.000001 0.000000 
383	(   3.657821   0.208579   3.402475 )	961.747903 -3.657821 -0.208579 -3.402475 0.000001 0.000001 -0.000001 -0.000001 
384	(   3.657823   0.208579   3.402473 )	961.747903 -3.657823 -0.208579 -3.402473 0.000001 0.000001 -0.000001 -0.000001 
385	(   3.657504   0.20859    3.402813 )	961.747785 -3.657504 -0.208590 -3.402813 -0.000017 -0.000016 0.000017 0.000016 
386	(   3.657822   0.208579   3.402477 )	961.747878 -3.657822 -0.208579 -3.402477 0.000017 0.000018 -0.000017 -0.000018 

BBE ( SOL ) BBO
387	(   3.657506   0.20859    3.402816 )	961.747732 -3.657506 -0.208590 -3.402816 0.000017 0.000019 -0.000017 -0.000019 
388	(   3.657819   0.208579   3.402474 )	961.747939 -3.657819 -0.208579 -3.402474 -0.000026 -0.000023 0.000026 0.000023 
389	(   3.657821   0.208579   3.402475 )	961.747905 -3.657821 -0.208579 -3.402475 -0.000000 -0.000000 0.000000 0.000000 
390	(   3.657505   0.20859    3.402814 )	961.747762 -3.657505 -0.208590 -3.402814 -0.000002 -0.000001 0.000002 0.000001 
391	(   3.657823   0.208579   3.402474 )	961.747904 -3.657823 -0.208579 -3.402474 0.000001 0.000000 -0.000001 -0.000000 
392	(   3.657819   0.208579   3.402477 )	961.747904 -3.657819 -0.208579 -3.402477 0.000000 -0.000000 -0.000000 0.000000 
393	(   3.65782    0.208579   3.402476 )	961.747904 -3.657820 -0.208579 -3.402476 0.000000 -0.000000 -0.000000 0.000000 
394	(   3.65782    0.208579   3.402476 )	961.747906 -3.657820 -0.208579 -3.402476 -0.000000 -0.000001 0.000000 0.000001 
395	(   3.657821   0.208579   3.402476 )	961.747904 -3.657821 -0.208579 -3.402476 0.000000 0.000000 -0.000000 -0.000000 
396	(   3.65782    0.208579   3.402477 )	961.747903 -3.657820 -0.208579 -3.402477 0.000000 0.000001 -0.000000 -0.000001 
397	(   3.657821   0.208579   3.402476 )	961.747905 -3.657821 -0.208579 -3.402476 -0.000000 -0.000000 0.000000 0.000000 
398	(   3.657822   0.208579   3.402475 )	961.747901 -3.657822 -0.208579 -3.402475 0.000003 0.000003 -0.000003 -0.000003 
399	(   3.657506   0.20859    3.402814 )	961.747754 -3.657506 -0.208590 -3.402814 0.000004 0.000005 -0.000004 -0.000005 
400	(   3.657504   0.20859    3.402815 )	961.747763 -3.657504 -0.208590 -3.402815 -0.000004 -0.000002 0.000004 0.000002 
401	(   3.657821   0.208579   3.402474 )	961.747919 -3.657821 -0.208579 -3.402474 -0.000010 -0.000009 0.000010 0.000009 
402	(   3.657822   0.208579   3.402476 )	961.747889 -3.657822 -0.208579 -3.402476 0.000011 0.000010 -0.000011 -0.000010 
403	(   3.657821   0.208579   3.402476 )	961.747903 -3.657821 -0.208579 -3.402476 0.000001 0.000001 -0.000001 -0.000001 
404	(   3.657506   0.20859    3.402815 )	961.747748 -3.657506 -0.208590 -3.402815 0.000007 0.000008 -0.000007 -0.000008 
405	(   3.657821   0.208579   3.402476 )	961.747904 -3.657821 -0.208579 -3.402476 0.000000 0.000000 -0.000000 -0.000000 
406	(   3.65782    0.208579   3.402477 )	961.747904 -3.657820 -0.208579 -3.402477 0.000000 -0.000000 -0.000000 0.000000 
407	(   3.65782    0.208579   3.402477 )	961.747904 -3.657820 -0.208579 -3.402477 0.000000 -0.000000 -0.000000 0.000000 
408	(   3.657505   0.20859    3.402815 )	961.747758 -3.657505 -0.208590 -3.402815 -0.000000 0.000001 0.000000 -0.000001 
409	(   3.657503   0.20859    3.402817 )	961.747758 -3.657503 -0.208590 -3.402817 -0.000001 0.000002 0.000001 -0.000002 
410	(   3.657504   0.20859    3.402815 )	961.747758 -3.657504 -0.208590 -3.402815 -0.000000 0.000002 0.000000 -0.000002 
411	(   3.657822   0.208579   3.402475 )	961.747904 -3.657822 -0.208579 -3.402475 -0.000000 0.000000 0.000000 -0.000000 
412	(   3.657821   0.208579   3.402476 )	961.747904 -3.657821 -0.208579 -3.402476 0.000000 0.000000 -0.000000 -0.000000 
413	(   3.657822   0.208579   3.402476 )	961.747894 -3.657822 -0.208579 -3.402476 0.000007 0.000007 -0.000007 -0.000007 
414	(   3.657822   0.208579   3.402475 )	961.747900 -3.657822 -0.208579 -3.402475 0.000004 0.000003 -0.000004 -0.000003 
415	(   3.657822   0.208579   3.402476 )	961.747889 -3.657822 -0.208579 -3.402476 0.000010 0.000010 -0.000010 -0.000010 
416	(   3.657506   0.20859    3.402816 )	961.747739 -3.657506 -0.208590 -3.402816 0.000014 0.000014 -0.000014 -0.000014 
417	(   3.657504   0.20859    3.402814 )	961.747778 -3.657504 -0.208590 -3.402814 -0.000014 -0.000011 0.000014 0.000011 
418	(   3.657821   0.208579   3.402475 )	961.747905 -3.657821 -0.208579 -3.402475 -0.000000 0.000000 0.000000 -0.000000 
419	(   3.657505   0.20859    3.402815 )	961.747759 -3.657505 -0.208590 -3.402815 -0.000000 0.000001 0.000000 -0.000001 
420	(   3.657822   0.208579   3.402475 )	961.747905 -3.657822 -0.208579 -3.402475 0.000000 -0.000000 -0.000000 0.000000 
421	(   3.657821   0.208579   3.402475 )	961.747903 -3.657821 -0.208579 -3.402475 0.000001 0.000001 -0.000001 -0.000001 
422	(   3.657821   0.208579   3.402476 )	961.747900 -3.657821 -0.208579 -3.402476 0.000003 0.000003 -0.000003 -0.000003 
423	(   3.657821   0.208579   3.402475 )	961.747910 -3.657821 -0.208579 -3.402475 -0.000004 -0.000004 0.000004 0.000004 
424	(   3.657504   0.20859    3.402815 )	961.747767 -3.657504 -0.208590 -3.402815 -0.000006 -0.000004 0.000006 0.000004 
425	(   3.657505   0.20859    3.402816 )	961.747750 -3.657505 -0.208590 -3.402816 0.000006 0.000007 -0.000006 -0.000007 
426	(   3.657821   0.208579   3.402475 )	961.747904 -3.657821 -0.208579 -3.402475 0.000000 0.000000 -0.000000 -0.000000 

BBE ( SOL ) BBO
427	(   3.657821   0.208579   3.402476 )	961.747904 -3.657821 -0.208579 -3.402476 -0.000000 0.000000 0.000000 -0.000000 
428	(   3.657821   0.208579   3.402476 )	961.747904 -3.657821 -0.208579 -3.402476 -0.000000 0.000000 0.000000 -0.000000 
429	(   3.657821   0.208579   3.402476 )	961.747904 -3.657821 -0.208579 -3.402476 0.000000 0.000000 -0.000000 -0.000000 
430	(   3.657505   0.20859    3.402815 )	961.747760 -3.657505 -0.208590 -3.402815 -0.000001 0.000001 0.000001 -0.000001 
431	(   3.657821   0.208579   3.402475 )	961.747902 -3.657821 -0.208579 -3.402475 0.000002 0.000002 -0.000002 -0.000002 
432	(   3.657821   0.208579   3.402475 )	961.747905 -3.657821 -0.208579 -3.402475 -0.000001 -0.000000 0.000001 0.000000 
433	(   3.657821   0.208579   3.402476 )	961.747902 -3.657821 -0.208579 -3.402476 0.000002 0.000002 -0.000002 -0.000002 
434	(   3.657505   0.20859    3.402815 )	961.747757 -3.657505 -0.208590 -3.402815 0.000001 0.000002 -0.000001 -0.000002 
435	(   3.657821   0.208579   3.402475 )	961.747904 -3.657821 -0.208579 -3.402475 -0.000000 0.000000 0.000000 -0.000000 
436	(   3.657505   0.20859    3.402815 )	961.747758 -3.657505 -0.208590 -3.402815 0.000000 0.000002 -0.000000 -0.000002 
437	(   3.657821   0.208579   3.402475 )	961.747902 -3.657821 -0.208579 -3.402475 0.000001 0.000001 -0.000001 -0.000001 
438	(   3.65782    0.208579   3.402476 )	961.747904 -3.657820 -0.208579 -3.402476 0.000000 0.000000 -0.000000 -0.000000 
439	(   3.657821   0.208579   3.402476 )	961.747904 -3.657821 -0.208579 -3.402476 0.000000 0.000000 -0.000000 -0.000000 
440	(   3.657821   0.208579   3.402475 )	961.747903 -3.657821 -0.208579 -3.402475 0.000001 0.000001 -0.000001 -0.000001 
441	(   3.657821   0.208579   3.402475 )	961.747904 -3.657821 -0.208579 -3.402475 -0.000000 0.000000 0.000000 -0.000000 
442	(   3.657821   0.208579   3.402475 )	961.747903 -3.657821 -0.208579 -3.402475 0.000001 0.000001 -0.000001 -0.000001 
443	(   3.657505   0.20859    3.402815 )	961.747758 -3.657505 -0.208590 -3.402815 0.000000 0.000002 -0.000000 -0.000002 
444	(   3.657505   0.20859    3.402815 )	961.747759 -3.657505 -0.208590 -3.402815 -0.000000 0.000001 0.000000 -0.000001 
445	(   3.657821   0.208579   3.402475 )	961.747904 -3.657821 -0.208579 -3.402475 -0.000000 0.000000 0.000000 -0.000000 
446	(   3.657821   0.208579   3.402475 )	961.747904 -3.657821 -0.208579 -3.402475 -0.000000 0.000000 0.000000 -0.000000 
447	(   3.657821   0.208579   3.402475 )	961.747904 -3.657821 -0.208579 -3.402475 0.000000 0.000001 -0.000000 -0.000001 
448	(   3.657821   0.208579   3.402475 )	961.747904 -3.657821 -0.208579 -3.402475 -0.000000 0.000000 0.000000 -0.000000 
449	(   3.657821   0.208579   3.402475 )	961.747904 -3.657821 -0.208579 -3.402475 -0.000000 0.000000 0.000000 -0.000000 
450	(   3.657821   0.208579   3.402475 )	961.747904 -3.657821 -0.208579 -3.402475 0.000000 0.000001 -0.000000 -0.000001 
451	(   3.657821   0.208579   3.402475 )	961.747905 -3.657821 -0.208579 -3.402475 -0.000001 -0.000000 0.000001 0.000000 
452	(   3.657505   0.20859    3.402815 )	961.747758 -3.657505 -0.208590 -3.402815 0.000000 0.000002 -0.000000 -0.000002 
453	(   3.657505   0.20859    3.402815 )	961.747759 -3.657505 -0.208590 -3.402815 -0.000000 0.000001 0.000000 -0.000001 
454	(   3.657821   0.208579   3.402475 )	961.747904 -3.657821 -0.208579 -3.402475 0.000000 0.000000 -0.000000 -0.000000 
455	(   3.657821   0.208579   3.402475 )	961.747904 -3.657821 -0.208579 -3.402475 0.000000 0.000000 -0.000000 -0.000000 
456	(   3.657821   0.208579   3.402475 )	961.747904 -3.657821 -0.208579 -3.402475 -0.000000 0.000000 0.000000 -0.000000 
457	(   3.657821   0.208579   3.402475 )	961.747904 -3.657821 -0.208579 -3.402475 0.000000 0.000000 -0.000000 -0.000000 
458	(   3.657821   0.208579   3.402475 )	961.747904 -3.657821 -0.208579 -3.402475 0.000000 0.000000 -0.000000 -0.000000 
459	(   3.657821   0.208579   3.402475 )	961.747904 -3.657821 -0.208579 -3.402475 0.000000 0.000000 -0.000000 -0.000000 
460	(   3.657505   0.20859    3.402815 )	961.747759 -3.657505 -0.208590 -3.402815 -0.000000 0.000001 0.000000 -0.000001 
461	(   3.657505   0.20859    3.402815 )	961.747758 -3.657505 -0.208590 -3.402815 0.000000 0.000002 -0.000000 -0.000002 
462	(   3.657821   0.208579   3.402475 )	961.747905 -3.657821 -0.208579 -3.402475 -0.000000 -0.000000 0.000000 0.000000 
463	(   3.657821   0.208579   3.402475 )	961.747904 -3.657821 -0.208579 -3.402475 -0.000000 0.000000 0.000000 -0.000000 
464	(   3.657821   0.208579   3.402475 )	961.747904 -3.657821 -0.208579 -3.402475 -0.000000 0.000000 0.000000 -0.000000 
465	(   3.657821   0.208579   3.402475 )	961.747904 -3.657821 -0.208579 -3.402475 0.000000 0.000000 -0.000000 -0.000000 
466	(   3.657821   0.208579   3.402475 )	961.747904 -3.657821 -0.208579 -3.402475 -0.000000 0.000000 0.000000 -0.000000 

BBE ( SOL ) BBO
467	(   3.657821   0.208579   3.402475 )	961.747904 -3.657821 -0.208579 -3.402475 -0.000000 0.000000 0.000000 -0.000000 
468	(   3.657505   0.20859    3.402815 )	961.747759 -3.657505 -0.208590 -3.402815 -0.000000 0.000001 0.000000 -0.000001 
469	(   3.657505   0.20859    3.402815 )	961.747758 -3.657505 -0.208590 -3.402815 -0.000000 0.000002 0.000000 -0.000002 
470	(   3.657821   0.208579   3.402475 )	961.747904 -3.657821 -0.208579 -3.402475 -0.000000 0.000000 0.000000 -0.000000 
471	(   3.657821   0.208579   3.402475 )	961.747904 -3.657821 -0.208579 -3.402475 -0.000000 0.000000 0.000000 -0.000000 
472	(   3.657821   0.208579   3.402475 )	961.747904 -3.657821 -0.208579 -3.402475 -0.000000 0.000000 0.000000 -0.000000 
473	(   3.657821   0.208579   3.402475 )	961.747904 -3.657821 -0.208579 -3.402475 -0.000000 0.000000 0.000000 -0.000000 
474	(   3.657821   0.208579   3.402475 )	961.747904 -3.657821 -0.208579 -3.402475 -0.000000 0.000000 0.000000 -0.000000 
475	(   3.657505   0.20859    3.402815 )	961.747758 -3.657505 -0.208590 -3.402815 -0.000000 0.000001 0.000000 -0.000001 
476	(   3.657505   0.20859    3.402815 )	961.747758 -3.657505 -0.208590 -3.402815 -0.000000 0.000001 0.000000 -0.000001 
477	(   3.657821   0.208579   3.402475 )	961.747904 -3.657821 -0.208579 -3.402475 -0.000000 0.000000 0.000000 -0.000000 
478	(   3.657821   0.208579   3.402475 )	961.747904 -3.657821 -0.208579 -3.402475 -0.000000 0.000000 0.000000 -0.000000 
479	(   3.657821   0.208579   3.402475 )	961.747904 -3.657821 -0.208579 -3.402475 -0.000000 0.000000 0.000000 -0.000000 
480	(   3.657821   0.208579   3.402475 )	961.747904 -3.657821 -0.208579 -3.402475 -0.000000 0.000000 0.000000 -0.000000 
481	(   3.657821   0.208579   3.402475 )	961.747904 -3.657821 -0.208579 -3.402475 -0.000000 0.000000 0.000000 -0.000000 
482	(   3.657821   0.208579   3.402475 )	961.747904 -3.657821 -0.208579 -3.402475 -0.000000 0.000000 0.000000 -0.000000 
483	(   3.657505   0.20859    3.402815 )	961.747758 -3.657505 -0.208590 -3.402815 -0.000000 0.000001 0.000000 -0.000001 
484	(   3.657505   0.20859    3.402815 )	961.747759 -3.657505 -0.208590 -3.402815 -0.000000 0.000001 0.000000 -0.000001 
485	(   3.657821   0.208579   3.402475 )	961.747904 -3.657821 -0.208579 -3.402475 -0.000000 0.000000 0.000000 -0.000000 
486	(   3.657821   0.208579   3.402475 )	961.747904 -3.657821 -0.208579 -3.402475 -0.000000 0.000000 0.000000 -0.000000 
487	(   3.657821   0.208579   3.402475 )	961.747904 -3.657821 -0.208579 -3.402475 -0.000000 0.000000 0.000000 -0.000000 
488	(   3.657821   0.208579   3.402475 )	961.747904 -3.657821 -0.208579 -3.402475 -0.000000 0.000000 0.000000 -0.000000 
489	(   3.657821   0.208579   3.402475 )	961.747904 -3.657821 -0.208579 -3.402475 -0.000000 0.000000 0.000000 -0.000000 
490	(   3.657821   0.208579   3.402475 )	961.747904 -3.657821 -0.208579 -3.402475 -0.000000 0.000000 0.000000 -0.000000 
491	(   3.657505   0.20859    3.402815 )	961.747758 -3.657505 -0.208590 -3.402815 -0.000000 0.000001 0.000000 -0.000001 
492	(   3.657505   0.20859    3.402815 )	961.747758 -3.657505 -0.208590 -3.402815 -0.000000 0.000001 0.000000 -0.000001 
493	(   3.657821   0.208579   3.402475 )	961.747904 -3.657821 -0.208579 -3.402475 -0.000000 0.000000 0.000000 -0.000000 
494	(   3.657821   0.208579   3.402475 )	961.747904 -3.657821 -0.208579 -3.402475 -0.000000 0.000000 0.000000 -0.000000 
495	(   3.657821   0.208579   3.402475 )	961.747904 -3.657821 -0.208579 -3.402475 -0.000000 0.000000 0.000000 -0.000000 
496	(   3.657821   0.208579   3.402475 )	961.747904 -3.657821 -0.208579 -3.402475 -0.000000 0.000000 0.000000 -0.000000 
497	(   3.657821   0.208579   3.402475 )	961.747904 -3.657821 -0.208579 -3.402475 -0.000000 0.000000 0.000000 -0.000000 
498	(   3.657505   0.20859    3.402815 )	961.747758 -3.657505 -0.208590 -3.402815 -0.000000 0.000001 0.000000 -0.000001 
499	(   3.657505   0.20859    3.402815 )	961.747759 -3.657505 -0.208590 -3.402815 -0.000000 0.000001 0.000000 -0.000001 
500	(   3.657821   0.208579   3.402475 )	961.747904 -3.657821 -0.208579 -3.402475 -0.000000 0.000000 0.000000 -0.000000 
501	(   3.657821   0.208579   3.402475 )	961.747904 -3.657821 -0.208579 -3.402475 -0.000000 0.000000 0.000000 -0.000000 
502	(   3.657821   0.208579   3.402475 )	961.747904 -3.657821 -0.208579 -3.402475 -0.000000 0.000000 0.000000 -0.000000 
503	(   3.657821   0.208579   3.402475 )	961.747904 -3.657821 -0.208579 -3.402475 -0.000000 0.000000 0.000000 -0.000000 
504	(   3.657821   0.208579   3.402475 )	961.747904 -3.657821 -0.208579 -3.402475 -0.000000 0.000000 0.000000 -0.000000 
505	(   3.657821   0.208579   3.402475 )	961.747904 -3.657821 -0.208579 -3.402475 -0.000000 0.000000 0.000000 -0.000000 
506	(   3.657505   0.20859    3.402815 )	961.747758 -3.657505 -0.208590 -3.402815 -0.000000 0.000001 0.000000 -0.000001 

BBE ( SOL ) BBO
507	(   3.657505   0.20859    3.402815 )	961.747758 -3.657505 -0.208590 -3.402815 -0.000000 0.000001 0.000000 -0.000001 
508	(   3.657821   0.208579   3.402475 )	961.747904 -3.657821 -0.208579 -3.402475 -0.000000 0.000000 0.000000 -0.000000 
509	(   3.657821   0.208579   3.402475 )	961.747904 -3.657821 -0.208579 -3.402475 -0.000000 0.000000 0.000000 -0.000000 
510	(   3.657821   0.208579   3.402475 )	961.747904 -3.657821 -0.208579 -3.402475 -0.000000 0.000000 0.000000 -0.000000 
511	(   3.657821   0.208579   3.402475 )	961.747904 -3.657821 -0.208579 -3.402475 -0.000000 0.000000 0.000000 -0.000000 
512	(   3.657821   0.208579   3.402475 )	961.747904 -3.657821 -0.208579 -3.402475 -0.000000 0.000000 0.000000 -0.000000 
513	(   3.657821   0.208579   3.402475 )	961.747904 -3.657821 -0.208579 -3.402475 -0.000000 0.000000 0.000000 -0.000000 
514	(   3.657505   0.20859    3.402815 )	961.747758 -3.657505 -0.208590 -3.402815 -0.000000 0.000001 0.000000 -0.000001 
515	(   3.657505   0.20859    3.402815 )	961.747758 -3.657505 -0.208590 -3.402815 -0.000000 0.000001 0.000000 -0.000001 
516	(   3.657821   0.208579   3.402475 )	961.747904 -3.657821 -0.208579 -3.402475 -0.000000 0.000000 0.000000 -0.000000 
517	(   3.657821   0.208579   3.402475 )	961.747904 -3.657821 -0.208579 -3.402475 -0.000000 0.000000 0.000000 -0.000000 
518	(   3.657821   0.208579   3.402475 )	961.747904 -3.657821 -0.208579 -3.402475 -0.000000 0.000000 0.000000 -0.000000 
519	(   3.657821   0.208579   3.402475 )	961.747904 -3.657821 -0.208579 -3.402475 -0.000000 0.000000 0.000000 -0.000000 
520	(   3.657821   0.208579   3.402475 )	961.747904 -3.657821 -0.208579 -3.402475 -0.000000 0.000000 0.000000 -0.000000 
521	(   3.657821   0.208579   3.402475 )	961.747904 -3.657821 -0.208579 -3.402475 -0.000000 0.000000 0.000000 -0.000000 
522	(   3.657505   0.20859    3.402815 )	961.747758 -3.657505 -0.208590 -3.402815 -0.000000 0.000001 0.000000 -0.000001 
523	(   3.657505   0.20859    3.402815 )	961.747758 -3.657505 -0.208590 -3.402815 -0.000000 0.000001 0.000000 -0.000001 
524	(   3.657821   0.208579   3.402475 )	961.747904 -3.657821 -0.208579 -3.402475 -0.000000 0.000000 0.000000 -0.000000 
525	(   3.657821   0.208579   3.402475 )	961.747904 -3.657821 -0.208579 -3.402475 -0.000000 0.000000 0.000000 -0.000000 
526	(   3.657821   0.208579   3.402475 )	961.747904 -3.657821 -0.208579 -3.402475 -0.000000 0.000000 0.000000 -0.000000 
527	(   3.657821   0.208579   3.402475 )	961.747904 -3.657821 -0.208579 -3.402475 -0.000000 0.000000 0.000000 -0.000000 
528	(   3.657821   0.208579   3.402475 )	961.747904 -3.657821 -0.208579 -3.402475 -0.000000 0.000000 0.000000 -0.000000 
529	(   3.657821   0.208579   3.402475 )	961.747904 -3.657821 -0.208579 -3.402475 -0.000000 0.000000 0.000000 -0.000000 
530	(   3.657505   0.20859    3.402815 )	961.747758 -3.657505 -0.208590 -3.402815 -0.000000 0.000001 0.000000 -0.000001 
531	(   3.657505   0.20859    3.402815 )	961.747758 -3.657505 -0.208590 -3.402815 -0.000000 0.000001 0.000000 -0.000001 
532	(   3.657821   0.208579   3.402475 )	961.747904 -3.657821 -0.208579 -3.402475 -0.000000 0.000000 0.000000 -0.000000 
533	(   3.657821   0.208579   3.402475 )	961.747904 -3.657821 -0.208579 -3.402475 -0.000000 0.000000 0.000000 -0.000000 
534	(   3.657821   0.208579   3.402475 )	961.747904 -3.657821 -0.208579 -3.402475 -0.000000 0.000000 0.000000 -0.000000 
535	(   3.657821   0.208579   3.402475 )	961.747904 -3.657821 -0.208579 -3.402475 -0.000000 0.000000 0.000000 -0.000000 
536	(   3.657821   0.208579   3.402475 )	961.747904 -3.657821 -0.208579 -3.402475 -0.000000 0.000000 0.000000 -0.000000 
537	(   3.657821   0.208579   3.402475 )	961.747904 -3.657821 -0.208579 -3.402475 -0.000000 0.000000 0.000000 -0.000000 
538	(   3.657505   0.20859    3.402815 )	961.747758 -3.657505 -0.208590 -3.402815 -0.000000 0.000001 0.000000 -0.000001 
539	(   3.657505   0.20859    3.402815 )	961.747758 -3.657505 -0.208590 -3.402815 -0.000000 0.000001 0.000000 -0.000001 
540	(   3.657821   0.208579   3.402475 )	961.747904 -3.657821 -0.208579 -3.402475 -0.000000 0.000000 0.000000 -0.000000 
541	(   3.657821   0.208579   3.402475 )	961.747904 -3.657821 -0.208579 -3.402475 -0.000000 0.000000 0.000000 -0.000000 
542	(   3.657821   0.208579   3.402475 )	961.747904 -3.657821 -0.208579 -3.402475 -0.000000 0.000000 0.000000 -0.000000 
543	(   3.657821   0.208579   3.402475 )	961.747904 -3.657821 -0.208579 -3.402475 -0.000000 0.000000 0.000000 -0.000000 
544	(   3.657821   0.208579   3.402475 )	961.747904 -3.657821 -0.208579 -3.402475 -0.000000 0.000000 0.000000 -0.000000 
545	(   3.657821   0.208579   3.402475 )	961.747904 -3.657821 -0.208579 -3.402475 -0.000000 0.000000 0.000000 -0.000000 
546	(   3.657505   0.20859    3.402815 )	961.747758 -3.657505 -0.208590 -3.402815 -0.000000 0.000001 0.000000 -0.000001 

BBE ( SOL ) BBO
547	(   3.657505   0.20859    3.402815 )	961.747758 -3.657505 -0.208590 -3.402815 -0.000000 0.000001 0.000000 -0.000001 
548	(   3.657821   0.208579   3.402475 )	961.747904 -3.657821 -0.208579 -3.402475 -0.000000 0.000000 0.000000 -0.000000 
549	(   3.657821   0.208579   3.402475 )	961.747904 -3.657821 -0.208579 -3.402475 -0.000000 0.000000 0.000000 -0.000000 
550	(   3.657821   0.208579   3.402475 )	961.747904 -3.657821 -0.208579 -3.402475 -0.000000 0.000000 0.000000 -0.000000 
551	(   3.657821   0.208579   3.402475 )	961.747904 -3.657821 -0.208579 -3.402475 -0.000000 0.000000 0.000000 -0.000000 
552	(   3.657821   0.208579   3.402475 )	961.747904 -3.657821 -0.208579 -3.402475 -0.000000 0.000000 0.000000 -0.000000 
553	(   3.657821   0.208579   3.402475 )	961.747904 -3.657821 -0.208579 -3.402475 -0.000000 0.000000 0.000000 -0.000000 
554	(   3.657505   0.20859    3.402815 )	961.747758 -3.657505 -0.208590 -3.402815 -0.000000 0.000001 0.000000 -0.000001 
555	(   3.657505   0.20859    3.402815 )	961.747758 -3.657505 -0.208590 -3.402815 -0.000000 0.000001 0.000000 -0.000001 
556	(   3.657821   0.208579   3.402475 )	961.747904 -3.657821 -0.208579 -3.402475 -0.000000 0.000000 0.000000 -0.000000 
557	(   3.657821   0.208579   3.402475 )	961.747904 -3.657821 -0.208579 -3.402475 -0.000000 0.000000 0.000000 -0.000000 
558	(   3.657821   0.208579   3.402475 )	961.747904 -3.657821 -0.208579 -3.402475 -0.000000 0.000000 0.000000 -0.000000 
559	(   3.657821   0.208579   3.402475 )	961.747904 -3.657821 -0.208579 -3.402475 -0.000000 0.000000 0.000000 -0.000000 
560	(   3.657821   0.208579   3.402475 )	961.747904 -3.657821 -0.208579 -3.402475 -0.000000 0.000000 0.000000 -0.000000 
561	(   3.657505   0.20859    3.402815 )	961.747758 -3.657505 -0.208590 -3.402815 -0.000000 0.000001 0.000000 -0.000001 
562	(   3.657505   0.20859    3.402815 )	961.747758 -3.657505 -0.208590 -3.402815 -0.000000 0.000001 0.000000 -0.000001 
563	(   3.657821   0.208579   3.402475 )	961.747904 -3.657821 -0.208579 -3.402475 -0.000000 0.000000 0.000000 -0.000000 
564	(   3.657821   0.208579   3.402475 )	961.747904 -3.657821 -0.208579 -3.402475 -0.000000 0.000000 0.000000 -0.000000 
565	(   3.657821   0.208579   3.402475 )	961.747904 -3.657821 -0.208579 -3.402475 -0.000000 0.000000 0.000000 -0.000000 
566	(   3.657821   0.208579   3.402475 )	961.747904 -3.657821 -0.208579 -3.402475 -0.000000 0.000000 0.000000 -0.000000 
567	(   3.657505   0.20859    3.402815 )	961.747758 -3.657505 -0.208590 -3.402815 -0.000000 0.000001 0.000000 -0.000001 
568	(   3.657505   0.20859    3.402815 )	961.747758 -3.657505 -0.208590 -3.402815 -0.000000 0.000001 0.000000 -0.000001 
569	(   3.657821   0.208579   3.402475 )	961.747904 -3.657821 -0.208579 -3.402475 -0.000000 0.000000 0.000000 -0.000000 
570	(   3.657821   0.208579   3.402475 )	961.747904 -3.657821 -0.208579 -3.402475 -0.000000 0.000000 0.000000 -0.000000 
571	(   3.657821   0.208579   3.402475 )	961.747904 -3.657821 -0.208579 -3.402475 -0.000000 0.000000 0.000000 -0.000000 
572	(   3.657821   0.208579   3.402475 )	961.747904 -3.657821 -0.208579 -3.402475 -0.000000 0.000000 0.000000 -0.000000 
573	(   3.657505   0.20859    3.402815 )	961.747758 -3.657505 -0.208590 -3.402815 -0.000000 0.000001 0.000000 -0.000001 
574	(   3.657505   0.20859    3.402815 )	961.747758 -3.657505 -0.208590 -3.402815 -0.000000 0.000001 0.000000 -0.000001 
575	(   3.657821   0.208579   3.402475 )	961.747904 -3.657821 -0.208579 -3.402475 -0.000000 0.000000 0.000000 -0.000000 
576	(   3.657821   0.208579   3.402475 )	961.747904 -3.657821 -0.208579 -3.402475 -0.000000 0.000000 0.000000 -0.000000 
A termination criterion is reached: No termination (all). Mesh minimum precision reached (Algo)

Best feasible solution:     #68890 ( 3.65782 0.208579 3.40248 )	Evaluation OK	 f = 961.74790399999994861   	 h =   0                     

Best infeasible solution:   #97823 ( 3.6575 0.20859 3.40282 )	Evaluation OK	 f = 961.74775799999997616   	 h =   0.000000000001        

Blackbox evaluations:         576
Total model evaluations:      96357
Cache hits:                   105
Total number of evaluations:  681
