1	(  -1.1999999999999999556    1                      )	4.840000000000001 -4.3999999999999995
2	(  -2.2000000000000001776    1.1000000000000000888  )	10.240000000000002 -37.400000000000006
3	(  -0.2000000000000000111    0.9000000000000000222  )	1.44 8.6
4	(  -0.2000000000000000111    1.1000000000000000888  )	1.44 10.600000000000001
5	(  -2.2000000000000001776    0.9000000000000000222  )	10.240000000000002 -39.400000000000006
6	(  -1.2099999999999999645    1.0500000000000000444  )	4.8841 -4.140999999999999
7	(  -1.2399999999999999911    1.25                   )	5.017600000000001 -2.876000000000001
8	(  -1.2399999999999999911    1.8500000000000000888  )	5.017600000000001 3.124
9	(  -1.2399999999999999911    1.4499999999999999556  )	5.017600000000001 -0.8760000000000012
10	(  -1.2399999999999999911    2.0499999999999998224  )	5.017600000000001 5.123999999999997
11	(  -0.23999999999999999112   0.94999999999999995559 )	1.5376 8.924
12	(  -0.23999999999999999112   1.9499999999999999556  )	1.5376 18.924
13	(  -2.2400000000000002132    1.9499999999999999556  )	10.497600000000002 -30.676000000000005
14	(  -2.2400000000000002132    0.94999999999999995559 )	10.497600000000002 -40.676
15	(  -1.2900000000000000355    1.6499999999999999112  )	5.2441 -0.14100000000000223
16	(  -1.2900000000000000355    2.25                   )	5.2441 5.858999999999998
17	(  -0.28999999999999998002   1.1499999999999999112  )	1.6641000000000001 10.658999999999999
18	(  -0.28999999999999998002   2.1499999999999999112  )	1.6641000000000001 20.659
19	(  -2.2900000000000000355    2.1499999999999999112  )	10.8241 -30.941000000000006
20	(  -2.2900000000000000355    1.1499999999999999112  )	10.8241 -40.94100000000001
21	(  -1.4399999999999999467    2.25                   )	5.9536 1.7640000000000011
22	(  -0.93999999999999994671   1.4499999999999999556  )	3.7636 5.664
23	(  -1.6399999999999999023    1.8500000000000000888  )	6.969599999999998 -8.395999999999994
24	(  -0.79000000000000003553   1.75                   )	3.2041 11.258999999999999
25	(  -1.7900000000000000355    1.5500000000000000444  )	7.7841000000000005 -16.541
26	(  -1.1200000000000001066    1.5500000000000000444  )	4.494400000000001 2.9559999999999986
27	(  -1.4599999999999999645    1.75                   )	6.0516 -3.815999999999997
28	(  -1.0900000000000000799    1.75                   )	4.368099999999999 5.618999999999998
29	(  -1.4899999999999999911    1.5500000000000000444  )	6.200100000000001 -6.700999999999999
30	(  -1.2700000000000000178    1.6999999999999999556  )	5.1529 0.8709999999999996
31	(  -1.3100000000000000533    1.6000000000000000888  )	5.3361 -1.161000000000001
32	(  -1.1899999999999999467    1.6399999999999999023  )	4.7961 2.239
33	(  -1.3899999999999999023    1.6599999999999999201  )	5.712099999999999 -2.720999999999998
34	(  -1.2647999999999999243    1.6299999999999998934  )	5.12931904 0.30280960000000023
35	(  -1.3151999999999999247    1.6699999999999999289  )	5.36015104 -0.5975103999999987
36	(  -1.2399999999999999911    1.6599999999999999201  )	5.017600000000001 1.2239999999999984
37	(  -1.3400000000000000799    1.6399999999999999023  )	5.475599999999999 -1.556000000000004
38	(  -1.2705999999999999517    1.6399999999999999023  )	5.15562436 0.2557564000000001
39	(  -1.2700000000000000178    1.6599999999999999201  )	5.1529 0.4709999999999992
40	(  -1.3093999999999998973    1.6599999999999999201  )	5.33332836 -0.5452835999999972
41	(  -1.3100000000000000533    1.6399999999999999023  )	5.3361 -0.7610000000000028
42	(  -1.2876000000000000778    1.6550000000000000266  )	5.233113760000001 -0.029137600000002095
43	(  -1.2803999999999999826    1.6699999999999999289  )	5.200224160000001 0.3057584000000002
44	(  -1.2779000000000000359    1.6650000000000000355  )	5.188828409999999 0.3197158999999994
45	(  -1.2972999999999998977    1.6450000000000000178  )	5.27758729 -0.37987289999999785
46	(  -1.26760000000000006      1.6499999999999999112  )	5.14200976 0.43190239999999713
47	(  -1.3076000000000000956    1.6599999999999999201  )	5.32501776 -0.49817760000000266
48	(  -1.2836000000000000743    1.6599999999999999201  )	5.214828959999999 0.12371039999999667
49	(  -1.2916000000000000814    1.6499999999999999112  )	5.251430559999999 -0.1823056000000034
50	(  -1.2776000000000000689    1.6529799999999998938  )	5.187461760000001 0.20718239999999666
51	(  -1.2976000000000000867    1.6570199999999999374  )	5.27896576 -0.26745760000000285
52	(  -1.2825999999999999623    1.6533299999999999663  )	5.21026276 0.0826724000000012
53	(  -1.2834149999999999725    1.6570000000000000284  )	5.213984062224998 0.09845937775000202
54	(  -1.2925999999999999712    1.656670000000000087   )	5.256014760000001 -0.14144759999999756
55	(  -1.2917849999999999611    1.6530000000000000249  )	5.252278486225 -0.15708486224999874
56	(  -1.285600000000000076     1.6542300000000000892  )	5.2239673600000005 0.014626399999999595
57	(  -1.2796000000000000707    1.651920000000000055   )	5.196576160000001 0.14543839999999975
58	(  -1.2880100000000000993    1.656230000000000091   )	5.2349897600999995 -0.027397601000000993
59	(  -1.2831900000000000528    1.6522300000000000875  )	5.212956576100002 0.05653423899999899
60	(  -1.2905999999999999694    1.6532700000000000173  )	5.2468483599999995 -0.1237835999999981
61	(  -1.2805999999999999606    1.6551899999999999391  )	5.201136359999999 0.15253640000000068
62	(  -1.2867470000000000852    1.6552299999999999791  )	5.229211842009001 -0.004878420090002056
63	(  -1.2901879999999998905    1.6582300000000000928  )	5.244961075343999 -0.06355075343999594
64	(  -1.2868200000000000749    1.6572299999999999809  )	5.2295457124 0.013242875999996961
65	(  -1.2866740000000000954    1.6532299999999999773  )	5.228877982276001 -0.022999822760003674
66	(  -1.2817469999999999697    1.6552599999999999536  )	5.206369372009001 0.12384627991000041
67	(  -1.2917469999999999786    1.6552000000000000046  )	5.252104312009 -0.13410312008999892
68	(  -1.285911999999999944     1.656230000000000091   )	5.225393671743999 0.02660328256000266
69	(  -1.2875820000000000043    1.6542300000000000892  )	5.233031406724 -0.03637406723999925
70	(  -1.2847470000000000834    1.6548099999999998921  )	5.220068854009002 0.042351459909997224
71	(  -1.2887470000000000869    1.6556500000000000661  )	5.238362830009 -0.052188300090001416
72	(  -1.2857469999999999732    1.6547918999999999823  )	5.224639348008999 0.01646551991000056
73	(  -1.2858709999999999862    1.655729999999999924   )	5.225206228641001 0.022657713589999684
74	(  -1.287746999999999975     1.6556680999999999759  )	5.233786336009 -0.026242360089998584
75	(  -1.287622999999999962     1.6547300000000000342  )	5.233218990129 -0.032429901289998675
76	(  -1.2862503700000000872    1.6550300000000000011  )	5.226940754325138 0.0058998567486279185
77	(  -1.2862469999999999182    1.6554287000000000862  )	5.226925345009 0.009973549910002877
78	(  -1.2872436300000000831    1.6554299999999999571  )	5.231483422975576 -0.015661629755772122
79	(  -1.2872470000000000301    1.655031300000000094   )	5.231498839008999 -0.019735390089998806
80	(  -1.2865470000000001072    1.6552774999999999572  )	5.228297183209 0.0007431679099978439
81	(  -1.2859469999999999512    1.6554199999999998916  )	5.2255536868090005 0.01760313191000007
82	(  -1.2866931699999999417    1.6554774999999999352  )	5.228965653724648 -0.001018137246489026
83	(  -1.2864008300000000506    1.6550774999999999793  )	5.227628755424688 0.002504045753108919
84	(  -1.2870470000000000521    1.6552189999999999959  )	5.230583980209001 -0.012709802090000721
85	(  -1.2860469999999999402    1.6553359999999999186  )	5.226010886209 0.014191137910000151
86	(  -1.2866185999999999456    1.6553774999999999462  )	5.228624621865959 -9.921865959938714e-5
87	(  -1.2868333999999999051    1.6556774999999999132  )	5.22960699935556 -0.002626993555598922
88	(  -1.2865235999999999894    1.6555774999999999242  )	5.228190173356959 0.0043452664303988975
89	(  -1.2867135999999999019    1.6551774999999999682  )	5.229059088424958 -0.004543884249597063
90	(  -1.2861186000000000007    1.6553394999999999637  )	5.22633825326596 0.012384467340400551
91	(  -1.2871185999999998906    1.6554154999999999287  )	5.230911490465959 -0.012587904659597804
92	(  -1.2864185999999999677    1.6552879000000000342  )	5.227710014425961 0.004150855740401305
93	(  -1.2868185999999999236    1.6554671000000000802  )	5.22953930930596 -0.004350093059597437
94	(  -1.2864393599999999207    1.6554774999999999352  )	5.22780494695721 0.005512730427905677
95	(  -1.2867978399999999706    1.6552774999999999572  )	5.2294443610286665 -0.005711810286654906
96	(  -1.2865560799999999908    1.6553275000000000627  )	5.2283387069849665 0.0010095301503376675
97	(  -1.2866811199999999005    1.6554275000000000517  )	5.228910544564454 -0.0012080456445406895
98	(  -1.2865185999999999567    1.6554087600000000347  )	5.228167308145959 0.0027865185404007953
99	(  -1.2867185999999999346    1.6553462400000000798  )	5.22908195558596 -0.002985155859598354
100	(  -1.2866028545999999011    1.6553575000000000372  )	5.228552614664868 0.00010594535131636107
101	(  -1.2866343453999999902    1.6553975000000000772  )	5.2286966295628865 -0.00030438762886442206
102	(  -1.2865686000000000622    1.6553837979999999064  )	5.228395962505959 0.001250354940396381
103	(  -1.2866686000000000512    1.655371201999999986   )	5.22885328622596 -0.0014488422596015127
104	(  -1.2866218116999998955    1.6553875000000000117  )	5.2286393097421895 -8.186342189908657e-5
105	(  -1.2866314467999999671    1.6554174999999999862  )	5.228683373494661 -2.9798946612480393e-5
106	(  -1.2866603520999999599    1.6555074999999999097  )	5.228815565866097 0.00012638333904080312
107	(  -1.2865390967999998928    1.6553675000000001027  )	5.228261041194959 0.0018465240504061953
108	(  -1.2867237968000000414    1.6554675000000000917  )	5.229105722851408 -0.001906292514077812
109	(  -1.2865314467999999781    1.6554636730000000799  )	5.2282260572053 0.0030050939469883353
110	(  -1.2867314467999999561    1.6553713269999998925  )	5.229140709784022 -0.0030648918402120806
111	(  -1.2866353245999999633    1.6554374999999998952  )	5.228701107708546 7.041491452586257e-5
112	(  -1.286627568999999971     1.6553975000000000772  )	5.228665639310851 -0.00013001310849691805
113	(  -1.2865814468000000836    1.6554190509999999747  )	5.228454712849982 0.0012723175001849718
114	(  -1.2866814468000000726    1.6554159489999999977  )	5.228912039139343 -0.0013319653934140696
115	(  -1.2866114468000000581    1.6554088940000000196  )	5.2285919086367905 0.0003987896321056006
116	(  -1.2866514468000000981    1.6554261059999999528  )	5.228774839152534 -0.0004583955253356642
117	(  -1.2866142350000000505    1.6554275000000000517  )	5.228604659704636 0.0005131029536475928
118	(  -1.2866486586000001058    1.6554074999999999207  )	5.228762087877179 -0.0005727067717975487
119	(  -1.2866298659999999554    1.655422500000000019   )	5.228676144083178 6.08791682221721e-5
120	(  -1.2866330275999999788    1.6554124999999999535  )	5.228690602911141 -0.00012047711142271211
121	(  -1.2866214467999999016    1.6554167096100000922  )	5.228637640965725 0.00021962244275197662
122	(  -1.2866414468000000326    1.6554182903900001023  )	5.228729106223597 -0.000279222335972662
123	(  -1.2866305607249999277    1.6554195000000000437  )	5.228679321241527 1.3002084722213425e-5
124	(  -1.2866279025000000313    1.6554254999999999942  )	5.228667164491551 0.00014140508450388722
125	(  -1.286632855124999919     1.6554245000000000765  )	5.22868981413711 3.9611289115448756e-6
126	(  -1.2866397383249998931    1.6554394999999999527  )	5.228721292887024 -2.3162370241802677e-5
127	(  -1.2866426229250000901    1.655414500000000011   )	5.228734484977324 -0.00034739127323879515
128	(  -1.28662308732499997      1.65543449999999992    )	5.228645143487715 0.0003553116228549591
129	(  -1.2866528551250000501    1.6554293840000000593  )	5.228781279851315 -0.00046185601314308045
130	(  -1.28661285512500001      1.6554196160000000937  )	5.228598349222905 0.00046977027095884694
131	(  -1.286638274825000039     1.6554195000000000437  )	5.228714599894652 -0.00018550244652359993
132	(  -1.2866274354250000211    1.6554295000000001092  )	5.228665028438313 0.00019342411687439665
133	(  -1.2866428551249999845    1.6554272098400000246  )	5.22873554689421 -0.00022626804211611784
134	(  -1.2866228551250000756    1.6554217901599999063  )	5.228644081580007 0.00023418829993016033
135	(  -1.2866347077930000431    1.655422500000000019   )	5.228698286883579 -6.371297578633417e-5
136	(  -1.286631002457000017     1.6554264999999999119  )	5.228681341397504 7.163516495101163e-5
137	(  -1.2866378551249999518    1.6554252410700001086  )	5.22871268049066 -0.00011729170660279564
138	(  -1.2866278551250001083    1.6554237589300000444  )	5.22866694783356 0.00012521346441696224
139	(  -1.2866336885030000836    1.6554254999999999942  )	5.2286936253968355 -7.483908350813806e-6
140	(  -1.2866320217469999765    1.6554234999999999367  )	5.228686002878772 1.540615227391129e-5
141	(  -1.2866348551249999765    1.6554240833100000163  )	5.22869896067253 -5.167112529624873e-5
142	(  -1.2866308551250000836    1.6554249166899999146  )	5.228680667609688 5.959330311000599e-5
143	(  -1.2866331042709999721    1.6554240000000000066  )	5.22869095354803 -7.450060299785122e-6
144	(  -1.286632605979000088     1.6554249999999999243  )	5.228688674726314 1.53723168705433e-5
145	(  -1.2866338551250000588    1.6554246245730999121  )	5.228694387403821 -2.052580719835717e-5
146	(  -1.2866318551250000013    1.6554243754269000188  )	5.228685240872399 2.8448045010787126e-5
147	(  -1.2866328382162000032    1.6554242999999999597  )	5.228689736808675 2.396237257507039e-6
148	(  -1.2866327874898000339    1.6554237000000000535  )	5.228689504823373 -2.2984377290313773e-6
149	(  -1.2866326353105999036    1.6554218999999998907  )	5.228688808867498 -1.6382462992847735e-5
150	(  -1.2866322588998000409    1.6554226999999999137  )	5.2286870874412035 1.3035839785402459e-6
151	(  -1.2866306731298000621    1.6554196999999999385  )	5.228679835298043 1.2109615574740218e-5
152	(  -1.286633779718800108     1.6554246999999999712  )	5.228694042551085 -1.783113485975818e-5
153	(  -1.2866307380807999738    1.6554207000000000782  )	5.228680132335943 2.0438256560506574e-5
154	(  -1.2866342588998000984    1.6554211791799999798  )	5.228696233974238 -6.536994637817983e-5
155	(  -1.2866302588997999834    1.6554242208200000697  )	5.2286779409161666 6.797703433703006e-5
156	(  -1.2866332588997999586    1.6554234087699999378  )	5.22869166070672 -1.734137119679957e-5
157	(  -1.2866312588997999011    1.6554219912299998896  )	5.2286825141776845 1.994851915876339e-5
158	(  -1.2866329676678001093    1.655421699999999996   )	5.228690328825251 -2.6934896504293704e-5
159	(  -1.2866315501317999725    1.6554237000000000535  )	5.228683846058159 2.954205441607627e-5
160	(  -1.2866323613516099655    1.6554222000000000659  )	5.22868755598044 -6.332772197747971e-6
161	(  -1.2866321564479898942    1.6554231999999999836  )	5.228686618901984 8.939939952767872e-6
162	(  -1.2866327588998001108    1.6554228024518000684  )	5.22868937407371 -1.0538223111922207e-5
163	(  -1.286631758899799971     1.6554225975481999811  )	5.228684800809192 1.3145386070778642e-5
164	(  -1.2866324588997999356    1.6554227916913000218  )	5.228688002094145 -2.926032454109162e-6
165	(  -1.2866323505910499669    1.655422500000000019   )	5.228687506769551 -3.0558745045539126e-6
166	(  -1.2866320588997999241    1.6554226083087000276  )	5.228686172788337 5.533199618490414e-6
167	(  -1.2866321672085498928    1.6554229000000000305  )	5.2286866681128705 5.663042301762289e-6
168	(  -1.2866323588998000993    1.6554227570977999573  )	5.228687544767665 -6.987026401894525e-7
169	(  -1.2866326588998000524    1.6554229283912000881  )	5.22868891674717 -6.705563690978522e-6
170	(  -1.2866321588997999825    1.6554225614491999696  )	5.22868663011476 2.4913403984250237e-6
171	(  -1.286632558899799994     1.655422952746399945   )	5.228688459420648 -3.888746473723614e-6
172	(  -1.2866321632511799056    1.6554229570978000741  )	5.22868665001477 6.335853892647236e-6
173	(  -1.286632554548420071     1.6554225570978000626  )	5.228688439520633 -7.733259930198244e-6
174	(  -1.2866323875972300872    1.6554228570978000157  )	5.228687676008608 -4.371634898525656e-7
175	(  -1.2866324736895200509    1.6554231570977999688  )	5.2286880697314535 3.47453865678915e-7
176	(  -1.286632731966389942     1.6554240570978000502  )	5.228689250900075 2.701305037433599e-6
177	(  -1.2866329736895198987    1.6554234984889999449  )	5.228690356364178 -9.104961369299502e-6
178	(  -1.286631973689519981     1.6554228157065999927  )	5.2286857830992295 9.799864104653722e-6
179	(  -1.286632815080680059     1.6554226570977998989  )	5.228689631003797 -1.343744635562416e-5
180	(  -1.2866321322983600428    1.6554236570978000387  )	5.228686508459344 1.4132351753293193e-5
181	(  -1.2866324156009401047    1.6554229570978000741  )	5.2286878040769915 -1.5777310125031363e-7
182	(  -1.2866322413352000442    1.6554223570977999458  )	5.228687007113639 -1.6734544039387345e-6
183	(  -1.2866323269508099791    1.6554234570977999219  )	5.228687398656476 7.123429439648277e-6
184	(  -1.2866325042510700083    1.6554224570978000042  )	5.228688209497521 -7.438975797580127e-6
185	(  -1.2866319156009400348    1.6554228684476999245  )	5.2286855174448235 1.1822047554232995e-5
186	(  -1.2866329156009399526    1.6554230457479000016  )	5.228690090709655 -1.2137598754957679e-5
187	(  -1.2866322543963200076    1.6554227570977999573  )	5.2286870668455965 1.990448432742653e-6
188	(  -1.2866325768055599799    1.6554231570977999688  )	5.2286885413084345 -2.3059951526072098e-6
189	(  -1.286632215600939988     1.6554231183023999652  )	5.228686889424063 6.600802162637365e-6
190	(  -1.2866326156009399995    1.6554227958931999609  )	5.228688718729996 -6.916349162278124e-6
191	(  -1.2866323156009400464    1.6554228714798999711  )	5.228687346750517 1.5593126301283178e-6
192	(  -1.2866325156009399411    1.655423042715699955   )	5.228688261403482 -1.8748590302486434e-6
193	(  -1.2866323299830499938    1.6554230570977999104  )	5.228687412523711 3.04540187956448e-6
194	(  -1.2866325012188299937    1.6554228570978000157  )	5.228688195630283 -3.3609482263941004e-6
195	(  -1.2866324316259900584    1.6554230070977999922  )	5.228687877363788 -7.014008041039688e-8
196	(  -1.2866324797011399195    1.6554231570977999688  )	5.228688097224185 1.9275895768444684e-7
197	(  -1.2866323391547200838    1.6554229070977999339  )	5.228687454468187 1.3093905337768774e-6
198	(  -1.286632524097260033     1.6554231070978000506  )	5.228688300259406 -1.449670863351571e-6
199	(  -1.28663233162599         1.6554230995690999428  )	5.228687420037311 3.4278376848106973e-6
200	(  -1.2866325316259898948    1.6554229146265000416  )	5.2286883346902835 -3.5681180388102973e-6
201	(  -1.286632404895819981     1.6554229570978000741  )	5.228687755119641 1.1769798913263685e-7
202	(  -1.286632324705309971     1.6554228070978000975  )	5.228687388387209 6.812121000621119e-7
203	(  -1.2866325048958200394    1.6554230300643000273  )	5.228688212446134 -1.7259019235993378e-6
204	(  -1.2866323048958199227    1.6554228841312998988  )	5.228687297793169 1.961297697583575e-6
205	(  -1.2866324778623099423    1.6554228570978000157  )	5.228688088814726 -2.7599230745245507e-6
206	(  -1.2866323319293300198    1.6554230570977999104  )	5.228687421424567 2.995318941767522e-6
207	(  -1.2866324161831299566    1.6554229070977999339  )	5.228687806739498 -6.727543899742727e-7
208	(  -1.2866323936085100055    1.6554230070977999922  )	5.2286877034997845 9.081503615782083e-7
209	(  -1.2866324548958198992    1.6554229683851100496  )	5.228687983782883 -1.0560613405985464e-6
210	(  -1.2866323548958200629    1.6554229458104900985  )	5.2286875264564046 1.291457265573115e-6
211	(  -1.2866324292964699261    1.6554231070978000506  )	5.228687866710276 9.898046426926044e-7
212	(  -1.2866324339555099687    1.6554229070977999339  )	5.228687888017299 -1.13008479685206e-6
213	(  -1.28663233162599         1.6554230047683000659  )	5.228687420037311 2.479829686041768e-6
214	(  -1.2866325316259898948    1.6554230094272999185  )	5.2286883346902835 -2.620110040041368e-6
215	(  -1.2866323942229300759    1.6554229570978000741  )	5.228687706309689 3.9233970738905555e-7
216	(  -1.286632469029050041     1.6554230570977999104  )	5.22868804841789 -5.326198948552019e-7
217	(  -1.2866323816259899182    1.6554230445008599748  )	5.2286876487005465 1.5905229311385938e-6
218	(  -1.2866324816259899766    1.6554229696947400097  )	5.2286881060270325 -1.7308031341478625e-6
219	(  -1.2866324240838800108    1.6554230270978000927  )	5.228687842871722 3.23938387225553e-7
220	(  -1.2866324116259899579    1.6554229995556899446  )	5.228687785898492 3.6909179046418217e-7
221	(  -1.286632439168100106     1.6554229870977998917  )	5.228687911855855 -4.642185502667928e-7
222	(  -1.2866324516259899369    1.6554230146399100398  )	5.228687968829085 -5.09371953505422e-7
223	(  -1.2866324314496599968    1.6554230170977999315  )	5.228687876557384 3.4397358295024105e-8
224	(  -1.2866324309206700338    1.6554230470977999712  )	5.2286878741381715 3.48009672190841e-7
225	(  -1.2866324311405799019    1.655422997097800053   )	5.22868787514388 -1.5764918925853522e-7
226	(  -1.2866324317587400916    1.655423037097800032   )	5.228687877970888 2.2644391028947553e-7
227	(  -1.286632441449659936     1.6554230164796499558  )	5.228687922290033 -2.2911062602659626e-7
228	(  -1.2866324214496600575    1.6554230177159499071  )	5.228687830824736 2.979053426166445e-7
229	(  -1.2866324317186099702    1.6554230070977999922  )	5.228687877787364 -7.252343614538859e-8
230	(  -1.2866324364496599664    1.6554230176357001003  )	5.228687899423708 -8.888688229902186e-8
231	(  -1.2866324311807100234    1.6554230270978000927  )	5.228687875327403 1.4131815495588285e-7
232	(  -1.2866324264496600271    1.6554230165598999847  )	5.22868785369106 1.5768160110951612e-7
233	(  -1.2866324306353100759    1.6554230120977999619  )	5.228687872833146 5.35274047308576e-9
234	(  -1.2866324281922600914    1.655422997097800053   )	5.228687861660433 -8.178111299272928e-8
235	(  -1.2866324275958000989    1.6554230020978000226  )	5.228687858932662 -1.6432617488959522e-8
236	(  -1.286632433674820053     1.6554230220977999011  )	5.22868788673363 2.7138096214684992e-8
237	(  -1.2866324356353100455    1.6554230060187800078  )	5.22868789569947 -1.8410070135033152e-7
238	(  -1.2866324256353101063    1.6554230181768199159  )	5.228687849966822 1.9480618229650304e-7
239	(  -1.2866324326208000706    1.6554230170977999315  )	5.228687881913317 4.260822805690623e-9
240	(  -1.2866324385772700545    1.6554230320978000623  )	5.228687909153833 9.850742443973104e-10
241	(  -1.2866324376208000402    1.6554230195134200798  )	5.228687904779642 -1.0024621799331612e-7
242	(  -1.286632427620800101     1.6554230146821800052  )	5.228687859046993 1.0876786582514342e-7
243	(  -1.2866324338286099227    1.6554230070977999922  )	5.228687887436952 -1.2681932393121542e-7
244	(  -1.2866324314129899964    1.6554230270978000927  )	5.228687876389682 1.3534097620393482e-7
245	(  -1.286632434620800014     1.6554230216005900722  )	5.228687891059846 -2.176572255763176e-9
246	(  -1.2866324406208000664    1.6554230351089600504  )	5.228687918499438 -2.148876632190877e-8
247	(  -1.2866324358437299935    1.6554230316005900114  )	5.22868789665263 6.635419991241065e-8
248	(  -1.2866324333978700345    1.6554230116005899109  )	5.228687885467065 -7.070734664438305e-8
249	(  -1.2866324296208000444    1.6554230240464400392  )	5.228687868193524 1.509451696968256e-7
250	(  -1.2866324396207999836    1.6554230191547401052  )	5.228687913926173 -1.5529831420835194e-7
251	(  -1.2866324326208000706    1.6554230189331300416  )	5.228687881913317 2.2614123906805617e-8
252	(  -1.2866324366207999574    1.6554230242680501028  )	5.228687900206377 -2.696726619788592e-8
253	(  -1.2866324335538099621    1.6554230266005900418  )	5.228687886180218 7.527990897315817e-8
254	(  -1.2866324356877900659    1.6554230166005901026  )	5.2286878959394745 -7.963305126423847e-8
255	(  -1.2866324347661000083    1.6554230236005900156  )	5.228687891724342 1.4084473587416824e-8
256	(  -1.2866324344755000197    1.6554230196005899067  )	5.228687890395352 -1.8437620319389225e-8
257	(  -1.2866324336207999313    1.6554230218911900607  )	5.228687886486581 2.6462079194544685e-8
258	(  -1.2866324356208000967    1.6554230213099900837  )	5.2286878956331115 -3.081522148562499e-8
259	(  -1.2866324341207999726    1.6554230214741800786  )	5.228687888773214 9.425653590966476e-9
260	(  -1.2866324345575999022    1.6554230226005899329  )	5.228687890770815 9.449734328370596e-9
261	(  -1.2866324346839999038    1.6554230206005899895  )	5.228687891348877 -1.38028721785588e-8
262	(  -1.2866324351208000554    1.6554230217270000658  )	5.228687893346478 -1.377879588204678e-8
263	(  -1.2866324346781798926    1.6554230221005898915  )	5.228687891322259 1.3468914872305504e-9
264	(  -1.2866324348503199726    1.6554230236005900156  )	5.2286878921095035 1.1917271613981484e-8
265	(  -1.2866324344430100091    1.6554230211005900308  )	5.228687890246767 -2.601563409143637e-9
266	(  -1.2866324349133499982    1.6554230231005899743  )	5.228687892397755 5.295341942712639e-9
267	(  -1.286632435178179934     1.6554230216302499024  )	5.2286878936088925 -1.622283418711845e-8
268	(  -1.2866324341781800733    1.6554230225709301028  )	5.228687889035629 1.8916612720687453e-8
269	(  -1.2866324346733499784    1.6554230216005900722  )	5.228687891300171 -3.5288216793105676e-9
270	(  -1.2866324348781799092    1.6554230220885199909  )	5.228687892236913 -3.92033960849858e-9
271	(  -1.2866324346830100289    1.6554230226005899329  )	5.22868789134435 6.222597992433521e-9
272	(  -1.2866324344781800981    1.6554230221126600142  )	5.228687890407609 6.614115921621533e-9
273	(  -1.2866324564466800062    1.6554230770978000109  )	5.228687990875378 -8.842178100820774e-9
274	(  -1.2866324390772700959    1.6554230325766901011  )	5.228687911440465 -7.092351150816967e-9
275	(  -1.2866324380772700131    1.6554230316189200156  )	5.2286879068672 9.062599559683804e-9
276	(  -1.2866324388167100778    1.6554230310977999796  )	5.228687910248856 -1.5176351286783074e-8
277	(  -1.2866324383378300311    1.655423033097799923   )	5.22868790805881 1.7146499775577695e-8
278	(  -1.286632438777270071     1.6554230321887200006  )	5.228687910068485 -3.252256242092244e-9
279	(  -1.2866324386136400726    1.655423031597800021   )	5.228687909320162 -4.950821974603059e-9
280	(  -1.2866324383772700379    1.6554230320068799021  )	5.22868790823918 5.222402510440816e-9
281	(  -1.2866324385409000364    1.6554230325978001037  )	5.228687908987503 6.920972683843729e-9
282	(  -1.2866324386641398991    1.6554230322978000789  )	5.228687909551111 7.496825382702355e-10
283	(  -1.2866324389247500992    1.6554230328977999065  )	5.22868791074295 4.349187676666588e-11
284	(  -1.2866324397065800333    1.6554230346978000554  )	5.228687914318466 -2.075062344175649e-9
285	(  -1.2866324394247499185    1.6554230332258399461  )	5.2286879130295825 -9.5424290691426e-9
286	(  -1.2866324384247500578    1.655423032569760089   )	5.228687908456317 9.629419484014079e-9
287	(  -1.286632439088770008     1.6554230318978000458  )	5.228687911493057 -1.4177174989526975e-8
288	(  -1.2866324387607299684    1.6554230338977999892  )	5.228687909992844 1.4264165404398454e-8
289	(  -1.2866324391247498937    1.6554230332896600064  )	5.228687911657603 -1.1844325520371513e-9
290	(  -1.2866324387247500827    1.6554230325059400286  )	5.228687909828297 1.2714229669086308e-9
291	(  -1.2866324390814900536    1.6554230323978000872  )	5.228687911459765 -8.989842203988019e-9
292	(  -1.2866324387680099228    1.6554230333977999479  )	5.228687910026137 9.076830398413449e-9
293	(  -1.2866324388971899229    1.6554230326977998899  )	5.22868791061691 -1.2473133637058709e-9
294	(  -1.2866324389523100535    1.655423033097799923   )	5.22868791086899 1.3343015581313011e-9
295	(  -1.2866324390247501075    1.6554230328426700058  )	5.228687911200277 -3.0810731743713404e-9
296	(  -1.2866324388247500909    1.6554230329529300292  )	5.228687910285624 3.168056927904672e-9
297	(  -1.2866324389747501034    1.6554230329263299737  )	5.228687910971614 -9.578404736032553e-10
298	(  -1.2866324388747500951    1.6554230328692700613  )	5.228687910514287 1.044824227136587e-9
299	(  -1.2866324389390200178    1.6554230327977998982  )	5.228687910808212 -1.3237122509224264e-9
300	(  -1.2866324389104899506    1.6554230329977999148  )	5.228687910677737 1.4104428736061436e-9
301	(  -1.2866324389447501009    1.6554230329010299894  )	5.228687910834415 -4.3886005940407813e-10
302	(  -1.2866324389260399563    1.6554230328477999024  )	5.2286879107488495 -4.896993921477133e-10
303	(  -1.2866324389047500976    1.6554230328945700457  )	5.228687910651485 5.258460333834591e-10
304	(  -1.2866324389234600201    1.6554230329477999106  )	5.228687910737052 5.766875865731436e-10
305	(  -1.2866324389195600286    1.6554230328777999048  )	5.228687910719216 -2.2954971257149737e-11
306	(  -1.2866324389039900389    1.6554230328177998999  )	5.228687910648009 -2.2229773577464584e-10
307	(  -1.2866324389215899604    1.655423032927799909   )	5.228687910728498 4.2480907680442215e-10
308	(  -1.2866324389175300968    1.6554230328277999007  )	5.228687910709931 -4.707190193187216e-10
309	(  -1.286632438899560027     1.6554230328828800634  )	5.228687910627751 5.424993787528365e-10
310	(  -1.2866324389395600303    1.6554230328727199684  )	5.228687910810682 -5.884071008210867e-10
311	(  -1.286632438918869914     1.6554230328977999065  )	5.228687910716061 1.9480417279282847e-10
312	(  -1.2866324389095600278    1.6554230328764298896  )	5.228687910673484 2.2067236926659461e-10
313	(  -1.2866324389202499212    1.6554230328577999032  )	5.22868791072237 -2.407074539689802e-10
314	(  -1.2866324389295600295    1.6554230328791699201  )	5.228687910764949 -2.6658009133484484e-10
315	(  -1.286632438921130106     1.6554230328877999057  )	5.2286879107263955 3.664402115077792e-11
316	(  -1.2866324389179899512    1.655423032867799904   )	5.228687910712035 -8.255174321902814e-11
317	(  -1.2866324389145600282    1.6554230328809500516  )	5.228687910696348 1.3721024316737385e-10
318	(  -1.286632438924560029     1.6554230328746499801  )	5.228687910742081 -1.8311796523562407e-10
319	(  -1.2866324389175600729    1.6554230328737200573  )	5.228687910710069 -1.2287948436551233e-11
320	(  -1.2866324389115599836    1.6554230328614800705  )	5.228687910682629 1.970867913314578e-11
321	(  -1.2866324388935599377    1.6554230328247601101  )	5.228687910600309 1.1569856184223681e-10
322	(  -1.2866324389034700104    1.6554230328414800688  )	5.228687910645632 2.7886581932534682e-11
323	(  -1.2866324389196499567    1.6554230328814800721  )	5.228687910719627 1.1532996779806126e-11
324	(  -1.2866324389215599844    1.6554230328452999021  )	5.228687910728362 -3.994182762312448e-10
325	(  -1.2866324389015599827    1.6554230328776600167  )	5.228687910636896 4.388356344975364e-10
326	(  -1.2866324389108099169    1.6554230328514800696  )	5.228687910679199 -6.098899163475835e-11
327	(  -1.2866324389123200422    1.6554230328714800713  )	5.228687910686104 1.0015099860538612e-10
328	(  -1.286632438916559984     1.6554230328599699451  )	5.228687910705496 -1.2405410032556574e-10
329	(  -1.2866324389065599831    1.6554230328629899738  )	5.228687910659763 1.634714585918573e-10
330	(  -1.28663243890976009      1.6554230328564800701  )	5.228687910674398 1.602495913743951e-11
331	(  -1.2866324389043599652    1.6554230328414800688  )	5.228687910649701 4.984901380566953e-12
332	(  -1.2866324388881600349    1.6554230327964800651  )	5.228687910575615 -2.814859456634622e-11
333	(  -1.286632438901889941     1.6554230328214800672  )	5.228687910638405 -1.3145484700771704e-10
334	(  -1.2866324389068299894    1.6554230328614800705  )	5.228687910660997 1.4142464976885094e-10
335	(  -1.286632438914359966     1.6554230328365400204  )	5.2286879106954345 -3.017430749707728e-10
336	(  -1.2866324388943599644    1.6554230328464301092  )	5.228687910603969 3.1181279780412297e-10
337	(  -1.2866324389047800736    1.655423032831480068   )	5.228687910651622 -1.0582645870726992e-10
338	(  -1.2866324389039400788    1.6554230328514800696  )	5.22868791064778 1.1578960013025608e-10
339	(  -1.2866324389093599656    1.6554230328423200636  )	5.228687910672567 -1.152788975389285e-10
340	(  -1.2866324388993599648    1.6554230328406400741  )	5.228687910626835 1.252487003000624e-10
341	(  -1.2866324389023600094    1.6554230328368499947  )	5.228687910640554 1.014743844507393e-11
342	(  -1.2866324388963599201    1.6554230328229599944  )	5.228687910613116 2.5646151868841116e-11
343	(  -1.2866324388991599026    1.6554230328268499939  )	5.228687910625919 -7.505107646466058e-12
344	(  -1.2866324388895600261    1.6554230327968499914  )	5.2286879105820185 -6.047384815133228e-11
345	(  -1.2866324389022198993    1.6554230328468499955  )	5.2286879106399144 1.1375345110309354e-10
346	(  -1.2866324388960999059    1.6554230328068499922  )	5.228687910611926 -1.2876366639602566e-10
347	(  -1.2866324388891599018    1.6554230328329599953  )	5.228687910580186 3.109223989383736e-10
348	(  -1.2866324389091599034    1.6554230328207399925  )	5.228687910671652 -3.2593039378525646e-10
349	(  -1.2866324388952901092    1.6554230328168499931  )	5.228687910608222 -7.924771949774367e-12
350	(  -1.286632438883680063     1.6554230327868499906  )	5.228687910555127 -9.168221737354543e-12
351	(  -1.2866324388488499242    1.6554230326968499831  )	5.228687910395839 -1.2896350654045818e-11
352	(  -1.286632438744359952     1.6554230324268499608  )	5.228687909917979 -2.4091839634365897e-11
353	(  -1.2866324384308900353    1.6554230316168498938  )	5.228687908484397 -5.768052702137538e-11
354	(  -1.2866324374904800631    1.6554230291868499148  )	5.228687904183655 -1.5844214829030534e-10
355	(  -1.2866324346692499248    1.6554230218968499777  )	5.228687891281422 -4.6071590986684896e-10
356	(  -1.2866324369904800218    1.6554230288458700038  )	5.228687901897023 9.298084524544947e-9
357	(  -1.2866324379904801045    1.6554230295278300478  )	5.228687906470288 -9.614966600679509e-9
358	(  -1.2866324373199899966    1.6554230301868499975  )	5.228687903403958 1.4228720424114272e-8
359	(  -1.2866324376609699076    1.6554230281868500541  )	5.228687904963349 -1.4545595838910685e-8
360	(  -1.2866324372904800466    1.6554230291424800736  )	5.228687903269003 4.5443893093022325e-9
361	(  -1.2866324376904800797    1.6554230292312199779  )	5.228687905098308 -4.861271385436794e-9
362	(  -1.2866324374727300395    1.6554230296868499561  )	5.228687904102479 5.298312899526536e-9
363	(  -1.2866324375082300868    1.6554230286868500954  )	5.22868790426483 -5.6151949756610975e-9
364	(  -1.2866324373945499104    1.6554230289868498982  )	5.22868790374494 3.100941725620032e-10
365	(  -1.2866324375864099938    1.6554230293868499313  )	5.228687904622366 -6.269718078044662e-10
366	(  -1.2866324373904800549    1.6554230293787199901  )	5.228687903726328 4.3335246502351765e-9
367	(  -1.2866324375904800714    1.6554230289949800614  )	5.2286879046409815 -4.650404505923689e-9
368	(  -1.286632437484690028     1.655423029286849923   )	5.228687904157176 9.90552084800811e-10
369	(  -1.286632437440480059     1.6554230291752800586  )	5.228687903954992 1.0124923122134533e-9
370	(  -1.2866324374962700983    1.6554230290868499065  )	5.228687904210134 -1.3074341609353723e-9
371	(  -1.2866324375404800673    1.655423029198419993   )	5.228687904412318 -1.3293743883480147e-9
372	(  -1.2866324374971800371    1.6554230292368499189  )	5.2286879042142935 1.6914913913979035e-10
373	(  -1.2866324374837800892    1.6554230291368499106  )	5.228687904153013 -4.86033435720401e-10
374	(  -1.2866324374704800615    1.6554230292036100636  )	5.22868790409219 5.238121048023459e-10
375	(  -1.2866324375104800648    1.655423029170089988   )	5.22868790427512 -8.406941809369073e-10
376	(  -1.2866324374901199068    1.6554230292068499164  )	5.2286879041820065 5.0826010067339666e-11
377	(  -1.2866324374890401039    1.6554230292668499214  )	5.228687904177069 6.786127215718807e-10
378	(  -1.2866324375001199076    1.6554230292166300931  )	5.228687904227739 -1.0869971589499983e-10
379	(  -1.286632437480119906     1.6554230291970699618  )	5.228687904136273 2.103539564757284e-10
380	(  -1.2866324374920798945    1.6554230291568499123  )	5.228687904190971 -4.996092428655174e-10
381	(  -1.2866324374881599191    1.6554230292568499205  )	5.228687904173044 6.012612630001968e-10
382	(  -1.2866324374951199072    1.6554230292079399334  )	5.228687904204874 -6.693756660069994e-11
383	(  -1.286632437490389913     1.6554230291868499148  )	5.228687904183241 -1.5612178216883876e-10
384	(  -1.2866324374851199064    1.6554230292057598994  )	5.228687904159142 1.6858958673537927e-10
385	(  -1.2866324374898499006    1.6554230292268499181  )	5.228687904180771 2.577738023035181e-10
386	(  -1.286632437488119951     1.6554230291990799095  )	5.228687904172861 2.4589219549397967e-11
387	(  -1.2866324374821200838    1.655423029175770111   )	5.228687904145421 -5.411449066627938e-11
388	(  -1.2866324374931199515    1.6554230291991900437  )	5.228687904195727 -1.0297096508793402e-10
389	(  -1.2866324374831199506    1.6554230291989699975  )	5.228687904149995 1.5215384507882845e-10
390	(  -1.2866324374881499271    1.6554230291790799079  )	5.228687904172997 -1.761812917777661e-10
391	(  -1.286632437488089975     1.6554230292190799112  )	5.228687904172725 2.2536195132261128e-10
392	(  -1.2866324374901199068    1.6554230292009699532  )	5.2286879041820065 -7.973621762857874e-12
393	(  -1.2866324374961199961    1.6554230292066400843  )	5.2286879042094485 -1.056710274838224e-10
394	(  -1.2866324374951199072    1.6554230292202500863  )	5.228687904204874 5.616396236973742e-11
395	(  -1.2866324374851199064    1.6554230291816900422  )	5.228687904159142 -7.210898544940392e-11
396	(  -1.2866324374852999846    1.6554230292209699549  )	5.2286879041599645 3.160560702042403e-10
397	(  -1.2866324374949400511    1.6554230291809699516  )	5.22868790420405 -3.3200775462205456e-10
398	(  -1.286632437488119951     1.6554230291985398971  )	5.228687904172861 1.9189094757621206e-11
399	(  -1.2866324374921200846    1.6554230292034000094  )	5.228687904191154 -3.5142999621484705e-11
400	(  -1.2866324374896300764    1.6554230292109699541  )	5.228687904179768 1.0463185873277325e-10
401	(  -1.2866324374906099592    1.6554230291909699524  )	5.228687904184248 -1.205835431505875e-10
402	(  -1.2866324374891200399    1.6554230292003000446  )	5.228687904177434 1.1055600879217309e-11
403	(  -1.2866324374911199957    1.6554230292016400838  )	5.22868790418658 -2.7007285297031558e-11
404	(  -1.2866324374899900107    1.6554230292059699536  )	5.228687904181413 4.53681536782824e-11
405	(  -1.2866324374902500249    1.6554230291959699528  )	5.228687904182603 -6.13220585421459e-11
406	(  -1.2866324374906199512    1.6554230292028599969  )	5.228687904184293 -1.9406698470447736e-12
407	(  -1.2866324374921200846    1.6554230292085299059  )	5.228687904191154 1.6155965454345278e-11
408	(  -1.2866324374896200844    1.6554230292036000716  )	5.228687904179721 3.11883852077699e-11
409	(  -1.2866324374916200401    1.6554230292021199222  )	5.228687904188867 -3.5076386240007196e-11
410	(  -1.2866324374907700534    1.6554230292078599973  )	5.228687904184979 4.419797861032748e-11
411	(  -1.2866324374904700711    1.6554230291978599965  )	5.228687904183609 -4.808375919651553e-11
412	(  -1.2866324374909099415    1.6554230292048599527  )	5.228687904185621 1.0595968547022494e-11
413	(  -1.286632437490329961     1.6554230292008600411  )	5.228687904182968 -1.4477308241112041e-11
414	(  -1.2866324374901199068    1.6554230292040099659  )	5.2286879041820065 2.2426505097428162e-11
415	(  -1.2866324374911199957    1.6554230292017100279  )	5.22868790418658 -2.630784479151771e-11
416	(  -1.2866324374908200134    1.6554230292035601035  )	5.228687904185209 -8.659739592076221e-14
417	(  -1.286632437491419978     1.6554230292056599794  )	5.228687904187953 5.473399511402022e-12
418	(  -1.286632437490319969     1.6554230292037699357  )	5.228687904182922 1.4879208976026348e-11
419	(  -1.2866324374913200579    1.6554230292033500493  )	5.228687904187495 -1.5054624213917123e-11
420	(  -1.2866324374908699735    1.6554230292055600593  )	5.228687904185438 1.8627321907160876e-11
421	(  -1.2866324374907700534    1.6554230292015599257  )	5.228687904184979 -1.880273714505165e-11
422	(  -1.2866324374906199512    1.6554230292036600236  )	5.228687904184293 6.059597268404104e-12
423	(  -1.2866324374910200756    1.6554230292034599614  )	5.228687904186125 -6.2372329523441294e-12
424	(  -1.2866324374908399975    1.6554230292045599704  )	5.228687904185301 9.396927680427325e-12
425	(  -1.2866324374908000294    1.6554230292025600146  )	5.228687904185118 -9.57456336436735e-12
426	(  -1.2866324374909199335    1.6554230292039500139  )	5.228687904185666 1.241229341530925e-12
427	(  -1.2866324374907200934    1.6554230292031699712  )	5.228687904184752 -1.41886502547095e-12
428	(  -1.2866324374907400774    1.6554230292040599259  )	5.228687904184843 6.9677597025474824e-12
429	(  -1.2866324374908999495    1.6554230292030600591  )	5.228687904185574 -7.1453953864875075e-12
430	(  -1.2866324374908100214    1.6554230292037599437  )	5.228687904185162 2.1671553440683056e-12
431	(  -1.2866324374908300054    1.6554230292033600414  )	5.228687904185255 -2.3447910280083306e-12
432	(  -1.2866324374908100214    1.6554230292034599614  )	5.228687904185162 -8.326672684688674e-13
