1	(  -8.75                    -9.3599999999999994316  )	13.711084062964826 6099.55100625
2	(  -9.75                    -8.3599999999999994316  )	12.924999021298813 9293.89350625
3	(  -7.75                   -10.359999999999999432   )	14.471897929803001 3831.95850625
4	(  -4.75                   -13.359999999999999432   )	16.51965646520823 729.68100625
5	(   4.25                   -22.359999999999999432   )	25.307723054367628 859.3485062499999
6	(  -4.75                   -18.359999999999999432   )	21.51965646520823 888.28100625
7	(   0.25                   -13.359999999999999432   )	13.420624621816435 175.61850625
8	(  15.25                   -13.359999999999999432   )	18.813449707245702 54725.93100625
9	(   3.25                   -18.359999999999999432   )	20.807767102838543 466.78100624999996
10	(  -2.75                    -8.3599999999999994316  )	10.507392203588342 139.20600624999997
11	( -11.75                     6.6399999999999996803  )	-1.7050765276394406 19378.46850625
12	(  17.25                   -18.359999999999999432   )	24.05897929115018 89472.65600625
13	( -22.75                     1.6399999999999999023  )	4.611060560424504 268905.75600625
14	( -22.75                   -18.359999999999999432   )	24.611060560424505 269240.15600625
15	(  17.25                     1.6399999999999999023  )	4.058979291150181 89138.25600625
16	(   7.25                    -7.3600000000000003197  )	11.340849196357999 2919.11100625
17	(  -1.75                   -13.359999999999999432   )	14.761798547655856 190.99350625
18	(  -3.75                    -3.3599999999999998757  )	6.0722082112508735 234.16850625
19	( -12.75                    -9.3599999999999994316  )	14.457195180290364 26836.30100625
20	(   2.25                   -10.359999999999999432   )	12.1621222562636 140.08350624999997
21	(   2.25                    -6.3600000000000003197  )	8.162122256263602 73.20350625
22	(  17.25                    -0.35999999999999998668 )	6.058979291150181 89135.69600625
23	(   9.25                   -11.359999999999999432   )	15.820866696381657 7618.11600625
24	(  -4.75                    -1.3600000000000000977  )	4.51965646520823 553.04100625
25	(  -7.75                    -9.3599999999999994316  )	13.471897929803001 3812.23850625
26	(  12.25                    -3.3599999999999998757  )	8.377693658463702 22827.16850625
27	(   6.25                    -8.3599999999999994316  )	12.050440734680889 1670.89350625
28	(  -1.75                    -4.3600000000000003197  )	5.761798547655856 31.513506250000006
29	( -13.75                     1.6399999999999999023  )	3.6073529654375838 36122.44350625
30	(   8.25                    -5.3600000000000003197  )	9.595011891712073 4794.35850625
31	(  -3.75                    -9.3599999999999994316  )	12.072208211250873 310.48850625
32	(   0.25                     0.64000000000000001332 )	-0.5793753781835652 -2.46149375
33	(   6.25                    15.640000000000000568   )	-11.949559265319111 1845.61350625
34	(  10.25                    -9.3599999999999994316  )	14.024028542994444 11332.86350625
35	(  -9.75                    10.640000000000000568   )	-6.075000978701186 9337.21350625
36	(  20.25                     5.6399999999999996803  )	0.37874527106156997 169000.18850625
37	( -19.75                    -4.3600000000000003197  )	10.328867393758582 152944.88850625
38	(  10.25                    -4.3600000000000003197  )	9.024028542994445 11264.26350625
39	(  -9.75                     5.6399999999999996803  )	-1.0750009787011852 9255.81350625
40	(  10.25                     5.6399999999999996803  )	-0.9759714570055547 11277.06350625
41	(  -9.75                    -4.3600000000000003197  )	8.924999021298815 9243.01350625
42	(   5.25                     0.64000000000000001332 )	2.7120946686544234 812.22600625
43	(  -4.75                     0.64000000000000001332 )	2.5196564652082296 551.60100625
44	(  -0.75                    -1.3600000000000000977  )	1.8062871026284197 0.2910062500000006
45	(  -3.75                    -7.3600000000000003197  )	10.072208211250874 277.04850625
46	(  -5.75                    -6.3600000000000003197  )	9.888197072423463 1196.70350625
47	(   9.25                    -3.3599999999999998757  )	7.820866696381657 7500.35600625
48	(   4.25                     3.6400000000000001243  )	-0.6922769456323699 372.62850625
49	( -10.75                     0.64000000000000001332 )	4.118427609838135 13583.22600625
50	(   4.25                    -2.3599999999999998757  )	5.30772305436763 364.94850625
51	(  -5.75                    -0.35999999999999998668 )	3.8881970724234627 1156.38350625
52	(  -2.75                    -3.3599999999999998757  )	5.507392203588344 80.60600625
53	(   1.25                     0.64000000000000001332 )	0.30098334446452657 2.97600625
54	(   1.25                    -0.35999999999999998668 )	1.3009833444645267 2.69600625
55	(   1.25                    -2.3599999999999998757  )	3.3009833444645267 8.13600625
56	(  -2.75                    -2.3599999999999998757  )	4.507392203588344 74.88600625
57	(  -2.75                    -0.35999999999999998668 )	2.5073922035883434 69.44600625
58	(  -1.75                    -1.8600000000000000977  )	3.261798547655856 15.963506250000002
59	(  -1.75                    -0.96999999999999997335 )	2.371798547655856 13.44480625
60	(   0.25                    -0.85999999999999998668 )	0.9206246218164348 -2.13149375
61	(   0.25                    -1.75                   )	1.8106246218164348 0.19140625
62	(   3.25                    -2.75                   )	5.197767102838544 137.25390625
63	(   1.25                    -2.75                   )	3.6909833444645264 10.12890625
64	(   2.25                    -1.75                   )	3.5521222562636017 35.81640625
65	(  -1.75                    -1.75                   )	3.151798547655856 15.56640625
66	(  -0.75                    -0.75                   )	1.1962871026284194 -0.99609375
67	(   3.25                    -2.9199999999999999289  )	5.367767102838544 138.21780625
68	(   1.25                    -2.25                   )	3.1909833444645264 7.62890625
69	(   1.25                    -1.4599999999999999645  )	2.4009833444645263 4.698006249999999
70	(  -0.75                    -1.25                   )	1.6962871026284194 0.00390625
71	(  -3.75                     0.75                   )	1.9622082112508736 223.44140625
72	(   1.25                    -1.25                   )	2.1909833444645264 4.12890625
73	(  -0.75                    -0.25                   )	0.6962871026284195 -1.49609375
74	(  -0.75                    -2.25                   )	2.6962871026284194 3.50390625
75	(  -2.75                    -1.25                   )	3.3973922035883435 70.87890625
76	(  -3.75                     0.25                   )	2.4622082112508736 222.94140625
77	(  -0.75                    -1.75                   )	2.1962871026284194 1.50390625
78	(   0.25                    -1.4599999999999999645  )	1.5206246218164348 -0.7394937500000003
79	(  -1.75                    -1.0400000000000000355  )	2.441798547655856 13.585506250000002
80	(  -0.25                    -1.4299999999999999378  )	1.4906246218164347 -0.8261937500000003
81	(  -0.30999999999999999778  -1.0500000000000000444  )	1.1417584252395407 -1.6960647899999999
82	(  -1.1899999999999999467   -1.4499999999999999556  )	2.332154669944473 3.940039210000001
83	(  -1.25                    -1.0700000000000000622  )	2.0109833444645266 3.71130625
84	(  -0.55000000000000004441  -1.3500000000000000888  )	1.614285494645385 -0.48099374999999966
85	(  -0.55000000000000004441  -1.1499999999999999112  )	1.4142854946453849 -0.9809937500000006
86	(  -0.94999999999999995559  -1.1499999999999999112  )	1.7931688107537038 0.9420062499999986
87	(  -0.94999999999999995559  -1.3500000000000000888  )	1.993168810753704 1.4420062499999995
88	(  -0.69999999999999995559  -1.3000000000000000444  )	1.6987761199573679 -0.08990000000000009
89	(  -0.80000000000000004441  -1.1999999999999999556  )	1.6946962418361071 0.12959999999999994
90	(  -0.6500000000000000222   -1.2262999999999999456  )	1.5787158870183489 -0.47268206000000035
91	(  -0.8499999999999999778   -1.2737000000000000544  )	1.8174767239056766 0.5893179399999999
92	(  -0.73540000000000005365  -1.2700000000000000178  )	1.702310303042903 -0.012994805970813594
93	(  -0.76459999999999994635  -1.2299999999999999822  )	1.690340314449518 0.02389886684518583
94	(  -0.69999999999999995559  -1.2441999999999999726  )	1.6429761199573678 -0.23186636000000016
95	(  -0.80000000000000004441  -1.2558000000000000274  )	1.7504962418361072 0.2666336400000002
96	(  -0.74280000000000001581  -1.2600000000000000089  )	1.6993845120689373 -0.004466227056613814
97	(  -0.75719999999999998419  -1.2399999999999999911  )	1.6932082735720386 0.013036012431385302
98	(  -0.72999999999999998224  -1.2463999999999999524  )	1.6735613661899245 -0.09670463000000007
99	(  -0.77000000000000001776  -1.2536000000000000476  )	1.7191562543184555 0.10884337000000066
100	(  -0.74809999999999998721  -1.2450000000000001066  )	1.6894637517340385 -0.017455616813967456
101	(  -0.75190000000000001279  -1.2549999999999998934  )	1.7031117473513016 0.02535692434003245
102	(  -0.73999999999999999112  -1.2509500000000000064  )	1.687655343844221 -0.04005833749999965
103	(  -0.76000000000000000888  -1.2490499999999999936  )	1.704954704866234 0.04894766249999982
104	(  -0.74499999999999999556  -1.2517920000000000158  )	1.6932836226723793 -0.014914038110999783
105	(  -0.74551900000000004276  -1.2479999999999999982  )	1.6899889696656822 -0.02198678045829361
106	(  -0.75500000000000000444  -1.2482079999999999842  )	1.699299542800317 0.02300171188900002
107	(  -0.75448099999999995724  -1.2520000000000000018  )	1.7025924321733865 0.030023134395404938
108	(  -0.74875000000000002665  -1.2509999999999998899  )	1.696087383252841 0.0005562675805661499
109	(  -0.74499999999999999556  -1.2540000000000000036  )	1.6954916226723793 -0.009381249375000067
110	(  -0.74717500000000003357  -1.2529999999999998916  )	1.6965765399703616 -0.0017841092127315328
111	(  -0.75032500000000001972  -1.2490000000000001101  )	1.6955991215454542 0.0029312553373710415
112	(  -0.7437500000000000222   -1.2503699999999999815  )	1.6906641808920104 -0.024256258058496183
113	(  -0.75375000000000003109  -1.2516300000000000203  )	1.7015196058145616 0.02563777623837904
114	(  -0.74907100000000004236  -1.25                   )	1.6953954175416497 -0.0004438010591747421
115	(  -0.75003399999999997849  -1.2470000000000001084  )	1.6933197428355622 -0.0034253687863818882
116	(  -0.75368800000000002459  -1.2479999999999999982  )	1.6978300039951246 0.016271007894267164
117	(  -0.74445399999999994911  -1.2520000000000000018  )	1.692968509145934 -0.016921810933972825
118	(  -0.7540710000000000468   -1.251846999999999932   )	1.7020452110092985 0.027699256685590257
119	(  -0.74407100000000003792  -1.248153000000000068   )	1.6887546288552824 -0.028311702527028082
120	(  -0.74891600000000002613  -1.2509999999999998899  )	1.6962466736056445 0.001332312106098854
121	(  -0.74922599999999994758  -1.2490000000000001101  )	1.6945441701310426 -0.0022176563571956187
122	(  -0.75107100000000004414  -1.2500780000000000225  )	1.697393467785909 0.009127737616133835
123	(  -0.74707100000000004059  -1.2499219999999999775  )	1.6933988080333766 -0.009972394381057903
124	(  -0.75007100000000004325  -1.2495697100000000557  )	1.6959249735316524 0.0031635497459330253
125	(  -0.74807100000000004147  -1.2504302899999999443  )	1.694866221734607 -0.004040048274958963
126	(  -0.74993200000000004302  -1.2504999999999999449  )	1.6967218234571408 0.004837774853056587
127	(  -0.74821000000000004171  -1.2495000000000000551  )	1.6940692786372846 -0.005716920158250982
128	(  -0.74915003999999996154  -1.250199999999999978   )	1.695671270684502 0.00042598373041524695
129	(  -0.74899196000000001217  -1.249800000000000022   )	1.695119566648974 -0.0013134387944617743
130	(  -0.7495709999999999873   -1.249968380000000101   )	1.6958436756337973 0.0018172524833728332
131	(  -0.74857099999999998641  -1.250031619999999899   )	1.6949472494951772 -0.0027021692798605557
132	(  -0.74938700000000002532  -1.2507999999999999119  )	1.6964986900398416 0.003035471567477188
133	(  -0.74897303999999997881  -1.249700000000000033   )	1.6950014103673567 -0.001651869521354321
134	(  -0.74932704000000005529  -1.2506999999999999229  )	1.696341142281053 0.0025046732898976742
135	(  -0.74815003999999996065  -1.2502886099999999114  )	1.694800366338668 -0.004025453044189664
136	(  -0.75015003999999996243  -1.2501113900000000445  )	1.696542535061491 0.0048881709198749235
137	(  -0.74938716000000005213  -1.2507999999999999119  )	1.6964988436046369 0.0030362205137954845
138	(  -0.74903531999999994895  -1.2503999999999999559  )	1.69576117688025 0.00038947182297555116
139	(  -0.74869132000000004901  -1.2509999999999998899  )	1.696031077450682 0.00028201123699211905
140	(  -0.74765932000000001612  -1.2527999999999999137  )	1.6968410357286317 -2.8437484330012808e-5
141	(  -0.74456332000000002846  -1.2581999999999999851  )	1.699273238021437 -0.0008525572045439134
142	(  -0.74521731999999996088  -1.2507999999999999119  )	1.6924998638963293 -0.01638930227384172
143	(  -0.75010131999999996033  -1.2547999999999999154  )	1.7011843716677082 0.016404282681484972
144	(  -0.74265932000000001167  -1.2537769999999999193  )	1.6930268330021518 -0.020757970529920566
145	(  -0.75265932000000002056  -1.251822999999999908   )	1.7006643111278796 0.020970704206893842
146	(  -0.74874331999999998999  -1.2538000000000000256  )	1.6988809734635442 0.007538484988524274
147	(  -0.74657532000000004224  -1.2518000000000000238  )	1.694801524419987 -0.007580777532909089
148	(  -0.74965932000000001789  -1.2522580000000000933  )	1.6982180706395196 0.007960034783278225
149	(  -0.74565932000000001434  -1.2533419999999999561  )	1.6954654524163568 -0.007973490457916732
150	(  -0.74803032000000002633  -1.2533000000000000806  )	1.6976969075037969 0.002955095151358833
151	(  -0.7472883200000000059   -1.2522999999999999687  )	1.6959852139031537 -0.003009996269304871
152	(  -0.748659320000000017    -1.2526147299999998985  )	1.6976151026970465 0.004175128234782832
153	(  -0.74665932000000001523  -1.2529852699999999288  )	1.6960673316588328 -0.004221226617991736
154	(  -0.74786766000000004517  -1.2525999999999999357  )	1.6968408741293786 0.0004420766313124602
155	(  -0.74745097999999998706  -1.2529999999999998916  )	1.6968412130796864 -0.0004984068161650868
156	(  -0.74815931999999996105  -1.252883339999999901   )	1.697403998970894 0.0025129185046806057
157	(  -0.74715931999999996016  -1.2527166599999999264  )	1.6962781632109583 -0.002567102598728166
158	(  -0.74770915000000004458  -1.2528999999999999027  )	1.696988830914653 0.00045447255170039114
159	(  -0.74760948999999998765  -1.2526999999999999247  )	1.6966932414436968 -0.0005113009322523787
160	(  -0.74785931999999999409  -1.2527750900000000911  )	1.697007964152071 0.000841840212324918
161	(  -0.74745932000000003814  -1.2528249099999999583  )	1.6966741218211236 -0.0008982856226249503
162	(  -0.74765594000000001884  -1.2528500000000000192  )	1.6968877937839646 8.108620895264096e-5
163	(  -0.74766270000000001339  -1.2527500000000000302  )	1.6967942776774443 -0.0001379560552807746
164	(  -0.7477593200000000051   -1.2528016908999999313  )	1.696938644026823 0.00044209147500229307
165	(  -0.74755932000000002713  -1.2527983090999998961  )	1.6967434310594227 -0.0004988593586090495
166	(  -0.74768574949999999646  -1.2527800000000000047  )	1.69684638586465 4.467921140527409e-5
167	(  -0.74763289050000003577  -1.2528200000000000447  )	1.6968356858461044 -0.00010154590037547706
168	(  -0.74770932000000001061  -1.2528105717999999946  )	1.696899565774225 0.0002311840621915806
169	(  -0.74760932000000002162  -1.2527894282000000548  )	1.696782506590284 -0.00028803203749117046
170	(  -0.74767452820000002145  -1.2527900000000000702  )	1.6968456228044468 1.7414367174950485e-5
171	(  -0.74772015280000003745  -1.2527600000000000957  )	1.6968593845354318 0.00015498598210683667
172	(  -0.74762452820000002696  -1.2528041754000001085  )	1.6968118405901222 -0.00018018193817770367
173	(  -0.74763908980000004512  -1.2527699999999999392  )	1.6967916318884155 -0.00019792341361490884
174	(  -0.74772452820000001594  -1.2527758246000000319  )	1.6968794059259438 0.00021503784492793443
175	(  -0.74770996659999999778  -1.2528099999999999792  )	1.6968996141761978 0.00023276639618874384
176	(  -0.74767043010000000525  -1.2527800000000000047  )	1.6968316920683284 -2.6748838234169625e-5
177	(  -0.74767862630000003765  -1.2527999999999999137  )	1.6968595535466593 6.157795242245356e-5
178	(  -0.74765452820000000145  -1.2527920489999999631  )	1.6968284886498428 -7.070054955349292e-5
179	(  -0.74769452820000004145  -1.2527879509999999552  )	1.6968627571041985 0.00010553357558329424
180	(  -0.74766994360000005315  -1.2527850000000000374  )	1.696836225437094 -1.6489321094326215e-5
181	(  -0.74765618980000003724  -1.2527699999999999392  )	1.6968080333807984 -0.00011819873549523408
182	(  -0.74768136320000000428  -1.252795000000000103   )	1.696857178680812 6.181107017599885e-5
183	(  -0.74768994359999996213  -1.2527792901999998953  )	1.6968496989035744 6.245656368086827e-5
184	(  -0.74765852399999999101  -1.2527749999999999719  )	1.6968152722406975 -9.478811594831882e-5
185	(  -0.74764994360000003315  -1.2527907097999999575  )	1.6968227521157642 -9.543085741725577e-5
186	(  -0.74767994360000000764  -1.2527801087840000349  )	1.6968409258361912 1.7880961221017344e-5
187	(  -0.74767972599999998895  -1.2527900000000000702  )	1.6968506083382604 4.1649513168096064e-5
188	(  -0.74765994359999998764  -1.25278989121600004    )	1.696831525074284 -5.085848475028243e-5
189	(  -0.74766016120000000633  -1.2527800000000000047  )	1.6968218425706527 -7.462708064132073e-5
190	(  -0.74767494359999997489  -1.2527855739489999198  )	1.6968415951891065 8.261386009955629e-6
191	(  -0.74768994359999996213  -1.2527872957960000111  )	1.6968577044995745 8.25151175192218e-5
192	(  -0.7476649436000000204   -1.252788987860999903   )	1.696835417504153 -2.98098099822397e-5
193	(  -0.74766811580000003268  -1.2527805739490001091  )	1.6968300462346089 -3.6101183011005844e-5
194	(  -0.7476849436000000404   -1.2527821600369999366  )	1.6968477729103473 4.633367613404715e-5
195	(  -0.74768177140000002812  -1.2527905739489999526  )	1.696853144160521 5.26245042369311e-5
196	(  -0.74767349138500005523  -1.2527875739489999773  )	1.6968422022807574 6.501512382683927e-6
197	(  -0.7476691347399999632   -1.2527935739489999278  )	1.696844023560301 1.2220749949776177e-6
198	(  -0.74765606480500002018  -1.2528115739490000013  )	1.696849487440259 -1.4614585706951289e-5
199	(  -0.74766558873999999779  -1.2527835739490000844  )	1.6968306223833438 -4.036682594943386e-5
200	(  -0.74767268074000003963  -1.2528035739489999933  )	1.6968574247418218 4.281131058636589e-5
201	(  -0.74764913474000005422  -1.2527953469490000771  )	1.6968266134448422 -8.758321513324674e-5
202	(  -0.7476891347399999832   -1.2527918009490000006  )	1.696861433820912 9.003165465593099e-5
203	(  -0.74766107453999997023  -1.2527985739489999606  )	1.6968412925554779 -2.383023480501123e-5
204	(  -0.74767719493999995617  -1.2527885739489998951  )	1.6968467545886994 2.627513046782326e-5
205	(  -0.74765913474000000871  -1.2527895438339999856  )	1.6968304018694267 -5.5500098150584876e-5
206	(  -0.74767913474000002871  -1.2527976040640000921  )	1.6968576452874637 5.794535143710533e-5
207	(  -0.74766413474000004147  -1.2527952863069999889  )	1.696840940125828 -1.779978624405487e-5
208	(  -0.74767413473999999596  -1.2527918615910000888  )	1.6968471070038467 2.0244209803621516e-5
209	(  -0.74766485384600001041  -1.2527915739490000924  )	1.696837917503898 -2.3748631398312625e-5
210	(  -0.74767341563400002702  -1.2527955739489999853  )	1.696850129623355 2.6192985627560006e-5
211	(  -0.74766849373800003953  -1.2527945739490000676  )	1.696844408737281 7.389986187433806e-7
212	(  -0.74766657073200004646  -1.2527975739490000429  )	1.6968455642691145 -7.101921157826041e-7
213	(  -0.74766080171399995624  -1.2528065739489999686  )	1.6968490308726665 -5.05741873091381e-6
214	(  -0.74767581783199998924  -1.2527925739490000101  )	1.6968494337189304 2.9876591261412955e-5
215	(  -0.74765732363199999266  -1.2528025739490000756  )	1.6968416948503284 -3.129600985785075e-5
216	(  -0.74767657073200000095  -1.2528021975129999266  )	1.6968597794359725 5.7499790077741864e-5
217	(  -0.74765657073199998095  -1.2527929503849999371  )	1.6968313491385445 -5.8919060748063856e-5
218	(  -0.74766924374900001204  -1.2527955739489999853  )	1.6968461281173106 6.741506950902476e-6
219	(  -0.74766389771499996986  -1.2527995739490001004  )	1.6968450004235112 -8.16180667229105e-6
220	(  -0.7476715707319999682   -1.2527986431560000913  )	1.6968514292730077 2.5281265692456145e-5
221	(  -0.74766157073200001371  -1.2527965047419999944  )	1.6968396992742933 -2.670137993643351e-5
222	(  -0.74766857073199999295  -1.2527968442840000662  )	1.6968467529217832 6.7865139268263874e-6
223	(  -0.74766457073199998895  -1.2527983036140000195  )	1.6968443756178972 -8.206854260617291e-6
224	(  -0.7476680300619999997   -1.2527985739489999606  )	1.6968479639982328 8.599489882854527e-6
225	(  -0.7476651114019999822   -1.2527965739489999031  )	1.6968431645407687 -1.001984930937283e-5
226	(  -0.74766679647800005082  -1.2527980739489998907  )	1.696846280795312 1.5951387126733607e-6
227	(  -0.74766634498600004211  -1.252797073948999973   )	1.6968448477429352 -3.0155218979643905e-6
228	(  -0.7476675707319999642   -1.2527974610758700891  )	1.6968464105546373 3.6694634726330833e-6
229	(  -0.74766557073200001771  -1.2527976868221299966  )	1.6968447179839545 -5.089836970562089e-6
230	(  -0.74766658237960004207  -1.2527977739489999376  )	1.6968457754410087 -1.547665222645378e-7
231	(  -0.74766661732240002891  -1.2527983739490000659  )	1.6968464089566917 1.5115107441232567e-6
232	(  -0.74766695641018998675  -1.2527972739490000897  )	1.6968456341956446 3.3634113005831523e-7
233	(  -0.74766620834900998638  -1.2527982739490000075  )	1.6968459166864234 -6.458721775182141e-7
234	(  -0.74766708237960000094  -1.2527981479795899933  )	1.696846629050882 3.1136366933637305e-6
235	(  -0.74766608237959997219  -1.2527973999184101039  )	1.6968449218312263 -3.423166781590936e-6
236	(  -0.74766678237960004783  -1.2527976985279098976  )	1.696845891851621 5.887518925717927e-7
237	(  -0.74766665780068997105  -1.2527979739490000544  )	1.6968460477817875 6.980008286916473e-7
238	(  -0.74766638237960003632  -1.2527978493700899776  )	1.6968456590304108 -8.982844974525506e-7
239	(  -0.74766650695851000208  -1.2527975739490000429  )	1.6968455031002319 -1.0075337328885325e-6
240	(  -0.74766658414291997659  -1.252797873948999996   )	1.6968458771323118 1.040144592678871e-7
241	(  -0.74766658943288000216  -1.2527981739489999491  )	1.696846182206222 8.803575255456053e-7
242	(  -0.74766648414292002922  -1.2527978677674800334  )	1.6968457750349464 -3.777203496646564e-7
243	(  -0.74766658723367995787  -1.2527976739490001012  )	1.6968456800968408 -3.826940906392906e-7
244	(  -0.74766668414292003497  -1.2527978801305199585  )	1.6968459792296815 5.857493761141086e-7
245	(  -0.7476665810521599953   -1.2527980739489998907  )	1.6968460741677833 5.907230891111226e-7
246	(  -0.74766653414291994739  -1.2527978793279799241  )	1.6968458345533686 -1.1563121482538463e-7
247	(  -0.74766658145343001252  -1.2527977739489999376  )	1.6968457745526648 -1.5908475692327784e-7
248	(  -0.74766663414292000578  -1.2527978685700200678  )	1.6968459197112562 3.2366016000651143e-7
249	(  -0.74766658683241005168  -1.2527979739490000544  )	1.6968459797119593 3.671136967753341e-7
250	(  -0.74766659228642995405  -1.2527978239490000778  )	1.6968458349432285 1.6703502581094654e-8
251	(  -0.74766661671695999747  -1.2527976739490001012  )	1.696845708375979 -2.452293319521459e-7
252	(  -0.74766662268152994653  -1.2527977239490000194  )	1.6968457640969468 -9.213996277068759e-8
253	(  -0.74766656189132996158  -1.2527979239489999141  )	1.6968459057895107 1.2554699768685396e-7
254	(  -0.74766654228643003588  -1.2527977631587901008  )	1.6968457261950953 -3.68735405764653e-7
255	(  -0.74766664228642998324  -1.2527978847392100548  )	1.696845943691363 4.021424464539791e-7
256	(  -0.74766661214134999547  -1.2527977739489999376  )	1.6968458039872436 -1.6003408376263906e-8
257	(  -0.7476666717061100087   -1.252797623948999961   )	1.6968457111192892 -1.1412408928990203e-7
258	(  -0.74766666214135002466  -1.2527977497927900163  )	1.6968458277889582 1.5659416430224837e-7
259	(  -0.74766656214134996628  -1.2527977981052100809  )	1.6968457801855297 -1.886009544094236e-7
260	(  -0.74766662421945995209  -1.252797873948999996   )	1.6968459155720652 2.9086992192617345e-7
261	(  -0.74766660006324003884  -1.2527976739490001012  )	1.696845692402422 -3.228767182505976e-7
262	(  -0.747666592141350006    -1.2527978189769399808  )	1.696845829832014 3.5691005706439682e-9
263	(  -0.74766663214134998494  -1.2527977289210598943  )	1.6968457781424733 -3.557591066183363e-8
264	(  -0.74766663015252998736  -1.2527978239490000778  )	1.6968458712628198 1.932528697068392e-7
265	(  -0.74766659413017000357  -1.2527977239490000194  )	1.6968457367116674 -2.2525967890985044e-7
266	(  -0.74766653214135003758  -1.2527979540607601106  )	1.6968459073663258 6.228667892571593e-8
267	(  -0.74766660437059995203  -1.2527977189769399224  )	1.6968457415618028 -1.899720047937592e-7
268	(  -0.74766657991209994893  -1.2527979189769400392  )	1.696845918102225 1.9711022680724e-7
269	(  -0.7476665421413499768   -1.2527977945184400888  )	1.6968457574155904 -2.908372369603285e-7
270	(  -0.74766664214135003519  -1.252797843435440095   )	1.6968459022484383 2.9797546652332585e-7
271	(  -0.74766657214135001652  -1.2527978456515800332  )	1.6968458373234845 -2.2844330871407692e-8
272	(  -0.74766661214134999547  -1.2527977923022999285  )	1.6968458223405436 2.9982538229944566e-8
273	(  -0.74766658147149001046  -1.2527977689769400627  )	1.6968457695979273 -1.7145852471145417e-7
274	(  -0.74766660281121000153  -1.252797868976939899   )	1.6968458900661005 1.7859673206999105e-7
275	(  -0.74766659359436005161  -1.2527977989769401024  )	1.696845811225681 -3.976820295292782e-8
276	(  -0.74766659068833996038  -1.2527978389769400813  )	1.696845848438347 4.69064058705726e-8
277	(  -0.74766658214134995575  -1.2527978160709301036  )	1.6968458173344192 -5.033683248001353e-8
278	(  -0.74766660214134994522  -1.2527978218829500801  )	1.6968458423296087 5.747503450947988e-8
279	(  -0.74766658714135003638  -1.2527978202410099406  )	1.6968458263002915 -1.657597481496964e-8
280	(  -0.74766659714134997561  -1.252797817712870021   )	1.6968458333637364 2.3714176400346787e-8
281	(  -0.74766659150932002209  -1.2527978089769400416  )	1.6968458192257971 -2.4433672862755884e-8
282	(  -0.7476665927733799899   -1.2527978289769399201  )	1.6968458404382307 3.157187489222224e-8
283	(  -0.74766659271513002949  -1.2527978139769400112  )	1.69684582538236 -6.283648268379238e-9
284	(  -0.74766659014134995154  -1.2527978175424800966  )	1.696845826479237 -9.350005658603777e-9
285	(  -0.7476665915675699825   -1.2527978239769399504  )	1.696845834281668 1.3421849409667175e-8
286	(  -0.74766659414134994943  -1.2527978204114000871  )	1.6968458331847909 1.6488206355802504e-8
287	(  -0.74766659261168999517  -1.2527978169769400374  )	1.6968458282831445 7.508536015166101e-10
288	(  -0.74766659402270996271  -1.252797810976939985   )	1.6968458236365362 -7.703889526311514e-9
289	(  -0.74766659061169005174  -1.2527978168561999528  )	1.6968458262440875 -8.876602120011512e-9
290	(  -0.74766659461169004963  -1.2527978170976798999  )	1.6968458303222014 1.0378307990777103e-8
291	(  -0.74766659265998003381  -1.2527978119769400678  )	1.6968458233294625 -1.1551973599921439e-8
292	(  -0.74766659256339995654  -1.252797821976940007   )	1.6968458332368268 1.3053680802954659e-8
293	(  -0.74766659161169002346  -1.2527978179347099008  )	1.696845828281756 -1.5118275520364932e-9
294	(  -0.74766659361168996689  -1.2527978160191699519  )	1.6968458282845331 3.013533422802084e-9
295	(  -0.74766659213280994845  -1.252797814976940094   )	1.6968458258238226 -6.4930993914913415e-9
296	(  -0.74766659309058003391  -1.2527978189769399808  )	1.6968458307424759 7.994852779802386e-9
297	(  -0.7476665921116899538   -1.2527978171587799139  )	1.696845827985405 -1.1247625053556476e-9
298	(  -0.74766659252076994591  -1.2527978159769399547  )	1.6968458271959377 -2.1786537018897434e-9
299	(  -0.74766659311169003654  -1.2527978167950999389  )	1.6968458285808836 2.6264679320320283e-9
300	(  -0.74766659270261004444  -1.2527978179769398981  )	1.6968458293703512 3.680360016744544e-9
301	(  -0.74766659278542002554  -1.252797816476939996   )	1.6968458279497791 3.0806557305140814e-10
302	(  -0.7476665933066100056   -1.252797814976940094   )	1.696845826949683 -1.0202985123441977e-9
303	(  -0.74766659228541998417  -1.2527978168049800356  )	1.69684582779824 -1.2012311145781496e-9
304	(  -0.74766659328541995588  -1.2527978161488999564  )	1.6968458281013181 1.8173613725025461e-9
305	(  -0.74766659262140000575  -1.2527978154769399133  )	1.6968458267924578 -2.9622686525954123e-9
306	(  -0.74766659294944004532  -1.2527978174769400788  )	1.6968458291071005 3.5783997986982286e-9
307	(  -0.74766659298542004208  -1.2527978160850798961  )	1.6968458277497507 2.587157155176101e-10
308	(  -0.74766659358541998071  -1.2527978149095000404  )	1.696845827149666 1.106670310946356e-10
309	(  -0.74766659538542001862  -1.2527978113827600293  )	1.6968458253494112 -3.3348124262033707e-10
310	(  -0.74766660078542002132  -1.2527978008025399959  )	1.696845819948647 -1.665923399229996e-9
311	(  -0.74766659483414998899  -1.2527978163827599989  )	1.696845829820656 9.624219643455945e-9
312	(  -0.74766659593669004824  -1.2527978063827600597  )	1.6968458208781665 -1.0291182128696619e-8
313	(  -0.74766659738541996205  -1.2527978127609400438  )	1.696845828645908 1.2444610675288459e-8
314	(  -0.74766659338541996416  -1.2527978100045800147  )	1.6968458220529141 -1.3111572716439923e-8
315	(  -0.74766659638541999033  -1.2527978108121600176  )	1.6968458257379697 2.899291473568155e-9
316	(  -0.7476665943854200469   -1.252797811953360041   )	1.696845824960853 -3.56625218245199e-9
317	(  -0.74766659567072002446  -1.2527978133827599727  )	1.6968458276230591 6.007911501626495e-9
318	(  -0.74766659510012001277  -1.2527978093827600858  )	1.6968458230757633 -6.6748730986887495e-9
319	(  -0.74766659588541994896  -1.2527978113181299502  )	1.6968458257643604 1.835814167350236e-9
320	(  -0.74766659541774005415  -1.25279781238275989    )	1.696845826380411 2.3228050594070737e-9
321	(  -0.74766659488541997725  -1.2527978114473901083  )	1.696845824934462 -2.50277665259091e-9
322	(  -0.74766659535309998308  -1.2527978103827599465  )	1.696845824318411 -2.989767544647748e-9
323	(  -0.74766659528157997094  -1.2527978118827600706  )	1.696845825749812 4.3516568126733546e-10
324	(  -0.74766659548925995527  -1.2527978108827599879  )	1.6968458249490102 -1.1021290546864293e-9
325	(  -0.74766659558542003516  -1.2527978116423699184  )	1.6968458258008527 1.2494894008341362e-9
326	(  -0.74766659518542000207  -1.2527978111231499181  )	1.6968458248979692 -1.91645233016402e-9
327	(  -0.74766659363623999557  -1.2527978139094999577  )	1.6968458261984103 -2.1579826814388525e-9
328	(  -0.74766659353459996584  -1.2527978159094999011  )	1.6968458281009213 2.3793145231820745e-9
329	(  -0.74766659308542005036  -1.2527978148078600107  )	1.6968458265684467 -2.475234239796009e-9
330	(  -0.74766659408542002208  -1.2527978150111400701  )	1.696845827730885 2.6965674138068607e-9
331	(  -0.74766659338541996416  -1.2527978149438299127  )	1.696845826992164 -7.358096354437293e-10
332	(  -0.74766659378541999725  -1.2527978148751699461  )	1.6968458273071676 9.571419212761612e-10
333	(  -0.74766659357168996358  -1.252797814409499999   )	1.6968458266364965 -1.2061471821311898e-9
334	(  -0.74766659359914999783  -1.2527978154095000818  )	1.696845827662835 1.4274794679636216e-9
335	(  -0.7476665936169000215   -1.2527978147095000239  )	1.6968458269798603 -2.4367796669366726e-10
336	(  -0.74766659355394005093  -1.252797815109500057   )	1.6968458273194718 4.6501202888293847e-10
337	(  -0.74766659348541997243  -1.2527978148465299668  )	1.69684582699078 -5.133573566240557e-10
338	(  -0.74766659368541998898  -1.252797814972469892   )	1.6968458273085516 7.346905306349072e-10
339	(  -0.74766659353541997657  -1.2527978149910099503  )	1.6968458271832179 8.177369892337083e-11
340	(  -0.74766659338541996416  -1.2527978152355399022  )	1.696845827283874 -4.902744876744691e-12
341	(  -0.74766659293542003795  -1.2527978159691299798  )	1.696845827585843 -2.649307440094617e-10
342	(  -0.74766659322366002538  -1.2527978157355399436  )	1.6968458276287208 4.93695750947154e-10
343	(  -0.74766659354718001396  -1.2527978147355400829  )	1.6968458269390279 -5.03499464343804e-10
344	(  -0.74766659358541998071  -1.2527978156399299792  )	1.696845827880096 1.9408288309819e-9
345	(  -0.74766659318541994761  -1.2527978148311500473  )	1.6968458266876525 -1.9506334325569696e-9
346	(  -0.74766659337032004284  -1.2527978154355399187  )	1.696845827469391 4.2581316250789314e-10
347	(  -0.74766659340051999649  -1.2527978150355401077  )	1.6968458270983575 -4.356177640829628e-10
348	(  -0.74766659348541997243  -1.2527978152657399669  )	1.69684582740999 5.370131006543488e-10
349	(  -0.74766659328541995588  -1.2527978152053400596  )	1.6968458271577582 -5.468181463186284e-10
350	(  -0.74766659334035001638  -1.2527978153355399105  )	1.6968458273406448 3.551914318222771e-11
351	(  -0.74766659343049002295  -1.2527978151355398939  )	1.6968458272271034 -4.532463293571709e-11
352	(  -0.74766659343541996829  -1.2527978153256800198  )	1.696845827421972 4.540758880011708e-10
353	(  -0.74766659333541996002  -1.2527978151454000066  )	1.6968458271457763 -4.6388004548703066e-10
354	(  -0.7476665933804700348   -1.2527978152855399063  )	1.6968458273291263 9.729816952130932e-11
355	(  -0.74766659339037000453  -1.2527978151855398981  )	1.6968458272386218 -1.07102771096379e-10
356	(  -0.74766659340541996581  -1.2527978152479000151  )	1.6968458273154172 1.1931611254567542e-10
357	(  -0.7476665933654199625   -1.2527978152231800113  )	1.696845827252331 -1.291207141207451e-10
358	(  -0.74766659339541996498  -1.2527978152338599127  )	1.6968458272917855 3.751221555603479e-11
359	(  -0.74766659337541996333  -1.2527978152372198917  )	1.6968458272759626 -4.731770530952417e-11
360	(  -0.7476665933862599589   -1.2527978152555399038  )	1.6968458273046798 4.9126036572033627e-11
361	(  -0.74766659338457996942  -1.2527978152155399005  )	1.6968458272630684 -5.893063814710331e-11
362	(  -0.74766659339041996457  -1.252797815226269984   )	1.6968458272794 -4.816591570033779e-12
363	(  -0.74766659340541996581  -1.2527978151984600075  )	1.6968458272659772 -4.560796185160143e-12
364	(  -0.74766659345041996954  -1.2527978151150300778  )	1.6968458272257096 -3.7911895844899846e-12
365	(  -0.74766659358541998071  -1.2527978148647400669  )	1.696845827104906 -1.4832579608992091e-12
366	(  -0.74766659399042001422  -1.2527978141138700341  )	1.696845826742495 5.437428285404167e-12
367	(  -0.74766659520542000372  -1.2527978118612599356  )	1.6968458256552625 2.6202151559573394e-11
368	(  -0.74766659885041997224  -1.2527978051034300844  )	1.6968458223935654 8.849809773892048e-11
369	(  -0.74766659552550995826  -1.2527978108612600749  )	1.6968458249622795 -9.869847161780854e-10
370	(  -0.74766659488533004918  -1.2527978128612600184  )	1.6968458263482455 1.0393899074756519e-9
371	(  -0.74766659470541996235  -1.2527978112210700345  )	1.6968458245354934 -3.909087276099399e-9
372	(  -0.74766659570542004509  -1.2527978125014500588  )	1.6968458267750322 3.961492467396965e-9
373	(  -0.74766659526654000167  -1.2527978113612598943  )	1.6968458252138863 -9.41625444284e-10
374	(  -0.74766659514430000577  -1.252797812361259977   )	1.6968458260966388 9.940306355815665e-10
375	(  -0.74766659500541998717  -1.2527978117084599408  )	1.6968458253106309 -1.289145679095327e-9
376	(  -0.74766659540542002027  -1.2527978120140599305  )	1.6968458259998944 1.3415508703928936e-9
377	(  -0.7476665952828700501   -1.2527978116612599191  )	1.6968458255295493 -1.138089622543248e-10
378	(  -0.74766659512796995735  -1.2527978120612599522  )	1.6968458257809758 1.6621370946268144e-10
379	(  -0.74766659510541999545  -1.2527978117063600649  )	1.6968458254044467 -8.28160651167309e-10
380	(  -0.747666595305420012    -1.2527978120161600284  )	1.6968458259060784 8.805649542864558e-10
381	(  -0.74766659515541999959  -1.2527978118953599918  )	1.6968458256414047 -1.2148015926527478e-10
382	(  -0.74766659525542000786  -1.2527978118271601016  )	1.6968458256691208 1.7388579465205112e-10
383	(  -0.74766659518836997567  -1.2527978117612599274  )	1.696845825538909 -3.038524987175606e-10
384	(  -0.74766659522247003178  -1.2527978119612599439  )	1.6968458257716164 3.5625724592591723e-10
385	(  -0.74766659518542000207  -1.2527978118656999396  )	1.6968458256405192 -5.5922377839578985e-11
386	(  -0.74766659520364997515  -1.2527978118112599315  )	1.6968458256035648 -1.0733014477182223e-10
387	(  -0.74766659522542000538  -1.2527978118568199317  )	1.6968458256700059 1.0832668095872577e-10
388	(  -0.74766659520719003229  -1.2527978119112599398  )	1.6968458257069603 1.5973444789096902e-10
389	(  -0.74766659521500999919  -1.252797811841259934   )	1.696845825644461 2.0803803124636033e-11
390	(  -0.74766659524377998558  -1.252797811781259929   )	1.6968458256120558 4.6069814629845496e-12
391	(  -0.74766659533008994476  -1.2527978116012599141  )	1.6968458255148409 -4.398303943276005e-11
392	(  -0.74766659519377998144  -1.2527978117928300072  )	1.696845825575668 -1.9952617336116418e-10
393	(  -0.74766659529377998972  -1.2527978117696900728  )	1.696845825648444 2.0874058037634313e-10
394	(  -0.74766659523798995046  -1.2527978116812599207  )	1.6968458255065024 -2.7294833060409474e-10
395	(  -0.7476665952495700207   -1.2527978118812599373  )	1.6968458257176096 2.821627376192737e-10
396	(  -0.74766659525047995949  -1.2527978117312599249  )	1.6968458255684822 -8.943423779328441e-11
397	(  -0.74766659523708001167  -1.2527978118312599332  )	1.6968458256556296 9.864820071925351e-11
398	(  -0.74766659522377998393  -1.2527978117645000022  )	1.696845825576113 -1.3063550241554367e-10
399	(  -0.74766659526377998723  -1.2527978117980200778  )	1.6968458256479992 1.3985079760914232e-10
400	(  -0.74766659523377998475  -1.2527978117819900117  )	1.6968458256031944 -4.0188297134591267e-11
401	(  -0.74766659524342005128  -1.2527978117612599274  )	1.6968458255917107 -4.718359036814945e-11
402	(  -0.74766659525377998641  -1.2527978117805300684  )	1.6968458256209176 4.9403148238980066e-11
403	(  -0.74766659524414003091  -1.2527978118012599307  )	1.6968458256324013 5.639755329411855e-11
404	(  -0.74766659523877998517  -1.2527978117832199167  )	1.69684582560922 -1.3794299036362645e-11
405	(  -0.74766659524877998599  -1.2527978117792999413  )	1.6968458256148917 2.3008261962331744e-11
406	(  -0.74766659524279999172  -1.2527978117712599282  )	1.696845825601116 -2.5017765636903277e-11
407	(  -0.74766659524475997944  -1.2527978117912599298  )	1.696845825622996 3.4232172652082227e-11
408	(  -0.74766659524178002982  -1.2527978117815299353  )	1.6968458256104075 -4.04209998805527e-12
409	(  -0.74766659523578005153  -1.252797811782339954   )	1.6968458256054626 -2.998667980591563e-11
410	(  -0.74766659524678003024  -1.2527978117776399358  )	1.6968458256113133 9.523937194444443e-12
411	(  -0.74766659523678002941  -1.2527978117854199347  )	1.6968458256095018 -1.7607248992135283e-11
412	(  -0.74766659524567002926  -1.2527978117865299357  )	1.6968458256191388 2.6624036308930954e-11
413	(  -0.74766659523789003039  -1.2527978117765299348  )	1.6968458256016765 -3.4706459928202094e-11
414	(  -0.74766659524179002183  -1.252797811783529891   )	1.6968458256124173 1.0160761121369433e-12
415	(  -0.74766659524181999785  -1.2527978117895299803  )	1.696845825618446 1.6189716234293883e-11
416	(  -0.74766659523978995505  -1.2527978117844700279  )	1.696845825611439 -5.9539040364597895e-12
417	(  -0.74766659524378997759  -1.2527978117825799842  )	1.6968458256133854 7.960743175772222e-12
418	(  -0.74766659524140999249  -1.2527978117785298906  )	1.6968458256070527 -1.3284040534244923e-11
419	(  -0.74766659524217005117  -1.2527978117885298914  )	1.6968458256177816 1.531574866930896e-11
420	(  -0.74766659524278999971  -1.2527978117816001014  )	1.6968458256114465 8.43769498715119e-13
421	(  -0.74766659524579004437  -1.2527978117758100662  )	1.6968458256085341 3.241851231905457e-13
422	(  -0.74766659525478995629  -1.2527978117584399609  )	1.6968458255997962 -1.2372325386422744e-12
423	(  -0.74766659524079004395  -1.2527978117782399003  )	1.696845825606168 -1.6900258970053983e-11
424	(  -0.74766659525079004478  -1.2527978117733800101  )	1.6968458256108998 1.7546852859595674e-11
425	(  -0.74766659524458001229  -1.2527978117658100654  )	1.6968458255973733 -3.037392559690488e-11
426	(  -0.74766659524699996542  -1.2527978117858100671  )	1.6968458256196945 3.1020519486446574e-11
427	(  -0.74766659524378997759  -1.2527978117764799748  )	1.6968458256072854 -7.323031070427533e-12
428	(  -0.74766659524779000012  -1.2527978117751399356  )	1.696845825609782 7.968736781549524e-12
429	(  -0.74766659524552003813  -1.2527978117708100658  )	1.696845825603275 -1.3463008485814498e-11
430	(  -0.74766659524606005061  -1.2527978117808100667  )	1.696845825613793 1.411049055377589e-11
431	(  -0.74766659524679002224  -1.2527978117739200226  )	1.696845825607603 2.504663143554353e-13
432	(  -0.74766659524978995588  -1.2527978117682498915  )	1.6968458256048102 3.019806626980426e-14
433	(  -0.74766659525878997883  -1.2527978117512399425  )	1.6968458255964327 -6.279421427279885e-13
434	(  -0.74766659525053003055  -1.2527978117582498907  )	1.69684582559552 -2.1575630171355442e-11
435	(  -0.74766659524904999223  -1.2527978117782498924  )	1.6968458256141008 2.163691448231475e-11
436	(  -0.74766659524478995547  -1.2527978117667699642  )	1.6968458255985346 -2.6990853996267106e-11
437	(  -0.74766659525478995629  -1.2527978117697300409  )	1.6968458256110863 2.7051250128806714e-11
438	(  -0.74766659525094003591  -1.2527978117632498911  )	1.6968458256009136 -7.135181334660956e-12
439	(  -0.74766659524863998687  -1.2527978117732498919  )	1.6968458256087073 7.196021556410415e-12
440	(  -0.74766659524779000012  -1.252797811765389957   )	1.696845825600032 -1.646061065230242e-11
441	(  -0.74766659525179002266  -1.2527978117711100481  )	1.6968458256095889 1.652189496326173e-11
442	(  -0.747666595248789978    -1.2527978117696501048  )	1.6968458256052514 -1.1235457009206584e-12
443	(  -0.74766659525079004478  -1.2527978117668499003  )	1.6968458256043697 1.1857181902996672e-12
444	(  -0.74766659524908996026  -1.2527978117662499358  )	1.6968458256021388 -8.244960270076263e-12
445	(  -0.7476665952504899515   -1.2527978117702500693  )	1.6968458256074819 8.305356402615871e-12
446	(  -0.74766659524984002694  -1.2527978117672500247  )	1.6968458256038585 -2.241318242113266e-12
447	(  -0.74766659524973999584  -1.2527978117692499804  )	1.6968458256057626 2.3030466422824247e-12
448	(  -0.74766659524929002245  -1.2527978117681399794  )	1.696845825604221 -2.5761615063402132e-12
449	(  -0.74766659525029000033  -1.2527978117683600257  )	1.6968458256054002 2.637889906509372e-12
450	(  -0.74766659524959000471  -1.2527978117681999315  )	1.6968458256045686 -1.0267342531733448e-12
451	(  -0.74766659524999001807  -1.2527978117683000736  )	1.6968458256050525 1.0889067425523535e-12
452	(  -0.74766659524981005092  -1.2527978117677500691  )	1.69684582560433 -1.127986593019159e-12
453	(  -0.74766659524976997186  -1.252797811768749936   )	1.6968458256052912 1.1901590823981678e-12
454	(  -0.74766659524969003581  -1.2527978117684099857  )	1.6968458256048746 -3.4638958368304884e-14
455	(  -0.74766659524988998697  -1.2527978117680900194  )	1.6968458256047465 9.592326932761353e-14
456	(  -0.74766659524971001982  -1.2527978117680500514  )	1.6968458256045338 -8.433254095052689e-13
457	(  -0.74766659524987000296  -1.2527978117684499537  )	1.6968458256050871 9.050538096744276e-13
458	(  -0.74766659524979994789  -1.2527978117683500336  )	1.6968458256049201 3.277378368693462e-13
