1	(  29.350000000000001421     2.9900000000000002132   26.989999999999998437   )	1270.8496 530768.2237920099
2	(  28.350000000000001421     3.9900000000000002132   28.989999999999998437   )	1218.4096 706444.4109840099
3	(  30.350000000000001421     1.9899999999999999911   24.989999999999998437   )	1333.2896 390088.1214000099
4	(  33.350000000000001421    -1.0100000000000000089   18.989999999999998437   )	1580.6096 130043.52302400996
5	(  42.350000000000001421   -10.009999999999999787     0.98999999999999999112 )	2862.5696 -383.61290399
6	(  69.349999999999994316   -37.00999999999999801    -53.010000000000012221   )	11568.449599999996 7.893937472112018e6
7	(  27.350000000000001421   -20.010000000000001563    15.990000000000000213   )	3538.9696 64849.39003601001
8	(  23.350000000000001421   -10.009999999999999787   -19.010000000000001563   )	1193.8896 130382.19317601004
9	(  28.350000000000001421    -0.01000000000000000021  13.990000000000000213   )	1000.2896000000002 38331.424044010004
10	(  61.350000000000001421   -10.009999999999999787    20.989999999999998437   )	6053.2496 193555.06101600995
11	(  57.350000000000001421    -0.01000000000000000021 -14.009999999999999787   )	3486.1695999999997 38579.654156009994
12	(  56.350000000000001421   -20.010000000000001563   -12.009999999999999787   )	5894.8496 19730.992948009996
13	(  38.350000000000001421    -5.0099999999999997868   -2.0099999999999997868  )	1889.0896 -140.46109199
14	(  26.350000000000001421     9.9900000000000002132  -11.009999999999999787   )	708.6496 14980.899144009998
15	(  34.350000000000001421   -15.009999999999999787    17.989999999999998437   )	3525.4096 104258.67082800997
16	(  37.350000000000001421     4.9900000000000002132   16.989999999999998437   )	1191.1696 83545.37983200997
17	(  58.350000000000001421    -6.0099999999999997868    0.98999999999999999112 )	4191.2096 -294.37290399
18	(  18.350000000000001421    -4.0099999999999997868   -5.0099999999999997868  )	500.96959999999996 571.7815200099999
19	(  39.350000000000001421   -15.009999999999999787   -21.010000000000001563   )	2991.0096 194297.41118401007
20	(  42.350000000000001421     4.9900000000000002132  -22.010000000000001563   )	2124.7695999999996 234932.88698801005
21	(  34.350000000000001421    -4.0099999999999997868    7.9900000000000002132  )	1615.4895999999999 3969.16486801
22	(  28.350000000000001421    -5.0099999999999997868   -6.0099999999999997868  )	1113.8896 1187.9781240099996
23	(  42.350000000000001421    -6.0099999999999997868  -12.009999999999999787   )	2374.6896 20590.032948009997
24	(  38.350000000000001421    -0.01000000000000000021  -4.0099999999999997868  )	1487.4895999999999 293.53611600999994
25	(  48.350000000000001421    -5.0099999999999997868    1.9899999999999999911  )	2896.2896 -181.20110799
26	(  38.350000000000001421   -10.009999999999999787    -0.01000000000000000021 )	2438.6896 -348.53349999
27	(  33.350000000000001421    -5.0099999999999997868   -4.0099999999999997868  )	1472.4895999999999 121.83611600999996
28	(  18.350000000000001421    -5.0099999999999997868  -10.009999999999999787   )	570.6895999999999 9963.476540009999
29	(  27.350000000000001421    -7.0099999999999997868   -7.0099999999999997868  )	1180.6096 2247.3759280099994
30	(  39.350000000000001421    -3.0099999999999997868   -1.0100000000000000089  )	1798.3696 -81.05289599
31	(  57.350000000000001421     2.9900000000000002132    7.9900000000000002132  )	2980.0096 4301.38486801
32	(  19.350000000000001421    -7.0099999999999997868    3.9900000000000002132  )	815.8496 134.15608401000003
33	(  21.350000000000001421     1.9899999999999999911   -3.0099999999999997868  )	399.8096000000001 142.92191200999997
34	(  59.350000000000001421     0.98999999999999999112  -6.0099999999999997868  )	3454.8896 1419.7681240099998
35	(  57.350000000000001421    -8.0099999999999997868    0.98999999999999999112 )	4352.9295999999995 -404.06290399
36	(  41.350000000000001421    -2.0099999999999997868   18.989999999999998437   )	2321.0896000000002 130002.09302400996
37	(  37.350000000000001421    -4.0099999999999997868  -21.010000000000001563   )	1999.6496 194736.28118401006
38	(  40.350000000000001421    -3.0099999999999997868    8.9900000000000002132  )	2024.0896 6447.7850640100005
39	(  38.350000000000001421    -3.0099999999999997868  -11.009999999999999787   )	1774.6496 14614.229144009998
40	(  29.350000000000001421    -2.0099999999999997868   -0.01000000000000000021 )	987.4495999999999 -32.643499989999995
41	(  -0.6500000000000000222    0.98999999999999999112   2.9900000000000002132  )	6.6896 75.63188801000003
42	(   9.3499999999999996447    0.98999999999999999112  -2.0099999999999997868  )	78.88959999999999 31.928908009999994
43	( -50.649999999999998579     9.9900000000000002132   -8.0099999999999997868  )	4001.2096 3556.8749320099996
44	(  22.350000000000001421    -2.0099999999999997868  -22.010000000000001563   )	993.4096 234656.63698801005
45	(  26.350000000000001421    10.990000000000000213    -6.0099999999999997868  )	524.9296 1617.5981240099998
46	(  59.350000000000001421    -2.0099999999999997868    4.9900000000000002132  )	3814.0496 557.0714800100002
47	(  -7.6500000000000003553   -9.0099999999999997868    1.9899999999999999911  )	122.8496 73.95889201
48	( -40.649999999999998579     3.9900000000000002132   -9.0099999999999997868  )	2161.7296 6384.365136009999
49	(  -3.6499999999999999112    3.9900000000000002132   17.989999999999998437   )	254.36959999999993 104721.70082800997
50	(  29.350000000000001421    -0.01000000000000000021  -8.0099999999999997868  )	926.0096000000002 4142.574932009999
51	( -10.650000000000000355     1.9899999999999999911    3.9900000000000002132  )	163.76960000000003 218.60608401000005
52	(  14.349999999999999645     5.9900000000000002132   -1.0100000000000000089  )	118.88959999999999 98.34710401
53	(   4.3499999999999996447   -4.0099999999999997868   -3.0099999999999997868  )	70.88959999999999 65.99191200999996
54	(  20.350000000000001421    -0.01000000000000000021   7.9900000000000002132  )	478.52960000000013 4092.70486801
55	(  -1.6499999999999999112    1.9899999999999999911  -12.009999999999999787   )	209.2496 20797.27294801
56	(   9.3499999999999996447   -1.0100000000000000089   -4.0099999999999997868  )	116.32959999999999 255.47611600999994
57	(  19.350000000000001421     0.98999999999999999112  -2.0099999999999997868  )	346.08960000000013 51.82890800999999
58	(   9.3499999999999996447   -0.01000000000000000021   2.9900000000000002132  )	96.60959999999999 86.18188801000002
59	(  -0.6500000000000000222    0.98999999999999999112  -2.0099999999999997868  )	11.6896 12.028908009999993
60	( -30.649999999999998579     0.98999999999999999112  -2.0099999999999997868  )	1010.0895999999998 -47.67109199000001
61	(   6.3499999999999996447    2.9900000000000002132   -3.0099999999999997868  )	47.28959999999999 104.42191200999997
62	( -20.649999999999998579     1.9899999999999999911   -4.0099999999999997868  )	548.5695999999998 193.82611600999996
63	(  -7.6500000000000003553    1.9899999999999999911    2.9900000000000002132  )	93.92960000000001 54.05188801000001
64	(  -7.6500000000000003553   -1.0100000000000000089   -1.0100000000000000089  )	44.089600000000004 -1.88289599
65	( -28.649999999999998579    -7.0099999999999997868    1.9899999999999999911  )	549.2896000000001 184.86889201
66	( -45.649999999999998579     3.9900000000000002132    2.9900000000000002132  )	2465.1296 -150.86811199
67	(  30.350000000000001421    -6.0099999999999997868   -5.0099999999999997868  )	1323.0496 474.96152000999996
68	(  42.350000000000001421     0.98999999999999999112   7.9900000000000002132  )	1759.6496 4156.834868010001
69	(  20.350000000000001421     2.9900000000000002132  -11.009999999999999787   )	497.3696 14772.509144009999
70	( -35.649999999999998579    -5.0099999999999997868    8.9900000000000002132  )	1134.8096 6671.845064010001
71	( -57.649999999999998579    -3.0099999999999997868  -10.009999999999999787   )	3034.5296 10152.93654001
72	(  -6.6500000000000003553   -2.0099999999999997868    3.9900000000000002132  )	57.5296 257.1660840100001
73	(  -8.6500000000000003553   -0.01000000000000000021  -6.0099999999999997868  )	110.6496 1293.0981240099998
74	(   2.3500000000000000888   -3.0099999999999997868   -3.0099999999999997868  )	28.729599999999994 74.36191200999997
75	( -17.649999999999998579     0.98999999999999999112   0.98999999999999999112 )	347.44959999999986 -37.16290399
76	(  12.349999999999999645    -0.01000000000000000021  -1.0100000000000000089  )	153.7696 10.26710401
77	( -27.649999999999998579    -2.0099999999999997868   -1.0100000000000000089  )	658.4096000000001 25.967104009999993
78	( -17.649999999999998579    -1.0100000000000000089   -2.0099999999999997868  )	277.8895999999999 13.498908009999994
79	( -14.650000000000000355    -1.0100000000000000089    0.98999999999999999112 )	190.04960000000003 -1.89290399
80	(  -9.6500000000000003553   -0.01000000000000000021  -2.0099999999999997868  )	96.92960000000001 3.7689080099999934
81	(  -0.6500000000000000222   -1.0100000000000000089   -3.0099999999999997868  )	4.129599999999999 79.09191200999997
82	(   2.3500000000000000888   -1.0100000000000000089   -0.01000000000000000021 )	12.289600000000002 -3.02349999
83	(  -5.6500000000000003553   -2.0099999999999997868   -0.01000000000000000021 )	17.249600000000004 2.706500009999999
84	(  -5.6500000000000003553   -1.5100000000000000089   -0.01000000000000000021 )	19.389600000000005 -0.11849998999999967
85	(   0.3499999999999999778   -3.5099999999999997868    2.9900000000000002132  )	57.1496 76.04688801000002
86	(  -5.6500000000000003553   -1.5100000000000000089    1.9899999999999999911  )	29.389600000000005 15.56389201
87	(  -5.6500000000000003553   -1.5100000000000000089   -2.0099999999999997868  )	17.389600000000005 16.203908009999992
88	( -15.650000000000000355    -2.5099999999999997868   -0.01000000000000000021 )	178.9096 20.631500009999996
89	(   4.3499999999999996447   -0.51000000000000000888  -0.01000000000000000021 )	23.869599999999995 -0.8684999900000001
90	( -11.650000000000000355    -0.51000000000000000888  -0.01000000000000000021 )	124.34960000000001 -8.70849999
91	(   0.3499999999999999778   -2.5099999999999997868   -0.01000000000000000021 )	14.429599999999999 -3.52849999
92	(   0.3499999999999999778   -3.0099999999999997868    2.9900000000000002132  )	47.2896 76.22188801000001
93	(  -0.6500000000000000222   -1.4799999999999999822   -1.0100000000000000089  )	0.9097999999999999 -1.64739599
94	(  -8.6500000000000003553   -1.4199999999999999289   -1.0100000000000000089  )	52.44100000000001 1.67360401
95	(  -2.6499999999999999112   -1.6000000000000000888    0.98999999999999999112 )	7.810599999999999 -0.44940399
96	(  -5.6500000000000003553   -1.0100000000000000089   -0.01000000000000000021 )	22.529600000000006 -2.94349999
97	( -10.650000000000000355    -1.5400000000000000355    0.98999999999999999112 )	89.393 3.71159601
98	(  -5.6500000000000003553   -1.4899999999999999911    0.48999999999999999112 )	21.226000000000003 -0.17385199000000018
99	(  -5.6500000000000003553   -1.5300000000000000266   -0.51000000000000000888 )	18.0148 0.06215201000000059
100	(  -5.6500000000000003553   -1.5900000000000000799   -2.5099999999999997868  )	17.330000000000002 40.02476000999999
101	(  -7.6500000000000003553   -1.6799999999999999378   -0.51000000000000000888 )	37.009800000000006 2.2696520099999997
102	(  -5.6500000000000003553   -2.0299999999999998046    0.48999999999999999112 )	19.454800000000002 2.87714801
103	(  -3.6499999999999999112   -1.3799999999999998934   -0.51000000000000000888 )	5.9098 -1.5453479900000004
104	(  -6.6500000000000003553   -1.1200000000000001066    0.48999999999999999112 )	33.173 -2.144351989999999
105	(  -5.6500000000000003553   -1.0300000000000000266   -1.5100000000000000089  )	21.5748 2.3683560100000003
106	(  -4.6500000000000003553   -1.9399999999999999467   -1.5100000000000000089  )	7.529000000000002 6.5698560100000005
107	(  -5.6500000000000003553   -1.5900000000000000799   -2.0099999999999997868  )	16.660000000000004 16.655908009999994
108	(  -5.6500000000000003553   -1.7299999999999999822   -0.47999999999999998224 )	16.928900000000002 1.1775841600000003
109	(  -6.6500000000000003553   -1.5100000000000000089   -0.17999999999999999334 )	28.188500000000005 0.3925497600000001
110	(  -4.6500000000000003553   -1.5500000000000000444   -0.83999999999999996891 )	10.114100000000002 0.055371360000000536
111	(  -1.6499999999999999112   -1.6100000000000000977   -1.8400000000000000799  )	0.05449999999999997 9.468787360000002
112	(  -2.6499999999999999112   -1.6299999999999998934   -0.83999999999999996891 )	1.6644999999999999 -0.8326286400000003
113	(  -6.6500000000000003553   -1.4699999999999999734   -0.83999999999999996891 )	27.229300000000006 0.6233713600000002
114	(  -4.6500000000000003553   -1.0500000000000000444   -0.83999999999999996891 )	13.004100000000005 -2.2696286399999996
115	(  -4.6500000000000003553   -2.0499999999999998224   -0.83999999999999996891 )	8.224100000000002 2.380371359999999
116	(  -4.6500000000000003553   -1.6699999999999999289    0.16000000000000000333 )	12.229300000000002 0.11615536000000004
117	(  -4.6500000000000003553   -1.4299999999999999378   -1.8400000000000000799  )	10.536500000000006 10.46178736
118	(  -1.6499999999999999112   -1.6100000000000000977   -1.8300000000000000711  )	0.049999999999999975 9.221631210000002
119	(  -3.6499999999999999112   -1.6599999999999999201   -1                      )	4.3957 0.4089999999999998
120	(  -5.6500000000000003553   -1.4399999999999999467   -0.68000000000000004885 )	18.301700000000007 -0.3001862400000004
121	(  -4.6500000000000003553   -1.75                    -0.57999999999999996003 )	9.778900000000002 0.60066496
122	(  -4.6500000000000003553   -1.3500000000000000888   -1.1000000000000000888  )	10.952500000000002 0.09160000000000101
123	(  -4.6500000000000003553   -1.4899999999999999911   -0.34000000000000002442 )	11.308100000000001 -0.7081366399999998
124	(  -4.6500000000000003553   -1.6100000000000000977   -1.3400000000000000799  )	9.3145 3.0606793600000017
125	(  -4.7099999999999999645   -1.4499999999999999556   -0.92000000000000003997 )	10.9085 -0.1641070400000002
126	(  -4.1500000000000003553   -1.5300000000000000266   -0.81999999999999995115 )	7.368500000000001 -0.34837823999999973
127	(  -4.5899999999999998579   -1.6499999999999999112   -0.76000000000000000888 )	9.435699999999999 0.31712175999999914
128	(  -4.7300000000000004263   -1.5100000000000000089   -0.64000000000000001332 )	11.125300000000005 -0.4199278399999997
129	(  -5.1500000000000003553   -1.5700000000000000622   -0.85999999999999998668 )	13.3205 0.4825081600000005
130	(  -4.5700000000000002842   -1.5900000000000000799   -1.0400000000000000355  )	9.182900000000004 0.8661585600000006
131	(  -4.8099999999999996092   -1.5582000000000000295   -0.73999999999999999112 )	11.243654479999996 -0.01519224000000019
132	(  -5.2900000000000000355   -1.5782000000000000473   -0.44000000000000000222 )	15.072958480000002 0.09615896000000035
133	(  -4.3099999999999996092   -1.5482000000000000206   -0.75                   )	8.264662479999998 -0.3208517500000001
134	(  -5.3099999999999996092   -1.5682000000000000384   -0.72999999999999998224 )	14.703646479999998 0.3011244099999999
135	(  -4.7699999999999995737   -1.5582000000000000295   -0.54000000000000003553 )	11.352390479999995 -0.2523554400000001
136	(  -4.8499999999999996447   -1.4581999999999999407   -0.72999999999999998224 )	12.03458248 -0.49374759000000035
137	(  -4.7699999999999995737   -1.6581999999999998963   -0.75                   )	10.508126479999998 0.456020249999999
138	(  -4.8499999999999996447   -1.5582000000000000295   -0.93999999999999994671 )	11.218118479999996 0.4880189599999998
139	(  -5.2900000000000000355   -1.5827999999999999847   -0.44000000000000000222 )	15.049323680000002 0.12049295999999998
140	(  -4.8799999999999998934   -1.5081999999999999851   -0.81999999999999995115 )	11.842654479999998 -0.06786224000000018
141	(  -4.7400000000000002132   -1.6082000000000000739   -0.66000000000000003109 )	10.70725448 0.0726153600000008
142	(  -4.9699999999999997513   -1.5337000000000000632   -0.64000000000000001332 )	12.606857379999997 -0.17973883999999973
143	(  -4.6500000000000003553   -1.5826999999999999957   -0.83999999999999996891 )	9.959932580000004 0.20742636000000036
144	(  -5.0099999999999997868   -1.5936999999999998945   -0.79000000000000003553 )	12.317039379999997 0.3639378099999995
145	(  -4.6100000000000003197   -1.5226999999999999424   -0.68999999999999994671 )	10.224810580000003 -0.3636817899999998
146	(  -4.7800000000000002487   -1.5782000000000000473   -0.72409999999999996589 )	10.981010050000004 0.03870831179905654
147	(  -4.8399999999999998579   -1.5382000000000000117   -0.75590000000000001634 )	11.513876530000001 -0.06863139890126391
148	(  -4.7800000000000002487   -1.5625                  -0.79000000000000003553 )	10.949062500000002 0.07825081000000011
149	(  -4.8399999999999998579   -1.553900000000000059    -0.68999999999999994671 )	11.544776419999998 -0.09245278999999984
150	(  -4.9100000000000001421   -1.5665000000000000036   -0.75100000000000000089 )	11.8440325 0.09961212800100006
151	(  -4.7099999999999999645   -1.5499000000000000554   -0.72899999999999998135 )	10.66010882 -0.12754146351899953
152	(  -4.7599999999999997868   -1.5605999999999999872   -0.75939999999999996394 )	10.8780818 0.0010254645594893752
153	(  -4.6100000000000003197   -1.5678000000000000824   -0.81759999999999999343 )	9.817780880000003 0.0644098200344585
154	(  -4.8600000000000003197   -1.5513999999999998902   -0.73360000000000002984 )	11.615630800000002 -0.03057017049251831
155	(  -4.6600000000000001421   -1.5698000000000000842   -0.78520000000000000906 )	10.164933200000002 0.035388387844121905
156	(  -4.7400000000000002132   -1.5405999999999999694   -0.78039999999999998259 )	10.814064400000001 -0.06664557253629422
157	(  -4.7800000000000002487   -1.580600000000000005    -0.73839999999999994529 )	10.945461200000002 0.07254872541839363
158	(  -4.7000000000000001776   -1.5552999999999999048   -0.70940000000000003055 )	10.6046849 -0.1368310881573107
159	(  -4.8200000000000002842   -1.5659000000000000696   -0.80940000000000000835 )	11.161459060000002 0.15683116807629016
160	(  -4.7407000000000003581   -1.5672999999999999154   -0.73939999999999994618 )	10.755885970000003 -0.011706485423230717
161	(  -4.8099999999999996092   -1.5564999999999999947   -0.74619999999999997442 )	11.241848339999999 -0.013192679407486807
162	(  -4.7099999999999999645   -1.5646999999999999797   -0.77259999999999995346 )	10.520334499999999 0.01603945540377749
163	(  -4.7793000000000001037   -1.553900000000000059    -0.7793999999999999817  )	11.00305541 0.01626721867020997
164	(  -4.7259999999999999787   -1.5505999999999999783   -0.75119999999999997886 )	10.722205519999997 -0.07942828481392628
165	(  -4.793999999999999595    -1.5705999999999999961   -0.76759999999999994902 )	11.035116559999999 0.08262454127925745
166	(  -4.7502000000000004221   -1.5556000000000000938   -0.76849999999999996092 )	10.824995570000002 -0.01198967423993702
167	(  -4.7698000000000000398   -1.5656000000000001027   -0.75029999999999996696 )	10.931611730000002 0.014711683831008848
168	(  -4.7800000000000002487   -1.5558769999999999545   -0.7543999999999999595  )	11.037334500658003 -0.01901109407319046
169	(  -4.7400000000000002132   -1.5653230000000000199   -0.76439999999999996838 )	10.720051706258 0.02104611095017006
170	(  -4.7413999999999996149   -1.5583249999999999602   -0.74939999999999995506 )	10.786326111249998 -0.037362880647870966
171	(  -4.7785999999999999588   -1.5628750000000000142   -0.76939999999999997282 )	10.970489851249999 0.04019048579884954
172	(  -4.7629999999999999005   -1.5585999999999999854   -0.75992999999999999439 )	10.906053128899998 -0.005889336299603087
173	(  -4.75                    -1.5600339999999999208   -0.76010599999999994836 )	10.81576788634 -0.006030575232898183
174	(  -4.7569999999999996732   -1.562599999999999989    -0.75887000000000004452 )	10.8501732729 0.007930209319863213
175	(  -4.7699999999999995737   -1.5611660000000000537   -0.75869399999999997952 )	10.940576950339997 0.008096273659246478
176	(  -4.7590000000000003411   -1.5603270000000000195   -0.7543999999999999595  )	10.881027290258002 -0.009506961073190379
177	(  -4.7610000000000001208   -1.5608729999999999549   -0.76439999999999996838 )	10.875182055858001 0.011731443950169673
178	(  -4.7549999999999998934   -1.5610740000000000727   -0.75915600000000005299 )	10.844235772199998 4.9113868466399424e-5
179	(  -4.7400000000000002132   -1.562496000000000107    -0.75842399999999998705 )	10.7430634512 -0.0029059088235952046
180	(  -4.7450000000000001066   -1.562848000000000015    -0.75708100000000000396 )	10.775351809393001 -0.0007605104566117404
181	(  -4.7649999999999996803   -1.5592999999999999083   -0.76123099999999999099 )	10.913426618760997 0.0008530351322217911
182	(  -4.758099999999999774    -1.5608429999999999804   -0.75415600000000004854 )	10.873196240017998 -0.007974911916181604
183	(  -4.7519000000000000128   -1.5613049999999999429   -0.7641559999999999464  )	10.815342982226 0.008244604052813465
184	(  -4.7466999999999996973   -1.5590740000000000709   -0.75844000000000000306 )	10.801974317832 -0.015352472091021863
185	(  -4.7633000000000000895   -1.5630740000000000745   -0.75987199999999999189 )	10.88657990388 0.015487445262015509
186	(  -4.7501049999999995777   -1.5606830000000000425   -0.76115600000000005476 )	10.811656117812998 -0.001040657356967234
187	(  -4.75                    -1.5619000000000000661   -0.75784399999999996211 )	10.810487661136001 -0.0011228901954609682
188	(  -4.7598950000000002092   -1.5614650000000001029   -0.75715600000000005121 )	10.876867432381001 0.0011703762718515698
189	(  -4.7599999999999997868   -1.5602480000000000793   -0.76046800000000003283 )	10.878060909903997 0.0012247624332326623
190	(  -4.7532680000000002707   -1.5600739999999999608   -0.75769500000000000739 )	10.840299981277001 -0.008225401269760457
191	(  -4.7567320000000004043   -1.5620739999999999625   -0.76061699999999998756 )	10.848173059813004 0.008341854965993711
192	(  -4.7530000000000001137   -1.5610651600000000627   -0.75891200000000003101 )	10.831897714903812 -0.001541859602649076
193	(  -4.7569999999999996732   -1.5610828400000000826   -0.75939999999999996394 )	10.856581869532928 0.0016405344394896382
194	(  -4.7554930000000004142   -1.561000079999999901    -0.7581560000000000521  )	10.849343632721176 -0.001772408382023638
195	(  -4.7545070000000002608   -1.5611479200000000223   -0.76015600000000005387 )	10.839130269723736 0.001877479049823716
196	(  -4.7549650000000003303   -1.5605739999999999057   -0.75929999999999997495 )	10.846173883957002 -0.0020959257884802796
197	(  -4.7550350000000003448   -1.5615740000000000176   -0.75901200000000001999 )	10.842298922365 0.0021943319317312415
198	(  -4.7539999999999995595   -1.5609383699999999084   -0.75958015000000000949 )	10.837817569739824 -0.0004138346441036056
199	(  -4.7557020000000003179   -1.5608740000000000947   -0.75917027999999997512 )	10.849654804245839 -0.0004831610135784814
200	(  -4.7560000000000002274   -1.5612096300000000149   -0.75873184999999998546 )	10.850656095638467 0.0005135778183222861
201	(  -4.7542980000000003571   -1.5612740000000000506   -0.75914172000000001983 )	10.838818459194 0.0005811093607728246
202	(  -4.7544389999999996377   -1.5609894099999999106   -0.75865599999999999703 )	10.841859184673394 -0.0015419928239612801
203	(  -4.7555610000000001492   -1.5611585900000000127   -0.75965599999999999792 )	10.846613158790518 0.0016420444244946708
204	(  -4.7549566299999996843   -1.5609740000000000837   -0.75922641999999995743 )	10.844324222777573 -0.0003274591604478516
205	(  -4.7545000000000001705   -1.5610699800000000792   -0.75908392000000002309 )	10.841176933071525 -0.0003766626222825309
206	(  -4.7551879200000000125   -1.56103553000000006     -0.75895599999999996399 )	10.845941062987734 -0.000378255005007766
207	(  -4.7550433700000001025   -1.5611740000000000617   -0.75908558000000003751 )	10.844147386122293 0.000425729866738056
208	(  -4.7548120799999997743   -1.5611124700000000853   -0.75935600000000003096 )	10.84253063610101 0.0004767449159381876
209	(  -4.7554999999999996163   -1.5610780200000000661   -0.75922807999999997186 )	10.84729511258512 0.0004749303105082703
210	(  -4.7552000000000003155   -1.5610601287000001047   -0.75911528999999999812 )	10.84564504174595 2.4128627854835827e-5
211	(  -4.7557999999999998053   -1.5610185147999999788   -0.75899315999999994453 )	10.849873407918784 -5.0791627753010715e-5
212	(  -4.7552079499999999612   -1.5611225886999999801   -0.75891529000000002014 )	10.845717845358504 -2.421818513287377e-5
213	(  -4.7551920499999997816   -1.5609976687000000073   -0.75931528999999997609 )	10.84557238184658 7.275303684828316e-5
214	(  -4.7546999999999997044   -1.5610614786999998937   -0.75911379000000001049 )	10.84244710014252 -0.0002526072522677225
215	(  -4.7557000000000000384   -1.5610587787000000937   -0.75911678999999998574 )	10.848843486069265 0.0003008631735341716
216	(  -4.7551955899999995836   -1.5609601286999998937   -0.75899033999999998557 )	10.846295724213945 -0.0006724461216958133
217	(  -4.7552044100000001592   -1.5611601287000000937   -0.75924024000000001067 )	10.844994378797853 0.000720812220986744
218	(  -4.7551062699999997463   -1.5610127459000000538   -0.7592152899999999871  )	10.845112600985267 -7.87573056202362e-5
219	(  -4.7552937299999999965   -1.5611075114999999336   -0.75901529000000000913 )	10.846177530246136 0.0001270925944307777
220	(  -4.7553999999999998494   -1.561012100899999977    -0.75907113000000003833 )	10.847223370724544 -0.0001693142463512487
221	(  -4.7549999999999998934   -1.5611081565000000104   -0.7591594499999999579  )	10.844066835832852 0.00021756577605991367
222	(  -4.7550026900000004204   -1.5610317621000000532   -0.75901529000000000913 )	10.84468070979012 -0.0003964007364811728
223	(  -4.7553973100000002106   -1.5610884952999999342   -0.7592152899999999871  )	10.846609441048217 0.0004447383369403646
224	(  -4.7552442299999997388   -1.5610401286999999737   -0.75914649160000002848 )	10.845973245983204 8.438704382385254e-6
225	(  -4.7553769199999997852   -1.5609801287000000247   -0.75924009640000000854 )	10.846957939660141 -3.8601283105954565e-5
226	(  -4.7553732499999998851   -1.5609901287000000902   -0.75918812160000004319 )	10.846969984235916 -8.408628421108233e-5
227	(  -4.7551152099999995926   -1.5610901287000000792   -0.75910486160000001377 )	10.844976588618927 0.00010096277617677174
228	(  -4.7553154099999996873   -1.5610307912000001007   -0.75904649160000003949 )	10.846633042707161 -0.00017099412210974663
229	(  -4.7551730499999997903   -1.5610494662000000687   -0.75924649160000001746 )	10.845313478664762 0.00018793935799665817
230	(  -4.7550442300000002049   -1.5610033264000000575   -0.75912464160000003854 )	10.844906719006485 -0.00031700162127590303
231	(  -4.7554442300000001609   -1.5610769309999998899   -0.75916834160000001841 )	10.847039826674056 0.0003338970526440832
232	(  -4.7552933599999995806   -1.5610416178999999559   -0.75909649160000003398 )	10.846360177505206 -4.4406907241167914e-5
233	(  -4.755195099999999897    -1.5610386394999999915   -0.75919649160000002297 )	10.845586324302772 6.130175143681527e-5
234	(  -4.7551442299999999719   -1.5610425101000000581   -0.75912236810000000009 )	10.845361711213437 -7.855539545431611e-5
235	(  -4.7553442300000003939   -1.5610377472999998893   -0.75917061509999994584 )	10.846584803121901 9.543635245012894e-5
236	(  -4.7552375099999997232   -1.5610201287000000647   -0.75914111750000001777 )	10.846034627602117 -9.984078269242858e-5
237	(  -4.7552509499999997544   -1.5610601287000001047   -0.75915186570000003918 )	10.845911865144842 0.00011671865998863495
238	(  -4.7552497600999998895   -1.5610418558000000999   -0.75912649160000000848 )	10.846032387232615 -1.5244408712256075e-5
239	(  -4.7552678273999999803   -1.5610301286999999082   -0.75914408129999999542 )	10.846175708811067 -3.009287794597526e-5
240	(  -4.7552386998999995882   -1.5610384016000000695   -0.75916649160000004848 )	10.845914105706852 3.2124602836969274e-5
241	(  -4.7552206326000003855   -1.5610501287000000392   -0.75914890189999995052 )	10.84577078552813 4.696985494012651e-5
242	(  -4.7551942299999998554   -1.5610356359999999487   -0.75914272770000001955 )	10.845681360005889 -4.756371962510997e-5
243	(  -4.7552942299999996223   -1.5610446213999999987   -0.7591502555000000374  )	10.846265136103415 6.444167563346426e-5
244	(  -4.7552242299999996078   -1.5610413986909998929   -0.75914391179999995973 )	10.84584353931128 -1.257619798522569e-6
245	(  -4.7551642300000001029   -1.5610452086640000946   -0.75913617239999997555 )	10.845454424902305 -3.0346620984111894e-5
246	(  -4.7552742300000003794   -1.5610381866909999182   -0.75914431620000000223 )	10.846177679905376 1.222820055879481e-5
247	(  -4.7551742299999997243   -1.5610446106910000896   -0.75914350740000002826 )	10.84550940440638 -1.4743760223812075e-5
248	(  -4.7552251998999999216   -1.5610426320910000264   -0.75916391179999997973 )	10.845811758550429 4.015255141709417e-5
249	(  -4.7552232601000001821   -1.5610401652909999815   -0.75912391180000005075 )	10.845875320776646 -4.2665022383037154e-5
250	(  -4.7552404208999998758   -1.5610513986909999584   -0.75914131929999995041 )	10.845903285029365 5.084175755643017e-5
251	(  -4.755208039100000228    -1.5610313986910000494   -0.75914650429999996906 )	10.845783793986993 -5.3356626854128564e-5
252	(  -4.755233085100000423    -1.561044336889999995    -0.75913391180000000524 )	10.845902089059393 1.828551350335772e-7
253	(  -4.7552596504000002042   -1.5610531514870000791   -0.75910391180000003075 )	10.846077740732603 4.508741323849819e-6
254	(  -4.7552449403999998978   -1.5610343368899999295   -0.75915343469999996273 )	10.845994360872767 -6.553652295515633e-6
255	(  -4.7552212298000000601   -1.5610543368900000605   -0.75911438890000004776 )	10.84580981994453 6.921761223743772e-6
256	(  -4.7552830851000003065   -1.5610382928899999566   -0.7591166702999999627  )	10.846278081338085 -3.0675866602436486e-5
257	(  -4.7551830850999996514   -1.5610503808900000333   -0.75915115330000004779 )	10.845526103313322 3.104302821110849e-5
258	(  -4.7551830850999996514   -1.5610362066900000944   -0.75912211210000002382 )	10.845640495958445 -8.717785696665814e-5
259	(  -4.7552830851000003065   -1.5610524670899998956   -0.75914571149999998667 )	10.84616368569343 8.754534310950746e-5
260	(  -4.7552419819000002477   -1.5610393368899999622   -0.75914055260000001812 )	10.845972197634662 -6.98091526141198e-6
261	(  -4.7552241882999997102   -1.5610493368900000277   -0.75912727099999999236 )	10.84583198114138 7.346841534250359e-6
262	(  -4.7552439725999997577   -1.5610422272799999721   -0.75912391180000005075 )	10.845997774507614 -2.123921719565658e-5
263	(  -4.7552221976000002002   -1.5610464465000000178   -0.75914391179999995973 )	10.845806404073535 2.1605573069738426e-5
264	(  -4.755213085100000292    -1.5610411875550000982   -0.75913112559999995632 )	10.845793858530898 -3.0889356896324216e-5
265	(  -4.7552530850999996659   -1.5610474862249998917   -0.75913669800000005417 )	10.846010320156035 3.1255246823125304e-5
266	(  -4.7552318070000003658   -1.5610425637439999669   -0.759138911800000038   )	10.845894388733464 -2.163104073638067e-7
267	(  -4.7552279727000001941   -1.5610372443060001046   -0.75915391180000002525 )	10.84587128830912 -1.4127425043142239e-6
268	(  -4.7552118070000002348   -1.5610433628960000974   -0.75914242389999997407 )	10.845757165272435 -1.491009354204209e-6
269	(  -4.7552518069999996086   -1.5610417645920000584   -0.75913539969999999091 )	10.846031613074418 1.058441875034788e-6
270	(  -4.755238122299999759    -1.5610414548169999627   -0.75914891179999999249 )	10.845924001105773 1.555339937908684e-5
271	(  -4.7552254917000000844   -1.5610436726709999711   -0.75912891179999997249 )	10.845864776718205 -1.598534265090379e-5
272	(  -4.7552360868000000949   -1.5610475637439999996   -0.75914045389999995628 )	10.845895333641026 2.8659614365711406e-5
273	(  -4.7552275271999997486   -1.5610375637439999341   -0.7591373697000000087  )	10.845893443850848 -2.9092175937606157e-5
274	(  -4.7552268797000003531   -1.5610421973949999419   -0.75914391179999995973 )	10.845856645112097 4.02699032564513e-6
275	(  -4.7552418069999999872   -1.5610415207340000432   -0.75914089784000005068 )	10.84596007777958 3.909819686231941e-6
276	(  -4.7552218069999998562   -1.5610436067539998906   -0.75913692576000002532 )	10.84582869994959 -4.342434084758651e-6
277	(  -4.7552367343000003785   -1.5610429300929999918   -0.75913391180000000524 )	10.845932132454033 -4.459434642889448e-6
278	(  -4.7552355599000000197   -1.5610445637440000244   -0.75914075227699995274 )	10.845905842769362 1.4620437773782413e-5
279	(  -4.7552280540999998237   -1.5610405637439999094   -0.75913707132300001224 )	10.845882934703758 -1.5053020152144825e-5
280	(  -4.7552280339959995814   -1.5610435637440001067   -0.75913885796699998032 )	10.845865587146344 2.3278971514884006e-6
281	(  -4.755235580004000262    -1.5610415637440000491   -0.75913896563299998466 )	10.84592319036836 -2.760525491751764e-6
282	(  -4.7552368070000001765   -1.5610432932130000605   -0.75913704440100004955 )	10.845925835402674 2.7898716474794583e-6
283	(  -4.7552268069999996669   -1.5610418342750000953   -0.75914077919900002644 )	10.845862942114207 -3.222461051777259e-6
284	(  -4.7552347547249995685   -1.5610430355319999673   -0.75914091179999998449 )	10.84590775500702 7.18085007900271e-6
285	(  -4.7552288592750002749   -1.5610420919559999664   -0.75913691179999998049 )	10.845881022476833 -7.613440450970899e-6
286	(  -4.7552269182999999941   -1.5610426724910000384   -0.759138911800000038   )	10.845862637584776 -2.44196252685569e-6
287	(  -4.7552392518999999638   -1.5610460012889999515   -0.75912891179999997249 )	10.845941540663373 2.8078662097641427e-6
288	(  -4.7552430851000000445   -1.5610423665269999027   -0.75913289584400001075 )	10.84597702970336 -5.35408229529466e-6
289	(  -4.7552230850999999134   -1.5610463072530000872   -0.75913492775599999973 )	10.845827148703824 5.7197602956193805e-6
290	(  -4.7552250677999996498   -1.5610431218130000897   -0.75912891179999997249 )	10.845864704290069 -1.884262283402549e-5
291	(  -4.7552411024000003081   -1.5610455519669999003   -0.759138911800000038   )	10.845939473949905 1.9208525471992033e-5
292	(  -4.7552280850999997242   -1.5610442347399999807   -0.75913397251100001029 )	10.84587053856882 -3.001874433472551e-6
293	(  -4.7552329178899999107   -1.5610443671050000525   -0.75913191179999994773 )	10.845904083939272 -3.2670795113709516e-6
294	(  -4.7552380851000002338   -1.5610444390400000092   -0.7591338510890000002  )	10.845933639597998 3.367585749813884e-6
295	(  -4.7552332523100000472   -1.5610443066749999375   -0.75913591179999995173 )	10.845900094187833 3.632817431764579e-6
296	(  -4.7552335907519998059   -1.5610433368900000772   -0.7591338446059999745  )	10.845910211682169 -4.406268554468795e-6
297	(  -4.755232579448000152    -1.5610453368899999127   -0.75913397899400003599 )	10.845893966442887 4.771977843986974e-6
298	(  -4.7552310851000001435   -1.5610441699924400005   -0.75913474178100004419 )	10.84588877969875 -2.8047739020209406e-7
299	(  -4.7552350850999998144   -1.5610445037875599894   -0.75913308181899996629 )	10.84591539842874 6.461930910361957e-7
300	(  -4.7552313225290001597   -1.5610444137400800724   -0.75913291179999997649 )	10.845892065222312 -2.1904897855584693e-6
301	(  -4.7552333233129999712   -1.5610438368899999251   -0.75913365313299996373 )	10.845906417988415 -2.513756644173526e-6
302	(  -4.7552348476709997982   -1.5610442600399199176   -0.759134911800000034   )	10.845912112905555 2.5562066996442923e-6
303	(  -4.7552328468869999867   -1.5610448368900000649   -0.75913417046700004676 )	10.845897760131576 2.879467138061642e-6
304	(  -4.7552323564160001723   -1.5610442069289600653   -0.75913441179999996411 )	10.845897253847212 3.0990929378305054e-8
305	(  -4.7552301703640003083   -1.5610438170458400542   -0.75913591179999995173 )	10.845882748219738 -4.245901781274597e-7
306	(  -4.7552303564159998928   -1.5610444233869500419   -0.75913348351300002914 )	10.84588493025018 -1.68620677909459e-6
307	(  -4.7552343564159995637   -1.5610439904709700887   -0.7591353400870000101  )	10.845909577456684 1.748193731110348e-6
308	(  -4.755230731640000208    -1.5610437069289599954   -0.75913482058699999211 )	10.84588861082657 -2.5428540446625902e-6
309	(  -4.7552339811920001367   -1.5610447069289599131   -0.75913400301300004713 )	10.845905896872038 2.604838682973565e-6
310	(  -4.7552334680800001365   -1.5610437767595599645   -0.75913341180000004638 )	10.845908017567343 -3.140780159061052e-6
311	(  -4.7552312447520002081   -1.561044637098359944    -0.75913541179999999287 )	10.845886490132488 3.2027679761625905e-6
312	(  -4.7552327431709997541   -1.5610442204502099628   -0.75913391180000000524 )	10.845900461800698 -5.626804964187215e-7
313	(  -4.7552319696609997024   -1.5610441934077099457   -0.759134911800000034   )	10.845894045894529 6.24664093340499e-7
314	(  -4.7552327405939998073   -1.5610440069289599485   -0.75913445228821996302 )	10.84590060009678 -6.336639799542354e-7
315	(  -4.7552319722379996492   -1.56104440692895996     -0.7591343713117799652  )	10.845893907598438 6.956456952700307e-7
316	(  -4.7552313564160000325   -1.5610441233723300059   -0.75913420430020994711 )	10.84589159804543 -1.2904904562738295e-6
317	(  -4.7552333564160003121   -1.5610442904855899027   -0.75913461929978998111 )	10.845902909650704 1.3524727786595747e-6
318	(  -4.7552325565613298153   -1.5610442059141800275   -0.75913421179999995836 )	10.845898858070166 -2.1152632267984472e-7
319	(  -4.7552321562706696412   -1.5610442079437401031   -0.75913461179999996986 )	10.845895649624413 2.7350845721585415e-7
320	(  -4.7552325404853501567   -1.5610441069289600069   -0.75913444330206003574 )	10.845898857683636 -2.8613546909639354e-7
321	(  -4.7552321723466501879   -1.5610443069289599016   -0.7591343802979400035  )	10.845895650010988 3.4811729721084816e-7
322	(  -4.7552318564159996583   -1.561044163878910096    -0.75913433261560003817 )	10.845894392632166 -5.928097950302913e-7
323	(  -4.7552328564159997981   -1.5610442499790100346   -0.75913449098440000107 )	10.845900115062673 6.547917399402081e-7
324	(  -4.755232556415999845    -1.5610441873264699897   -0.75913436247063004192 )	10.845898704427157 -3.63366403632881e-8
325	(  -4.7552323023948099845   -1.5610442353931699433   -0.75913431180000001675 )	10.84589693293288 -3.895450806368217e-8
326	(  -4.7552321564159996115   -1.5610442265314499188   -0.75913446112936999732 )	10.845895803267364 9.831850622532556e-8
327	(  -4.7552324104371903601   -1.5610441784647499652   -0.7591345118000000225  )	10.845897574761596 1.0093643210140613e-7
328	(  -4.7552322376638995749   -1.5610441569289599251   -0.75913437090941005003 )	10.845896800023079 -3.449507590680412e-7
329	(  -4.7552324751680998816   -1.5610442569289599835   -0.75913445269058998921 )	10.845897707671353 4.06932640473201e-7
330	(  -4.7552322564159998919   -1.5610442116126099776   -0.75913442762211003068 )	10.845896567224592 2.4845641100057492e-8
331	(  -4.7552319564159999388   -1.5610442256635599367   -0.75913447508844000833 )	10.845894507356874 6.409782482563742e-9
332	(  -4.7552310564160000794   -1.5610442678164100361   -0.75913461748743005231 )	10.84588832775491 -4.889774940508573e-8
333	(  -4.7552324350442303214   -1.5610441256635601004   -0.7591345597641599996  )	10.845897907665108 -5.240679712414931e-8
334	(  -4.7552314777877695562   -1.5610443256635599951   -0.75913439041272001706 )	10.845891107049374 6.522631679217739e-8
335	(  -4.755231456416000313    -1.5610441664926799632   -0.75913464776965000613 )	10.845891319326288 -2.533065863730144e-7
336	(  -4.7552324564159995646   -1.5610442848344399103   -0.75913430240723001052 )	10.845897695387956 2.6612641690348937e-7
337	(  -4.7552317607818999079   -1.5610441458713000262   -0.75913427508844000258 )	10.845893960107253 -8.327624905213327e-7
338	(  -4.7552321520500999696   -1.5610443054558200693   -0.75913467508844001408 )	10.845895054606551 8.455823645725502e-7
339	(  -4.7552320122809401681   -1.5610442278029998953   -0.75913437508843994994 )	10.845895014388779 -1.2706511753890481e-7
340	(  -4.7552319005510597094   -1.5610442235241199782   -0.75913457508843995569 )	10.845894000324995 1.3988475178194903e-7
341	(  -4.7552320179250395782   -1.5610441756635600186   -0.75913447940005995829 )	10.845895132612466 -1.8929757183983043e-7
342	(  -4.7552318949069602994   -1.5610442756635600769   -0.75913447077681994735 )	10.84589388210131 2.021171319199766e-7
343	(  -4.7552317564160002661   -1.5610442096546000013   -0.75913444578596001033 )	10.84589335327347 -2.3320212649835526e-7
344	(  -4.7552321564159996115   -1.5610442416725200943   -0.75913450439092000632 )	10.845895661440343 2.4602170523024824e-7
345	(  -4.7552319137736498433   -1.5610442056635600583   -0.75913452501441003317 )	10.845894250560411 -2.5253051649798408e-8
346	(  -4.7552319990583500342   -1.5610442456635600372   -0.75913442516246998348 )	10.845894764153346 3.8072636598940335e-8
347	(  -4.7552318564159996583   -1.5610442281206500237   -0.75913445988749994608 )	10.845893881142812 -6.461090906739742e-8
348	(  -4.7552320564160002192   -1.5610442232064700718   -0.75913449028938995156 )	10.845895133570936 7.743049401653934e-8
349	(  -4.7552319724904998921   -1.5610442056635600583   -0.75913442844665002252 )	10.845894780542949 -1.6129535751474577e-7
350	(  -4.7552319403414999854   -1.5610442456635600372   -0.75913452173022999414 )	10.845894234170801 1.741149380229956e-7
351	(  -4.7552319663599700306   -1.5610442272945499464   -0.75913445508844001886 )	10.845894595155514 -1.5253707186246857e-8
352	(  -4.7552319064160002426   -1.5610442276199600897   -0.75913447174903003756 )	10.845894183933408 -1.8182964911517274e-8
353	(  -4.755231946472029847    -1.561044224032569927    -0.7591344950884399978  )	10.84589441955823 2.807327525999881e-8
354	(  -4.7552320064159996349   -1.5610442237071600058   -0.7591344784278499791  )	10.84589483078034 3.100253076482318e-8
355	(  -4.7552319482662497308   -1.5610442156635599975   -0.75913447117813004361 )	10.8458945094102 -5.255760404665466e-8
356	(  -4.7552319645657501468   -1.561044235663560098    -0.75913447899874997304 )	10.845894505303546 6.537717034404977e-8
357	(  -4.7552319364160000603   -1.5610442257473600147   -0.75913447526993005354 )	10.84589437889734 -4.095021211014682e-9
358	(  -4.755231876416000425    -1.5610442259987600266   -0.75913447581439996714 )	10.845893993518754 -3.560943495628521e-8
359	(  -4.7552319366938098355   -1.5610442260173700291   -0.75913448526992999277 )	10.845894363342023 1.4843919871054823e-8
360	(  -4.7552319864159997564   -1.5610442247082298994   -0.75913447532659994454 )	10.845894703197002 1.9115052207752115e-8
361	(  -4.7552319361381902851   -1.5610442254773500004   -0.75913446526993000329 )	10.84589439445266 -2.3033961848994977e-8
362	(  -4.7552319468229695687   -1.5610442307473599843   -0.75913447471835004965 )	10.845894422342827 2.4554692057421335e-8
363	(  -4.7552318864160003642   -1.561044226786489908    -0.75913447521326005152 )	10.845894054597688 -2.7305096850227528e-8
364	(  -4.7552319260090296638   -1.5610442207473600451   -0.75913447582150994641 )	10.845894335451854 -3.274473581171833e-8
365	(  -4.7552319167638197328   -1.5610442277473599582   -0.75913447765275998691 )	10.845894239961096 -1.4405583392829158e-9
366	(  -4.7552318578072796385   -1.5610442337473600105   -0.75913448480125000906 )	10.845893823152368 6.5228333845368525e-9
367	(  -4.7552319173800201568   -1.5610442327473599278   -0.75913447576271997352 )	10.84589422300612 1.9373913584530555e-8
368	(  -4.7552319168215300138   -1.5610442286923100763   -0.75913448765276003716 )	10.845894219770408 2.0584394633260672e-8
369	(  -4.755231916147620197    -1.5610442227473599885   -0.7591344795428000003  )	10.845894256916077 -2.2255029819007177e-8
370	(  -4.75523191670611034     -1.561044226802410062    -0.75913446765276004768 )	10.845894260151788 -2.3465508647291244e-8
371	(  -4.7552319667638203171   -1.5610442276868099487   -0.75913447766410002693 )	10.84589455965139 2.6343568215736468e-8
372	(  -4.7552318667638200367   -1.5610442278079099676   -0.75913447764141994689 )	10.845893920270813 -2.922468400612388e-8
373	(  -4.7552319238234899146   -1.5610442294966300203   -0.7591344726527600173  )	10.845894284710537 2.088855310944382e-9
374	(  -4.7552319097041504392   -1.561044225998089896    -0.75913448265275995652 )	10.845894195211661 -4.969971545421004e-9
375	(  -4.7552319367638196113   -1.5610442275506899446   -0.75913447898763997124 )	10.845894366528674 1.1181036985163928e-8
376	(  -4.7552319142931995799   -1.5610442297473599016   -0.75913448180790998876 )	10.845894207944626 1.3954923883119363e-8
377	(  -4.7552318967638198544   -1.5610442279440299718   -0.75913447631788000258 )	10.845894113393518 -1.406215321964055e-8
378	(  -4.7552319192344398857   -1.5610442257473600147   -0.75913447349760998506 )	10.845894271977565 -1.6836040117595985e-8
379	(  -4.7552319256471395903   -1.5610442267473600975   -0.75913447882203000106 )	10.845894299620333 8.342651014459079e-10
380	(  -4.7552319522971000509   -1.5610442237473600713   -0.75913448232984004349 )	10.84589447859806 7.65873320318633e-9
381	(  -4.7552319056471397118   -1.561044227542129903    -0.75913448216196000029 )	10.845894162693561 -7.62721885649853e-10
382	(  -4.7552318456471400765   -1.5610442299264399857   -0.759134492181749998   )	10.845893751913248 -5.553679738312667e-9
383	(  -4.755231881084560186    -1.5610442325421300946   -0.75913448997210997149 )	10.845893969329733 2.2899818485910828e-8
384	(  -4.7552319302097201259   -1.5610442225421299334   -0.75913447435181002909 )	10.845894356057396 -2.4425260480853694e-8
385	(  -4.7552319480245701655   -1.5610442257188499315   -0.75913449216196005054 )	10.845894426101887 3.1841889569506066e-8
386	(  -4.7552318632697101464   -1.5610442293654100965   -0.75913447216195995004 )	10.845893899285247 -3.336733156444893e-8
387	(  -4.7552319556471402962   -1.5610442320299799945   -0.75913447695950997396 )	10.845894468983758 3.95264296848552e-8
388	(  -4.7552318556471400157   -1.5610442230542800335   -0.75913448736441002662 )	10.845893856403377 -4.105187123570886e-8
389	(  -4.7552319256471395903   -1.5610442261799999386   -0.75913448161478003229 )	10.845894297855834 3.023401973223372e-9
390	(  -4.7552319037588102191   -1.5610442269435000906   -0.7591344871619599699  )	10.845894145475285 4.0807770496087414e-9
391	(  -4.7552318856471398334   -1.5610442289042600894   -0.75913448270913996829 )	10.845894027531292 -4.548844856344658e-9
392	(  -4.7552319075354700928   -1.5610442281407599374   -0.75913447716196003068 )	10.845894179911845 -5.606219044551608e-9
393	(  -4.7552319200725996495   -1.5610442295421300685   -0.75913448399904004393 )	10.845894242333358 2.0055791694062464e-8
394	(  -4.7552318912216797742   -1.5610442255421299595   -0.75913448032487995665 )	10.845894083053768 -2.158123457718375e-8
395	(  -4.7552319156471396511   -1.5610442265800599237   -0.75913448220460999494 )	10.845894231111991 3.474882603882179e-10
396	(  -4.7552319456471403569   -1.561044223693849986    -0.75913448233255997888 )	10.845894436367281 3.6781186985024306e-9
397	(  -4.7552319044630202427   -1.5610442257765599905   -0.7591344842046100494  )	10.845894160300388 -6.248302319988852e-9
398	(  -4.7552318956471397726   -1.5610442276758900171   -0.75913448152645002232 )	10.845894099189069 -6.849190103963565e-9
399	(  -4.7552319268312599476   -1.561044227383560079    -0.7591344802046100515  )	10.845894301923598 6.943280617122127e-9
400	(  -4.7552319356471404177   -1.5610442254842300525   -0.75913448288276996756 )	10.845894363034915 7.54416840109684e-9
401	(  -4.7552319087257499675   -1.5610442245800599803   -0.75913448101406999502 )	10.845894198374078 -1.5129521191425965e-8
402	(  -4.7552319225685302229   -1.5610442285800600892   -0.75913448339514999486 )	10.845894263849909 1.582449904447003e-8
403	(  -4.7552319056471397118   -1.5610442270250199925   -0.75913448262469995775 )	10.845894164425552 -2.4119453101434374e-9
404	(  -4.7552319256471395903   -1.561044226135100077    -0.75913448178452003212 )	10.84589429779843 3.1069231631875027e-9
405	(  -4.7552319136236000929   -1.5610442255800600631   -0.75913448278211004272 )	10.845894222043208 -4.532464181750129e-9
406	(  -4.7552319176706800974   -1.5610442275800600065   -0.75913448162710994715 )	10.845894240180776 5.227442034794194e-9
407	(  -4.7552319094358903584   -1.5610442261282400089   -0.75913448120461002322 )	10.845894195197776 -7.035717342063208e-9
408	(  -4.7552319218583898319   -1.5610442270318800606   -0.75913448320460996666 )	10.84589426702621 7.730695195107273e-9
409	(  -4.7552319157669202809   -1.5610442260800601044   -0.75913448244558001665 )	10.845894233882998 -1.5412484621890599e-9
410	(  -4.7552319155719100507   -1.5610442263389099349   -0.75913448170460995357 )	10.845894232587101 -1.716399022910764e-9
411	(  -4.7552319155273599094   -1.5610442270800599651   -0.75913448196363997322 )	10.845894228340988 2.236226315233125e-9
412	(  -4.7552319157223701396   -1.5610442268212099126   -0.75913448270461003631 )	10.845894229636887 2.4113759877764096e-9
413	(  -4.7552319106471401255   -1.5610442265732800138   -0.75913448221540003047 )	10.845894199185249 -2.471091331557318e-9
414	(  -4.7552319206471400648   -1.5610442265868400558   -0.75913448219381995941 )	10.845894263038737 3.1660691846013833e-9
415	(  -4.7552319160645000196   -1.5610442264828199299   -0.75913448200460997839 )	10.84589423456426 -2.3073543076179703e-10
416	(  -4.7552319173165802368   -1.5610442261910999484   -0.75913448140461003977 )	10.845894244921059 -1.965406060122632e-9
417	(  -4.7552319148790598291   -1.5610442269828199713   -0.75913448195416000086 )	10.845894224679858 1.3935137488374494e-9
418	(  -4.75523191724994021     -1.5610442259828201106   -0.75913448205505995592 )	10.845894244448662 -1.854982834004204e-9
419	(  -4.7552319210645004333   -1.5610442265516999427   -0.75913448151245999096 )	10.845894266965898 2.0408075229738643e-9
420	(  -4.7552319110644996059   -1.5610442264139399171   -0.75913448249675996582 )	10.845894202162622 -2.5022779404082485e-9
421	(  -4.7552319207630500131   -1.5610442266446700188   -0.75913448250461001976 )	10.84589426300407 4.04994970892858e-9
422	(  -4.755231911365950026    -1.5610442263209700631   -0.75913448150461004804 )	10.845894206124449 -4.511419238184544e-9
423	(  -4.7552319163899197108   -1.5610442265166000197   -0.75913448220460999494 )	10.845894236160776 4.624540750342021e-10
424	(  -4.755231915963089584    -1.5610442266828199465   -0.75913448197248001303 )	10.84589423301103 6.071911862193247e-10
425	(  -4.755231918064500185    -1.5610442264876001062   -0.75913448197125998895 )	10.845894247371627 8.557243802442827e-10
426	(  -4.7552319157390803284   -1.5610442264490400621   -0.75913448180460996184 )	10.845894232967744 -9.239236042901666e-10
427	(  -4.755231916165909567    -1.5610442262828199134   -0.75913448203674005477 )	10.84589423611748 -1.0686616036537089e-9
428	(  -4.7552319140644998541   -1.5610442264780399757   -0.75913448203795996783 )	10.845894221756891 -1.317194353589457e-9
429	(  -4.755231915600529824    -1.5610442265828199382   -0.75913448205166000893 )	10.845894231046328 6.681366571115177e-11
430	(  -4.7552319142086201254   -1.561044226882819963    -0.75913448219280998952 )	10.845894220492541 9.594605110407883e-10
431	(  -4.7552319136005296585   -1.5610442266871100703   -0.75913448199922994863 )	10.845894217854685 -6.510996186648299e-10
432	(  -4.7552319176005299894   -1.5610442264785300281   -0.7591344821040899582  )	10.845894244237973 7.847269500871334e-10
433	(  -4.7552319143961900849   -1.5610442264524100331   -0.75913448225166002548 )	10.845894223655742 -8.790213001930169e-10
434	(  -4.755231916804869563    -1.5610442267132300653   -0.75913448185165999238 )	10.84589423843691 1.0126495197937402e-9
435	(  -4.7552319149950701416   -1.5610442263828199216   -0.75913448188479004664 )	10.845894228402965 -1.515930048157088e-9
436	(  -4.7552319162059903945   -1.5610442267828199547   -0.75913448221852997122 )	10.845894233689698 1.6495578236686015e-9
437	(  -4.7552319161492100363   -1.5610442265408999152   -0.75913448195166000065 )	10.845894234912455 3.170796958329447e-13
438	(  -4.7552319177952497853   -1.5610442264151400682   -0.75913448165165997583 )	10.845894246510827 -1.9917312243933338e-10
439	(  -4.7552319141492098709   -1.5610442266647099885   -0.75913448186612997315 )	10.845894221680501 -6.82696121856452e-10
440	(  -4.7552319181492102018   -1.5610442264170900639   -0.75913448203719002816 )	10.845894248144406 6.833307253373277e-10
441	(  -4.7552319148374797564   -1.5610442264671600121   -0.7591344821516600172  )	10.845894226564678 -7.362896958795773e-10
442	(  -4.7552319174609403163   -1.5610442266146400403   -0.75913448175165998411 )	10.845894243260231 7.36924299360453e-10
443	(  -4.7552319154285802583   -1.5610442263408998986   -0.75913448183066001285 )	10.845894231459775 -1.5667742658820316e-9
444	(  -4.7552319168698495844   -1.5610442267408999317   -0.75913448207265998846 )	10.845894238365197 1.5674133102550059e-9
445	(  -4.7552319151492099536   -1.5610442266108599529   -0.75913448199856004006 )	10.845894228114133 -1.4598011688349288e-10
446	(  -4.7552319171492101191   -1.5610442264709400995   -0.75913448190475996125 )	10.845894241710775 1.4661516445357847e-10
447	(  -4.7552319157097802105   -1.5610442264408999069   -0.75913448200713995462 )	10.845894232494688 -6.246612116456163e-10
448	(  -4.7552319165886496322   -1.5610442266408999235   -0.75913448189618004669 )	10.845894237330286 6.252998119293807e-10
449	(  -4.7552319154936295575   -1.5610442265142299156   -0.75913448185165999238 )	10.845894231012347 -6.693063880902628e-10
450	(  -4.755231916804789627    -1.5610442265675699147   -0.75913448205166000893 )	10.845894238812557 6.699392152142991e-10
451	(  -4.7552319160372702456   -1.5610442265461899058   -0.75913448190165999652 )	10.845894234252222 -1.2482681555070485e-10
452	(  -4.7552319162611595971   -1.5610442265356099245   -0.75913448200166000479 )	10.845894235572752 1.254658599236791e-10
453	(  -4.7552319161549103654   -1.5610442265908999193   -0.75913448195682997621 )	10.845894234701351 2.503233176298636e-10
454	(  -4.7552319161435097072   -1.561044226490899911    -0.75913448194649002509 )	10.84589423512356 -2.496900464166174e-10
455	(  -4.755231915649209995    -1.5610442265403199347   -0.75913448196278998648 )	10.845894231703193 -2.634865658990293e-10
456	(  -4.7552319166492100777   -1.5610442265414798957   -0.75913448194053001483 )	10.84589423812172 2.6412028120148534e-10
457	(  -4.7552319159492100198   -1.5610442265434298914   -0.75913448196432997683 )	10.845894233602351 -7.768985454958965e-11
458	(  -4.7552319163492100529   -1.561044226538369939    -0.75913448193899002447 )	10.845894236222552 7.83235698520457e-11
459	(  -4.7552319161374496659   -1.5610442265208999135   -0.75913448195379995553 )	10.845894234929585 -9.764100639131357e-11
460	(  -4.7552319161609704068   -1.5610442265608999168   -0.75913448194952004577 )	10.845894234895326 9.827472169376961e-11
461	(  -4.7552319160207598969   -1.561044226539509916    -0.759134481931659999   )	10.845894234130595 -1.1335776761711713e-10
462	(  -4.7552319162776601758   -1.5610442265422899144   -0.75913448197166000231 )	10.845894235694317 1.1399148291957317e-10
463	(  -4.7552319160625398098   -1.5610442265413499996   -0.75913448196166000148 )	10.84589423434058 -2.8669511209500342e-11
464	(  -4.7552319162358900329   -1.5610442265404500528   -0.75913448194165999983 )	10.845894235484387 2.930988785010413e-11
465	(  -4.7552319161401701564   -1.5610442265308999144   -0.75913448195132005036 )	10.845894234903097 -5.290212712338871e-11
466	(  -4.7552319161582499163   -1.561044226550899916    -0.75913448195199995094 )	10.845894234921815 5.353584242584475e-11
467	(  -4.7552319160492100281   -1.5610442265421000663   -0.75913448194293997595 )	10.84589423428186 -6.533973362365941e-11
468	(  -4.7552319162492100446   -1.5610442265396999861   -0.75913448196038002536 )	10.84589423554305 6.597433710453515e-11
469	(  -4.7552319160992100322   -1.561044226545200031    -0.75913448195021004938 )	10.845894234574786 -9.824585589512935e-12
470	(  -4.7552319161992100405   -1.5610442265366000214   -0.75913448195310995192 )	10.845894235250121 1.0459189070388675e-11
471	(  -4.7552319161541998227   -1.5610442265397999062   -0.75913448194666000024 )	10.845894234957612 -1.0864198429771932e-11
472	(  -4.75523191614422025     -1.5610442265419999242   -0.75913448195666000107 )	10.845894234867293 1.1497913732227971e-11
473	(  -4.7552319161043499207   -1.5610442265358999148   -0.75913448195231003623 )	10.84589423464875 -4.7490456012155846e-11
474	(  -4.755231916194070152    -1.5610442265458999156   -0.75913448195100996507 )	10.845894235176157 4.8124171314611885e-11
475	(  -4.7552319161490297361   -1.5610442265388999594   -0.75913448195290000875 )	10.845894234918882 -7.1245231936245546e-12
476	(  -4.7552319161493903366   -1.561044226542900093    -0.75913448195041999256 )	10.845894234906027 7.759126674500294e-12
477	(  -4.7552319161493104005   -1.5610442265396600181   -0.7591344819496600449  )	10.845894234922238 -9.022560476523722e-12
478	(  -4.7552319161491096722   -1.5610442265421400343   -0.75913448195365995641 )	10.845894234902671 9.657163957399462e-12
479	(  -4.7552319161292100347   -1.5610442265409099072   -0.75913448195164001664 )	10.84589423478467 -1.0891287871572786e-11
480	(  -4.755231916169210038    -1.5610442265408899232   -0.75913448195167998467 )	10.845894235040237 1.1525003174028825e-11
481	(  -4.755231916148810356    -1.5610442265404800288   -0.75913448195265997853 )	10.845894234910306 -1.5409895581797173e-13
482	(  -4.755231916147610427    -1.5610442265392199257   -0.75913448195566002319 )	10.845894234903856 -1.5698553568199713e-12
483	(  -4.755231916146530402    -1.5610442265413499996   -0.75913448195066002278 )	10.845894234894788 -7.962519532611623e-13
484	(  -4.75523191615110008     -1.5610442265396100581   -0.75913448195466004531 )	10.845894234925888 4.933831121434196e-13
485	(  -4.7552319161588103569   -1.5610442265408999152   -0.75913448195238997229 )	10.845894234972615 6.980638289633134e-12
486	(  -4.7552319161388103552   -1.5610442265400599204   -0.75913448195292998477 )	10.845894234847998 -7.289724379688778e-12
487	(  -4.7552319161473404208   -1.5610442265424799846   -0.75913448195360000437 )	10.84589423488984 1.0176304243714185e-11
488	(  -4.7552319161502900613   -1.5610442265384800731   -0.7591344819517199527  )	10.845894234930833 -1.0479173084831928e-11
489	(  -4.7552319161438099115   -1.5610442265409401053   -0.75913448195314003897 )	10.84589423487539 6.838973831690964e-14
490	(  -4.7552319161288103544   -1.5610442265423198904   -0.75913448195457999823 )	10.845894234770656 7.336353746723034e-13
491	(  -4.7552319160838099066   -1.5610442265464599121   -0.75913448195889998704 )	10.845894234456441 2.7329249974172853e-12
492	(  -4.7552319161446501283   -1.5610442265381498927   -0.75913448195957999864 )	10.84589423488378 -1.4592771435673058e-12
493	(  -4.7552319161129696923   -1.5610442265464901102   -0.75913448194957999782 )	10.845894234657528 2.9269919821217627e-12
494	(  -4.7552319161395297797   -1.5610442265388699834   -0.75913448194957999782 )	10.84589423486366 -1.8407053659075245e-11
495	(  -4.7552319161180900409   -1.5610442265457700195   -0.75913448195957999864 )	10.845894234677646 1.9874768497629702e-11
496	(  -4.7552319161088103527   -1.5610442265379600446   -0.75913448195490995651 )	10.845894234663222 -3.064171139044447e-11
497	(  -4.755231916148810356    -1.5610442265466799583   -0.75913448195425003995 )	10.845894234878092 3.211031440741863e-11
498	(  -4.755231916133980441    -1.5610442265421899943   -0.75913448195258004247 )	10.845894234807512 -4.831690603168681e-13
499	(  -4.7552319161236500378   -1.5610442265424500086   -0.75913448195657995399 )	10.84589423473386 1.957101147809226e-12
500	(  -4.7552319161188103536   -1.5610442265421100583   -0.75913448195356003634 )	10.84589423470941 -7.65965069149388e-12
501	(  -4.7552319161293699068   -1.5610442265403199347   -0.75913448195475996538 )	10.845894234783513 -8.147704733119099e-12
502	(  -4.7552319161388103552   -1.5610442265425299446   -0.75913448195559996012 )	10.8458942348319 9.127809619258187e-12
503	(  -4.7552319161282499138   -1.5610442265443200682   -0.75913448195440003108 )	10.845894234757793 9.615419571673556e-12
504	(  -4.755231916128350278    -1.5610442265426001107   -0.75913448195358002035 )	10.84589423476798 5.81756864903582e-14
505	(  -4.7552319161269700487   -1.5610442265434401055   -0.7591344819505799757  )	10.845894234759957 -1.971312002524428e-12
506	(  -4.7552319161233498335   -1.5610442265442199261   -0.75913448195181998379 )	10.845894234731109 1.8753887331968144e-12
507	(  -4.7552319161333498343   -1.5610442265409800733   -0.75913448195533994589 )	10.845894234804847 -1.7608137170554983e-12
508	(  -4.7552319161233498335   -1.5610442265420199082   -0.75913448195531996188 )	10.845894234736022 -2.461586490198897e-12
509	(  -4.7552319161333498343   -1.5610442265431800912   -0.75913448195183996781 )	10.845894234799935 2.5766055955500633e-12
510	(  -4.7552319161270597547   -1.5610442265405999329   -0.75913448195232002824 )	10.845894234771327 -1.2382095349039446e-11
511	(  -4.755231916129639913    -1.5610442265446000665   -0.75913448195484001246 )	10.84589423476463 1.2496670365180762e-11
512	(  -4.7552319161302598616   -1.5610442265418600361   -0.75913448195457999823 )	10.845894234782119 -6.394884621840902e-13
513	(  -4.7552319161264398062   -1.5610442265433399633   -0.75913448195258004247 )	10.845894234753839 7.549516567451064e-13
514	(  -4.7552319161263501002   -1.5610442265417399099   -0.75913448195388999462 )	10.84589423475882 -4.6118664442929e-12
515	(  -4.7552319161303495676   -1.5610442265434600895   -0.75913448195327004608 )	10.845894234777132 4.7268855496440665e-12
516	(  -4.7552319161291496386   -1.561044226541770108    -0.75913448195258004247 )	10.845894234778662 -5.190070595517682e-12
517	(  -4.7552319161275500292   -1.5610442265434298914   -0.75913448195457999823 )	10.845894234757292 5.305089700868848e-12
518	(  -4.7552319161273501891   -1.5610442265426700548   -0.75913448195350996528 )	10.845894234761369 -2.9309887850104133e-13
519	(  -4.7552319161293503669   -1.5610442265425299446   -0.7591344819536499644  )	10.845894234774592 4.0811798385220754e-13
520	(  -4.7552319161285003801   -1.5610442265425898967   -0.7591344819530799759  )	10.845894234769789 -7.811529201262601e-13
521	(  -4.7552319161282099458   -1.5610442265426101027   -0.75913448195407995378 )	10.84589423476623 9.019451852054772e-13
522	(  -4.7552319161282001758   -1.5610442265421000663   -0.75913448195358002035 )	10.845894234769412 -2.403854892918389e-12
523	(  -4.7552319161285003801   -1.5610442265430999331   -0.75913448195358002035 )	10.845894234766549 2.5193180874794052e-12
524	(  -4.7552319161279203996   -1.5610442265424799846   -0.75913448195377997152 )	10.84589423476549 -4.04121180963557e-13
525	(  -4.7552319161287801563   -1.5610442265427200148   -0.75913448195337995816 )	10.845894234770475 5.195843755245733e-13
526	(  -4.7552319161278600035   -1.5610442265425499286   -0.75913448195337995816 )	10.845894234765408 -8.055778266680136e-13
527	(  -4.7552319161285803162   -1.5610442265424000485   -0.75913448195354005232 )	10.845894234770471 -8.339995360984176e-13
528	(  -4.7552319161288396643   -1.5610442265426500708   -0.75913448195377997152 )	10.845894234770544 9.201528428093297e-13
529	(  -4.7552319161281202398   -1.5610442265427999509   -0.75913448195361998838 )	10.84589423476549 9.494627306594339e-13
530	(  -4.7552319161282996518   -1.5610442265425799047   -0.75913448195368005145 )	10.845894234767592 1.0880185641326534e-13
531	(  -4.7552319161285501181   -1.5610442265425898967   -0.75913448195360000437 )	10.845894234769274 1.567634910770721e-13
532	(  -4.755231916128400016    -1.5610442265426200947   -0.75913448195347998926 )	10.845894234768362 6.217248937900877e-15
533	(  -4.7552319161285501181   -1.5610442265426800468   -0.759134481953180007   )	10.845894234769515 -1.496580637194711e-13
534	(  -4.7552319161287099902   -1.5610442265426400787   -0.75913448195328003809 )	10.845894234770569 -7.505107646466058e-14
535	(  -4.7552319161280900417   -1.5610442265426001107   -0.75913448195368005145 )	10.845894234766158 8.704148513061227e-14
536	(  -4.7552319161285501181   -1.5610442265424200325   -0.75913448195349997327 )	10.845894234770245 -8.260059303211165e-13
537	(  -4.7552319161282499138   -1.5610442265428199349   -0.75913448195346000524 )	10.84589423476648 8.37108160567368e-13
538	(  -4.7552319161289000604   -1.5610442265426900388   -0.75913448195360999637 )	10.845894234771013 8.464340339742193e-13
539	(  -4.7552319161285998561   -1.5610442265425799047   -0.7591344819534000532  )	10.845894234769958 -2.1271873151818e-13
540	(  -4.7552319161282001758   -1.5610442265426600628   -0.75913448195356003634 )	10.845894234766766 2.2382096176443156e-13
541	(  -4.7552319161284604121   -1.5610442265425199526   -0.75913448195356003634 )	10.845894234769101 -2.957634137601417e-13
542	(  -4.7552319161282001758   -1.5610442265425199526   -0.7591344819534000532  )	10.845894234767695 -7.220890552162018e-13
543	(  -4.7552319161285998561   -1.5610442265427200148   -0.75913448195356003634 )	10.845894234769032 7.336353746723034e-13
544	(  -4.7552319161282996518   -1.5610442265426200947   -0.75913448195347998926 )	10.845894234767721 -5.0182080713057076e-14
545	(  -4.7552319161285003801   -1.5610442265426200947   -0.75913448195347998926 )	10.845894234769004 6.261657858885883e-14
