1	( -22.050000000000000711    18.269999999999999574   -28.640000000000000568   )	3826.2504999999996 672381.5028001601
2	( -23.050000000000000711    20.269999999999999574   -26.640000000000000568   )	4077.1704999999993 503166.05484816
3	( -26.050000000000000711    26.269999999999999574   -20.640000000000000568   )	4937.9304999999995 180770.79579216003
4	( -35.049999999999997158    44.270000000000003126    -2.6400000000000001243  )	8492.2105 -1541.13817584
5	( -62.049999999999982947    98.270000000000024443    51.359999999999999432   )	27903.0505 6.95208780872016e6
6	( -20.050000000000000711    64.270000000000010232   -17.640000000000000568   )	13819.110500000003 95514.85646416002
7	( -16.050000000000000711    44.270000000000010232    17.359999999999999432   )	4362.650500000002 90094.05230416
8	( -21.050000000000000711    24.270000000000010232   -15.640000000000000568   )	3646.710500000002 59298.92291216001
9	( -54.049999999999997158    44.270000000000010232   -22.640000000000000568   )	14143.770500000002 260277.75134416003
10	( -50.049999999999997158    24.270000000000010232    12.359999999999999432   )	5665.310500000001 22070.787184159995
11	( -49.049999999999997158    64.270000000000010232    10.359999999999999432   )	15747.710500000003 8315.149536159997
12	( -32.049999999999997158    48.270000000000003126     7.3600000000000003197  )	8124.930499999999 1352.2420641600004
13	( -23.050000000000000711    60.270000000000003126    37.359999999999999432   )	7467.090500000002 1.94675750278416e6
14	( -12.050000000000000711    47.270000000000003126    10.359999999999999432   )	4881.210500000001 10934.989536159997
15	( -33.049999999999997158    68.270000000000010232    26.359999999999999432   )	12022.190500000002 480523.59312016
16	( -31.050000000000000711    28.270000000000010232   -11.640000000000000568   )	5111.670500000002 17445.59820816
17	( -52.049999999999997158    49.270000000000003126     4.3600000000000003197  )	12282.6505 -2258.18860784
18	( -28.050000000000000711    67.270000000000010232   -12.640000000000000568   )	15471.510500000002 23608.351584160006
19	( -36.049999999999997158    29.270000000000010232    27.359999999999999432   )	4270.350500000001 559262.21254416
20	( -32.049999999999997158    38.270000000000010232     9.3599999999999994316  )	5780.6905000000015 6413.838512159998
21	( -42.049999999999997158    48.270000000000003126     3.3599999999999998757  )	10174.610499999999 -1947.34843184
22	( -28.050000000000000711    46.270000000000003126    -2.6400000000000001243  )	7915.650500000002 -1280.34817584
23	( -16.050000000000011369    40.270000000000010232   -32.640000000000000568   )	8487.810500000003 1.13434700110416e6
24	(  -8.0500000000000007105   47.270000000000003126     4.3600000000000003197  )	4901.570500000002 -30.208607839999956
25	(  51.950000000000002842    50.270000000000003126    25.359999999999999432   )	623.3305000000003 416276.15889615996
26	(  22.949999999999999289    67.270000000000010232    20.359999999999999432   )	4164.810500000001 173398.58577615998
27	( -39.049999999999997158    27.270000000000010232   -11.640000000000000568   )	5912.330500000002 17250.48820816
28	( -28.050000000000000711    58.270000000000003126   -45.640000000000000568   )	18248.430500000002 4.33726347019216e6
29	(  11.949999999999999289    36.270000000000010232    54.359999999999999432   )	918.7105000000001 8.732524112592159e6
30	( -58.049999999999997158    55.270000000000003126    36.359999999999999432   )	13199.010499999999 1.7445456713601598e6
31	(  41.950000000000009948    39.270000000000010232   -27.640000000000000568   )	4484.130500000001 585335.87622416
32	( -28.050000000000000711    38.270000000000010232     9.3599999999999994316  )	5234.130500000002 6570.918512159998
33	( -10.050000000000000711    45.270000000000003126   -15.640000000000000568   )	6770.330500000002 59365.842912160006
34	( -26.050000000000000711    57.270000000000003126     2.3599999999999998757  )	9957.330500000002 -1489.9130558400002
35	(   9.9499999999999992895   37.270000000000010232     6.3600000000000003197  )	1701.8105000000014 2013.9566401600005
36	(  11.949999999999999289    56.270000000000003126    -0.64000000000000001332 )	5203.010500000001 681.54427216
37	(  -6.0499999999999998224   49.270000000000003126    24.359999999999999432   )	3680.8105000000005 351827.81987216
38	(  -9.0500000000000007105   47.270000000000003126    -5.6399999999999996803  )	5971.410500000002 572.0071521599997
39	(  -7.0499999999999998224   47.270000000000003126    14.359999999999999432   )	4033.7305000000006 42179.09563215999
40	( -18.050000000000000711    49.270000000000003126     5.3600000000000003197  )	6460.070500000002 -84.98358383999982
41	(  -3.0499999999999998224   52.270000000000003126     5.3600000000000003197  )	5260.8505000000005 659.9164161600002
42	(   1.9499999999999999556   45.270000000000003126     3.3599999999999998757  )	3633.0705000000003 214.68156815999998
43	( -13.050000000000000711    42.270000000000010232     3.3599999999999998757  )	4574.290500000002 -440.2184318400002
44	(  -3.0499999999999998224   46.270000000000003126     5.3600000000000003197  )	4106.0905 678.2164161600002
45	( -13.050000000000000711    45.270000000000003126     9.3599999999999994316  )	4690.750500000001 7068.618512159997
46	( -13.050000000000000711    48.270000000000003126     3.3599999999999998757  )	5777.050500000001 -518.5184318400001
47	(  -7.0499999999999998224   48.270000000000003126     9.3599999999999994316  )	4574.2905 7325.088512159998
48	(  -9.0500000000000007105   46.270000000000003126    -0.64000000000000001332 )	5260.850500000001 -430.62572784
49	(  -3.0499999999999998224   49.270000000000003126    -0.64000000000000001332 )	5228.3905 -156.15572784
50	(  -7.0499999999999998224   48.270000000000003126     4.3600000000000003197  )	4988.3905 11.011392160000128
51	(  -4.0499999999999998224   51.270000000000003126     4.3600000000000003197  )	5260.8505000000005 146.67139216000012
52	(  -2.0499999999999998224   48.270000000000003126     3.3599999999999998757  )	4549.0105 23.45156815999998
53	(  -6.0499999999999998224   50.270000000000003126     4.3600000000000003197  )	5279.6705 48.18139216000009
54	(  -8.0500000000000007105   46.270000000000003126     4.3600000000000003197  )	4707.110500000001 -22.158607839999945
55	( -12.050000000000000711    48.270000000000003126     5.3600000000000003197  )	5479.7705000000005 228.68641616000014
56	( -10.050000000000000711    49.270000000000003126     2.3599999999999998757  )	5719.410500000002 -477.19305584000006
57	(  -4.0499999999999998224   47.270000000000003126     6.3600000000000003197  )	4307.370500000001 1437.6766401600003
58	(  -7.0499999999999998224   49.270000000000003126     4.3600000000000003197  )	5188.8505000000005 3.9613921600001163
59	(  -7.0499999999999998224   52.270000000000003126     4.3600000000000003197  )	5814.2305 -17.18860783999986
60	(  -6.0499999999999998224   51.270000000000003126     4.3600000000000003197  )	5486.130500000001 42.13139216000013
61	(  -5.0499999999999998224   48.270000000000003126     4.3600000000000003197  )	4771.110500000001 109.55139216000012
62	(  -9.0500000000000007105   50.270000000000003126     4.3600000000000003197  )	5626.590500000001 -105.62860783999992
63	(  -6.0499999999999998224   48.270000000000003126     3.3599999999999998757  )	4967.570500000001 -173.62843184000002
64	(  -8.0500000000000007105   50.270000000000003126     5.3600000000000003197  )	5418.130500000001 409.66641616000015
65	(  -6.0499999999999998224   48.270000000000003126     4.1699999999999999289  )	4895.472400000001 1.2903432099999463
66	(  -3.0499999999999998224   45.270000000000003126     3.1699999999999999289  )	4107.2324 -43.143108790000014
67	(  -5.0499999999999998224   46.270000000000003126     4.1699999999999999289  )	4406.1524 60.66034320999995
68	(  -7.0499999999999998224   50.270000000000003126     4.1699999999999999289  )	5410.7924 -62.07965679000006
69	(  -8.0500000000000007105   47.270000000000003126     4.1699999999999999289  )	4917.912400000001 -89.19965679000012
70	(  -4.0499999999999998224   49.270000000000003126     4.1699999999999999289  )	4877.0324 95.78034320999996
71	(  -6.0499999999999998224   49.270000000000003126     3.1699999999999999289  )	5185.5124 -206.15310879000003
72	(  -6.0499999999999998224   47.270000000000003126     5.1699999999999999289  )	4615.4324 419.40059521
73	(  -3.0499999999999998224   45.270000000000003126     3.6000000000000000888  )	4071.2113 23.838099999999997
74	(  -5.0499999999999998224   48.270000000000003126     3.6699999999999999289  )	4832.1824 -70.40223279000003
75	(  -6.0499999999999998224   49.270000000000003126     3.8599999999999998757  )	5122.370500000001 -85.13541984000005
76	(  -7.0499999999999998224   48.270000000000003126     3.9500000000000001776  )	5024.5648 -106.91549374999994
77	(  -6.0499999999999998224   47.270000000000003126     4.4800000000000004263  )	4674.0065 107.78745616000015
78	(  -5.0499999999999998224   48.270000000000003126     4.3899999999999996803  )	4768.4768 119.60033840999986
79	(  -7.0499999999999998224   48.270000000000003126     4.6699999999999999289  )	4961.2624 125.27461920999997
80	(  -5.5499999999999998224   48.100000000000001421     3.9900000000000002132  )	4824.0145999999995 -22.055415989999943
81	(  -6.5499999999999998224   48.439999999999997726     4.3499999999999996447  )	4967.828199999999 31.229006249999884
82	(  -6.2099999999999999645   48.770000000000003126     4.0199999999999995737  )	5025.3629 -50.91317184000013
83	(  -5.8899999999999996803   47.770000000000003126     4.3200000000000002842  )	4767.2981 58.0298737600001
84	(  -6.5499999999999998224   47.820000000000000284     4.0099999999999997868  )	4875.413 -64.20138399000007
85	(  -5.5499999999999998224   48.720000000000013074     4.3300000000000000711  )	4915.705000000003 72.57525120999992
86	(  -6.1799999999999997158   48.470000000000013074     4.1799999999999997158  )	4948.226600000003 -3.4398382400001424
87	(  -5.9199999999999999289   48.070000000000000284     4.1600000000000001421  )	4843.0082 5.98939136000007
88	(  -6.25                    48.15000000000001279      4.1600000000000001421  )	4894.4801000000025 -10.703708640000002
89	(  -5.8499999999999996447   48.390000000000000568     4.1799999999999997158  )	4896.501700000001 13.353261759999953
90	(  -6.0400000000000000355   48.290000000000013358     4.0700000000000002842  )	4907.157300000003 -26.315687990000015
91	(  -6.0599999999999996092   48.25                     4.2699999999999995737  )	4883.816500000001 30.983642409999902
92	(  -6.0499999999999998224   48.170000000000001705     4.1626000000000002998  )	4876.45965476 -0.2452969539535843
93	(  -6.0499999999999998224   47.869999999999997442     4.142599999999999838   )	4819.451910759999 -4.158953749119803
94	(  -5.9500000000000001776   48.359999999999999432     4.1726000000000000867  )	4902.10241876 6.4366706121974175
95	(  -6.1500000000000003553   47.979999999999996874     4.1525999999999996248  )	4850.897890759999 -6.868471813592805
96	(  -5.9599999999999999645   47.969999999999998863     4.1925999999999996604  )	4824.90565076 14.121184193635372
97	(  -6.1399999999999996803   48.369999999999997442     4.1326000000000000512  )	4928.287658759999 -14.46064230293473
98	(  -6.0300000000000002487   48.149999999999998579     4.0625999999999997669  )	4879.17123876 -26.96875865330412
99	(  -6.0700000000000002842   48.189999999999997726     4.2625999999999999446  )	4873.764070759999 28.556833396596687
100	(  -6.0499999999999998224   47.869999999999997442     4.1403999999999996362  )	4819.644316159999 -4.78406267452425
101	(  -6                       48.200000000000002842     4.1694000000000004391  )	4876.33373636 3.999852655221332
102	(  -6.0999999999999996447   48.140000000000000568     4.1558000000000001606  )	4876.58744964 -4.477832020609071
103	(  -6.0308999999999999275   48.090000000000003411     4.1125999999999995893  )	4863.083527570001 -12.991117235029037
104	(  -6.0690999999999997172   48.25                     4.2126000000000001222  )	4889.857223569999 13.01729698992159
105	(  -6.0411999999999999034   48.070000000000000284     4.2073000000000000398  )	4851.95841673 13.896932351925443
106	(  -6.0587999999999997414   48.270000000000003126     4.1178999999999996717  )	4901.026443850001 -13.973821685177938
107	(  -6.0506999999999999673   48.119999999999997442     4.1638999999999999346  )	4866.603465699999 0.39805187395552366
108	(  -6.0492999999999996774   48.219999999999998863     4.1612999999999997769  )	4886.32596818 -0.8882243854550893
109	(  -6.0700000000000002842   48.173900000000003274     4.1756999999999999673  )	4878.242290450001 2.5449301486407876
110	(  -6.0300000000000002487   48.166100000000000136     4.1494999999999997442  )	4874.67833077 -2.9999976683250225
111	(  -6.036800000000000388    48.172100000000000364     4.1825999999999998735  )	4873.68094946 6.202897627260313
112	(  -6.063200000000000145    48.167900000000003047     4.142599999999999838   )	4879.239247300001 -6.61026502911983
113	(  -6.0599999999999996092   48.173299999999997567     4.1646999999999998465  )	4878.00770285 -0.15067486287330212
114	(  -6.0899999999999998579   48.183199999999992258     4.1710000000000002629  )	4882.653987079998 0.13830641208113548
115	(  -6.1799999999999997158   48.213199999999993395     4.1898999999999997357  )	4896.671149129998 1.0496482397492173
116	(  -6.0400000000000000355   48.123199999999989984     4.1550000000000002487  )	4866.854845479998 -1.6575687993748716
117	(  -6.1399999999999996803   48.243199999999987426     4.1870000000000002771  )	4898.4812006799975 1.9816260789611988
118	(  -6.0697000000000000952   48.283199999999986574     4.1454000000000004178  )	4902.3831272499965 -6.832657936729618
119	(  -6.1102999999999996206   48.083199999999990837     4.196600000000000108   )	4862.969101809998 7.250149090226557
120	(  -6.114899999999999558    48.153199999999991121     4.1210000000000004405  )	4883.861314449998 -15.156807345118807
121	(  -6.0651000000000001577   48.213199999999993395     4.2210000000000000853  )	4881.447511729999 15.956843899281068
122	(  -6.1799999999999997158   48.212899999999983436     4.1898999999999997357  )	4896.6120994099965 1.0515022397493112
123	(  -6.1100000000000003197   48.17549999999999244      4.1688000000000000611  )	4883.505155139998 -1.4363678011249021
124	(  -6.0700000000000002842   48.190899999999992076     4.1731999999999995765  )	4881.803182099999 1.7142990570910115
125	(  -6.0922999999999998266   48.233199999999989416     4.1634000000000002117  )	4893.407222289998 -2.4793504038316883
126	(  -6.0876999999999998892   48.133200000000002206     4.1786000000000003141  )	4871.91285797 2.7677916103482403
127	(  -6.0867000000000004434   48.165100000000002467     4.150999999999999801   )	4880.49880205 -5.352711068399117
128	(  -6.0933000000000001606   48.201299999999989154     4.1909999999999998366  )	4884.810095249997 5.712711509361043
129	(  -6.089500000000000135    48.163199999999989132     4.1696999999999997399  )	4878.783499539998 -0.09246785604437946
130	(  -6.0880000000000000782   48.103199999999979752     4.1657999999999999474  )	4867.181276199996 -0.7827959627005612
131	(  -6.0887999999999999901   48.113199999999991974     4.168999999999999595   )	4868.949517639999 0.043448514720921594
132	(  -6.0867000000000004434   47.9632000000000005       4.1669000000000000483  )	4839.5075837 0.45139067595243887
133	(  -6.0987999999999997769   48.043199999999991689     4.1596999999999999531  )	4857.117736249998 -2.7072570106252556
134	(  -6.0788000000000002032   48.183199999999992258     4.1783000000000001251  )	4880.795868009998 2.8135929916791156
135	(  -6.080700000000000216    48.06319999999998771      4.1490000000000000213  )	4860.0188688499975 -5.009884171598969
136	(  -6.0968999999999997641   48.163199999999989132     4.1890000000000000568  )	4877.8887176499975 5.179398213841068
137	(  -6.0922999999999998266   48.213199999999993395     4.1535000000000001918  )	4890.344494339999 -5.205178294374832
138	(  -6.0853000000000001535   48.013199999999990553     4.1844999999999998863  )	4847.602645939998 5.341483596620094
139	(  -6.0937999999999998835   48.092499999999986926     4.1668000000000002814  )	4865.622228179997 -0.7131153888492463
140	(  -6.0838000000000000966   48.133899999999989916     4.1711999999999997968  )	4872.277984579999 0.8012288813210944
141	(  -6.090518999999999572    48.163199999999989132     4.1657999999999999474  )	4879.237232090959 -1.2719180635006069
142	(  -6.0870810000000004081   48.06319999999998771      4.1722000000000001307  )	4858.672813378958 1.3607789164881297
143	(  -6.0872609999999998109   48.102600000000002467     4.1589999999999998082  )	4867.581016159322 -2.7044119856390694
144	(  -6.0903390000000001692   48.123799999999988586     4.17900000000000027    )	4870.3183145513185 2.812133081481136
145	(  -6.088447999999999638    48.133200000000002206     4.1686459999999998516  )	4872.86912025482 -0.16362226651801848
146	(  -6.0891520000000003421   48.093199999999988847     4.1693540000000002266  )	4865.031515683618 0.25055951270877586
147	(  -6.0868000000000002103   48.108299999999992735     4.1641450000000004295  )	4868.197622674024 -1.233208239323801
148	(  -6.0907999999999997698   48.118099999999991212     4.1738549999999996487  )	4869.701507830024 1.3250018015313003
149	(  -6.0906950000000001921   48.115099999999991098     4.1639999999999997016  )	4869.967402792024 -1.5077794956840762
150	(  -6.086904999999999788    48.111299999999992849     4.1740000000000003766  )	4867.931756512024 1.5998834936762023
151	(  -6.0877999999999996561   48.108599999999988484     4.1679700000000003968  )	4868.0287377568975 -0.1778571715701105
152	(  -6.0885569999999997748   48.123199999999989984     4.1681600000000003092  )	4870.960138428647 -0.2488930928174682
153	(  -6.089800000000000324    48.117800000000002569     4.1700299999999996814  )	4869.8703857329 0.2649662694603876
154	(  -6.0890430000000002053   48.103199999999986858     4.1698399999999997689  )	4866.939322260647 0.3359421469467634
155	(  -6.0894370000000002108   48.110499999999987608     4.1669999999999998153  )	4868.664363053967 -0.5506545841790285
156	(  -6.0881629999999997693   48.115899999999989234     4.1710000000000002629  )	4869.234681717967 0.6383893203811795
157	(  -6.0891397400000002449   48.108199999999989416     4.1685889999999998778  )	4868.041049724303 -0.06189740533625354
158	(  -6.0883000000000002672   48.111160999999988519     4.1683399999999997121  )	4868.553090128559 -0.11082865579464851
159	(  -6.0892999999999997129   48.115239000000002534     4.1696600000000003661  )	4869.345961847763 0.1978144979055969
160	(  -6.0884602599999997352   48.118199999999987426     4.1694110000000002003  )	4869.858071109582 0.14883306347940106
161	(  -6.0886071199999998171   48.10983199999999016      4.1699999999999999289  )	4868.179639232569 0.3633704327962164
162	(  -6.088992880000000163    48.116567999999986682     4.1680000000000001492  )	4869.719459566008 -0.27626613585971427
163	(  -6.088599999999999568    48.111310999999993498     4.1687505800000002054  )	4868.5789686732705 -0.007512445266911527
164	(  -6.0880000000000000782   48.105643999999998073     4.1680025799999995684  )	4867.467383551235 -0.16024672045648458
165	(  -6.0891000000000001791   48.109895999999992        4.1688915800000003742  )	4868.343036846474 0.017409905475744836
166	(  -6.0880999999999998451   48.112725999999987891     4.1686095800000000366  )	4868.8149070167865 -0.03242923499050221
167	(  -6.0884510399999998143   48.106310999999990941     4.1688565799999999228  )	4867.572133481801 0.060963941496311236
168	(  -6.0887489600000002099   48.116311000000003162     4.1686445799999995998  )	4869.585909030791 -0.07598797845508898
169	(  -6.0885487400000002367   48.111994000000002814     4.1697505799999996512  )	4868.619590093101 0.2807370269435978
170	(  -6.0886512599999997875   48.110627999999991289     4.1677505799999998715  )	4868.5383482526095 -0.29555330567779947
171	(  -6.0880000000000000782   48.105643999999998073     4.1680023200000002603  )	4867.4674063988095 -0.16032202431591713
172	(  -6.0884000000000000341   48.110361999999987859     4.1688115999999997285  )	4868.365653888382 0.02577085178319294
173	(  -6.0887999999999999901   48.112259999999992033     4.1686895599999997941  )	4868.79228813884 -0.040795345424442075
174	(  -6.0887079100000001119   48.109310999999991054     4.1690180500000000308  )	4868.174598300535 0.0768819484929395
175	(  -6.0884920899999999122   48.113311000000003048     4.1684831100000003801  )	4868.983356488856 -0.0918914882661852
176	(  -6.088579030000000003    48.112267999999993151     4.1692505799999999283  )	4868.720598743882 0.13260982741638827
177	(  -6.0886209700000000211   48.11035399999998674      4.1682505799999995943  )	4868.43734077266 -0.1475825423696051
178	(  -6.0885172499999997697   48.112310999999991168     4.1687792000000003512  )	4868.763770043607 -0.0012432345737920514
179	(  -6.0882690000000003749   48.115310999999977071     4.1688650599999999002  )	4869.318195573737 0.017566415433691418
180	(  -6.0884479599999998811   48.114310999999986507     4.1691445399999995658  )	4869.116734072966 0.0958694572051968
181	(  -6.0885865399999996583   48.110310999999988724     4.1684138600000002484  )	4868.410818813756 -0.09832781404844582
182	(  -6.0883172500000002358   48.110659999999988656     4.1691070799999998542  )	4868.389207967177 0.11365931181182987
183	(  -6.0887172500000001918   48.113961999999986574     4.16845131999999996    )	4869.138346804372 -0.11612402170669611
184	(  -6.08871304999999996     48.111527999999992744     4.1692792000000000741  )	4868.587359479206 0.13883020048524486
185	(  -6.0883214499999995795   48.113093999999989592     4.1682791999999997401  )	4868.9401845897955 -0.141264226850069
186	(  -6.0885189899999998531   48.111310999999993498     4.1688079099999999499  )	4868.565148759561 0.013079848607333133
187	(  -6.0885155099999996864   48.113310999999988837     4.1687504899999998642  )	4868.962395437188 -0.01556614237932763
188	(  -6.0884172500000000028   48.112328999999988355     4.1688280100000003614  )	4868.752173315018 0.017703410043225176
189	(  -6.0886172500000004248   48.112292999999986876     4.1687303900000003409  )	4868.775366787542 -0.02018937875067195
190	(  -6.0885419199999999407   48.112458999999986986     4.1689791999999998851  )	4868.7779176628455 0.05460666876382447
191	(  -6.0884925799999995988   48.112162999999988244     4.1685791999999999291  )	4868.749622489405 -0.05708480342838129
192	(  -6.0884821314000001635   48.11181099999998878      4.168782059999999845   )	4868.661567951362 0.004354568602082054
193	(  -6.0885523686000002641   48.11281099999998645      4.1687763399999999692  )	4868.865973214292 -0.006841071162739354
194	(  -6.0885672499999996532   48.111971929999988618     4.1688640299999999428  )	4868.695179313755 0.02294942189109861
195	(  -6.0884672499999998863   48.112650069999986613     4.1686943699999998714  )	4868.832361299965 -0.025434356417804338
196	(  -6.0884891756000003582   48.112522469999987607     4.1688792000000001181  )	4868.793447247481 0.027828292638048424
197	(  -6.0885453244000000694   48.112099529999987624     4.168679199999999696   )	4868.7340929318525 -0.030312664465668604
198	(  -6.0884972499999996387   48.112319029999987663     4.1687972201000000894  )	4868.761594475467 0.004912239046518607
199	(  -6.0885189849000003193   48.112110999999991634     4.1687968052000003993  )	4868.72315318295 0.004991145988810786
200	(  -6.0885372499999999008   48.112302969999987567     4.1687611798999997248  )	4868.765945612233 -0.007398640153667202
201	(  -6.0885155151000001084   48.112510999999990702     4.168761594800000303   )	4868.804387077586 -0.007477549805514627
202	(  -6.0885247670000000042   48.112387939999990749     4.1688292000000002346  )	4868.775293007663 0.012409007078701961
203	(  -6.0885097330000004234   48.112234059999991587     4.1687291999999995795  )	4868.75224709527 -0.014894956021691996
204	(  -6.0885272500000002793   48.112338739999991333     4.168787342799999962   )	4868.769583464295 0.0004564732972198726
205	(  -6.0885572500000000318   48.112421959999991827     4.1688117711999996828  )	4868.787023748058 0.005555676548055999
206	(  -6.0885472500000004104   48.112341439999987358     4.1687869689000001117  )	4868.7723143403 -0.0006505664737801453
207	(  -6.0885072500000001483   48.112336039999988202     4.1687877166999998124  )	4868.766852589338 0.0015635129895485989
208	(  -6.0885274262999997674   48.112138739999991799     4.1687561058000000003  )	4868.733090206406 -0.007386669542427171
209	(  -6.0885270736999999031   48.112538739999990867     4.1688185797999999238  )	4868.806076859005 0.008299819695821498
210	(  -6.0885269319999997251   48.112463659999988863     4.1687373428000000786  )	4868.798463795047 -0.014777921297593366
211	(  -6.0885275679999999454   48.112213819999986697     4.1688373427999998455  )	4868.740703225788 0.01569138933530212
212	(  -6.0885172499999997697   48.11224267999998716      4.1687785105000001451  )	4868.7504202056225 -0.0010270787380477486
213	(  -6.0885372499999999008   48.1124347999999884       4.168796175099999779   )	4868.788746760682 0.001940039679993788
214	(  -6.088537115700000335    48.112282009999987054     4.168767342799999831   )	4868.7612752032655 -0.005478487569178014
215	(  -6.0885225633999997541   48.112433509999988246     4.168767342799999831   )	4868.789435484951 -0.005686202075992242
216	(  -6.0885173843000002236   48.112395469999988507     4.1688073428000000931  )	4868.777891732413 0.006391518701263976
217	(  -6.0885319365999999164   48.112243969999987314     4.1688073428000000931  )	4868.74973148621 0.006599232977066549
218	(  -6.0885222499999995804   48.112357601999988788     4.1687863006999998916  )	4868.772835443374 0.00028519919072778066
219	(  -6.0885072500000001483   48.112414187999981152     4.1687831743999996803  )	4868.782591387672 -0.00022862063843831493
220	(  -6.0884622500000000755   48.112583945999958246     4.1687737954999999346  )	4868.811859284104 -0.0017700577103596515
221	(  -6.0884872500000000173   48.11256139799998266      4.1687940973000001676  )	4868.80835912093 0.003022734001547178
222	(  -6.0885272500000002793   48.112266977999979645     4.1687722515000000811  )	4868.756823723927 -0.003479944508171684
223	(  -6.088494348200000239    48.112214187999981618     4.1688039917999999417  )	4868.740105497594 0.007655499074871841
224	(  -6.0885201518000000576   48.112614187999980686     4.168762357000000307   )	4868.825077465925 -0.008112655136187641
225	(  -6.0885143683000002568   48.112451537999980644     4.1688331743999995638  )	4868.786300061614 0.013684287884416335
226	(  -6.0885001317000000398   48.11237683799998166      4.1687331743999997968  )	4868.778882718005 -0.014141008330398108
227	(  -6.0885065778999996056   48.112514187999977366     4.1687853239999999033  )	4868.801958538265 -0.00018152329568010828
228	(  -6.0885045615999997537   48.112814187999973115     4.1687917727999996842  )	4868.860060223335 -4.022467953745945e-5
229	(  -6.0884985127000001981   48.113714187999960359     4.168811119199999915   )	4869.034367378144 0.0003837304648186546
230	(  -6.0884951227000003726   48.112314187999970727     4.1687797228000000871  )	4868.761951229079 -2.4418473628884385e-5
231	(  -6.0884668059999995648   48.110814187999956459     4.1687435728000004076  )	4868.467630217784 2.312519711722416e-5
232	(  -6.0883818558999998061   48.106314187999906551     4.1686351227999995928  )	4867.584720927207 0.00016688164623701596
233	(  -6.0884417959999996839   48.112814187999958904     4.1687511928000002825  )	4868.856822769194 -0.008717331034347353
234	(  -6.088491816000000334    48.10881418799994691      4.1687359527999996445  )	4868.078453406701 0.008763693577122922
235	(  -6.08856680600000022     48.111322187999959965     4.168614582800000079   )	4868.589518638017 -0.04535854901865832
236	(  -6.0883668059999997979   48.110306187999952954     4.168872562799999848   )	4868.345743348393 0.04540816760663802
237	(  -6.0884421859999999782   48.110721187999956783     4.1682435727999997965  )	4868.490649403888 -0.1430678540555732
238	(  -6.0884914260000000397   48.110907187999963242     4.1692435728000001305  )	4868.444611390649 0.14316623513911964
239	(  -6.0885168060000003365   48.111135187999963136     4.1687395328000000916  )	4868.536412188841 -0.005557558120926842
240	(  -6.0884168059999996814   48.110493187999956888     4.1687476127999998354  )	4868.398848733314 0.005603779818557086
241	(  -6.088450615100000185    48.111814187999947023     4.1687176427999999007  )	4868.664438706919 -0.012784225761038215
242	(  -6.0884829968999998329   48.10981418799995879      4.1687695028000000264  )	4868.270825769474 0.012830648752583329
243	(  -6.0884677758999998787   48.11069118799994726      4.1685435727999999855  )	4868.461169430118 -0.057228406425622325
244	(  -6.0884658361000001392   48.110937187999958553     4.1689435727999999415  )	4868.47409104709 0.05728299870116871
245	(  -6.0884588263000001263   48.110314187999946967     4.1687024727999997253  )	4868.372236385006 -0.008450733177937764
246	(  -6.0884747856999998916   48.111314187999958847     4.1687846728000002017  )	4868.563024987827 0.008497327861846315
247	(  -6.0884868059999996959   48.110726787999958276     4.1686890227999997549  )	4868.457437166289 -0.016234405523107398
248	(  -6.088446806000000322    48.110901587999947537     4.1687981228000001721  )	4868.477823280522 0.016281279969291518
249	(  -6.0884579508999996378   48.111108007999959568     4.1686435727999997525  )	4868.533130771961 -0.030308337293035947
250	(  -6.0884756611000003801   48.110520367999953351     4.1688435728000001745  )	4868.402130136206 0.030356678301359352
251	(  -6.0884768060000000744   48.110651587999953449     4.1687140736000003471  )	4868.439391188722 -0.008026324364379889
252	(  -6.0884568059999999434   48.11097678799995947      4.1687730719999995799  )	4868.495869328852 0.008072759483297887
253	(  -6.0884568059999999434   48.110693307999959245     4.1687004691000000278  )	4868.4466077338375 -0.01124039547846678
254	(  -6.0884768060000000744   48.110935067999946568     4.1687866764999998992  )	4868.4886527480885 0.011287030909329587
255	(  -6.0884691771000003513   48.111014187999963099     4.1686947655999997409  )	4868.511433263977 -0.015454349464505412
256	(  -6.0884644348999996666   48.110614187999956926     4.1687923800000001862  )	4868.423827377312 0.015501095684555821
257	(  -6.0884718060000002637   48.110751197999952922     4.1687380004000003098  )	4868.456298095367 -0.0014537093733224538
258	(  -6.0884618059999997541   48.110877177999959997     4.1687491451999996173  )	4868.478962353522 0.0014999668726431992
259	(  -6.0884690302060002765   48.110914187999959779     4.1687302912000001598  )	4868.488666854131 -0.004543741100064835
260	(  -6.0884645817939997414   48.11071418799995314      4.1687568543999997672  )	4868.446593628002 0.004590027836002264
261	(  -6.0884640841320001314   48.110771997999947303     4.1687235728000002766  )	4868.4608116892905 -0.005381982768369653
262	(  -6.0884695278679998864   48.110856377999958511     4.1687635727999996504  )	4868.474448751296 0.005428316349082252
263	(  -6.0884688059999998444   48.110809297199956802     4.1687414274999996522  )	4868.467075573328 -0.0006669937061474229
264	(  -6.0884648060000001735   48.110819078799963222     4.1687457181000002748  )	4868.468184862274 0.0007132450793392309
265	(  -6.0884662453439997165   48.110764187999947694     4.1687350653999999395  )	4868.458502978139 -0.0021102245074757775
266	(  -6.0884673666560003014   48.110864187999958119     4.1687520801999999875  )	4868.4767574659845 0.002156489938784034
267	(  -6.0884665503729999969   48.110858516599947166     4.168733572799999898   )	4868.477182291927 -0.0031320510876184926
268	(  -6.088467061627000021    48.110769859399958648     4.168753572800000029   )	4868.458078153428 0.003178322358337482
269	(  -6.0884670199919996847   48.110794187999957217     4.1687428017289995807  )	4868.4637955258195 -8.905934396352677e-5
270	(  -6.0884665920080003332   48.110834187999962808     4.1687443438710003463  )	4868.471464911274 0.00013530987035892394
271	(  -6.0884658060000003132   48.110810991399958425     4.1687418167389997947  )	4868.4670487118665 -0.00041718098663068304
272	(  -6.0884678059999997046   48.110817384599947388     4.1687453288610001323  )	4868.46821172374 0.0004634320172272055
273	(  -6.0884671217640002894   48.11081862369996287      4.1687385727999997087  )	4868.468974518153 -0.0014683100188221943
274	(  -6.0884664902359997285   48.110809752299957154     4.1687485728000002183  )	4868.46628591764 0.0015145656234381022
275	(  -6.0884669936473398977   48.110804187999953285     4.1687428366089998022  )	4868.46575243115 -0.00013854251983502763
276	(  -6.0884666183526601202   48.110824187999959634     4.1687443089910001248  )	4868.469508004784 0.00018479303048479778
277	(  -6.0884673060000000788   48.110819403099959857     4.1687427783839998696  )	4868.468777867628 -0.0002633917572438804
278	(  -6.088466305999999939    48.110808972899953062     4.1687443672160000574  )	4868.4664825680775 0.0003096422775570318
279	(  -6.0884665596327396386   48.110816019699953472     4.168741572800000128   )	4868.468138811254 -0.0005554968460046439
280	(  -6.0884670523672603792   48.110812356299959447     4.168745572799999799   )	4868.46712162435 0.0006017480750415416
281	(  -6.0884669569201497197   48.110819187999958046     4.1687435458840003122  )	4868.468630356369 -2.252879556863263e-5
282	(  -6.0884674096806001842   48.110834187999962808     4.168743465136000026   )	4868.471630772746 -0.00015949078181165532
283	(  -6.0884664569201500939   48.110809336199956476     4.1687433426930002867  )	4868.4666602764155 3.1273188483282865e-6
284	(  -6.0884649569201503283   48.110779780799951766     4.1687427331200002101  )	4868.4607500389575 8.009565476641001e-5
285	(  -6.0884674569201502337   48.11080729319994731      4.1687434034040000697  )	4868.466362333915 -1.5951631667121546e-5
286	(  -6.0884654569201499541   48.110811379199958537     4.1687432819819996155  )	4868.466958218925 2.2206273968095047e-5
287	(  -6.0884665580501495796   48.110829336199962825     4.1687434098869999843  )	4868.470590987949 -0.0001041367943912519
288	(  -6.08846635579014972     48.110789336199957233     4.1687432754989997008  )	4868.462729566487 0.00011039142873414676
289	(  -6.088466490362150374    48.110809940499947857     4.1687413426930000071  )	4868.466958283376 -0.0005817633048081916
290	(  -6.0884664234781498138   48.110808731899957991     4.168745342692999678   )	4868.46636226947 0.0005880187763978029
291	(  -6.0884663973669299608   48.110799336199953302     4.168743084025999579   )	4868.464713727018 -8.021044720862847e-6
292	(  -6.0884665164733702269   48.11081933619995965      4.1687436013600001061  )	4868.468606826205 1.4275694923071569e-5
293	(  -6.0884659569201495799   48.110812674199962657     4.1687425127119999146  )	4868.467334210924 -0.00023315630619435979
294	(  -6.0884669569201497197   48.110805998199957401     4.1687441726739997705  )	4868.465986341959 0.00023941109060388044
295	(  -6.0884668975628901677   48.110810873199959303     4.1687423426930001469  )	4868.467097612078 -0.0003176555804884629
296	(  -6.0884660162774100201   48.110807799199946544     4.1687443426930004264  )	4868.466222940772 0.0003239104254362246
297	(  -6.0884666569201497666   48.110812537144958867     4.1687431863498698448  )	4868.467323986304 -7.148953585556228e-5
298	(  -6.0884662569201504212   48.11080613525494698      4.1687434990361298404  )	4868.4659965665705 7.774417707651082e-5
299	(  -6.088466528102130404    48.110804336199947784     4.1687428881174097839  )	4868.465726529046 -0.00010165518648364014
300	(  -6.0884663857381697838   48.110814336199958063     4.1687437972685899013  )	4868.467594023874 0.00010790986777919898
301	(  -6.0884663111832697524   48.110812585225957605     4.1687428426929997727  )	4868.46732614838 -0.00015438933860423276
302	(  -6.0884666026570304354   48.110806087173962453     4.1687438426929999125  )	4868.465994404499 0.00016064402910842546
303	(  -6.0884663756813601765   48.110811336199958532     4.1687432609355097313  )	4868.46705122081 -2.8751981062669074e-5
304	(  -6.0884665381589400113   48.110807336199947315     4.1687434244504899539  )	4868.466269332035 3.500662023725454e-5
305	(  -6.0884664013369302893   48.110807615521963498     4.1687431426929997258  )	4868.466334088813 -4.16235917555241e-5
306	(  -6.0884665125033698985   48.11081105687795656      4.1687435426929999593  )	4868.46698646403 4.787823729657248e-5
307	(  -6.0884665569201503743   48.110810202031963456     4.1687431570356796584  )	4868.466857380436 -6.0856000231979124e-5
308	(  -6.0884663569201498134   48.110808470367956602     4.1687435283503200267  )	4868.466463172402 6.711064463615912e-5
309	(  -6.0884664761290503421   48.110810336199946846     4.1687433345953603947  )	4868.4668593529705 -6.251084414543584e-6
310	(  -6.08846650692014979     48.110808918416957169     4.1687433011930403737  )	4868.466587339963 -8.810617373455898e-6
311	(  -6.0884664377112498457   48.110808336199959001     4.1687433507906401786  )	4868.466461199863 1.2505722111200157e-5
312	(  -6.0884664069201503978   48.110809753982962889     4.1687433841929601996  )	4868.46673321287 1.5065255468016403e-5
313	(  -6.0884664375824097959   48.11080940380595905      4.1687432426930000062  )	4868.466680238534 -2.5313075809663133e-5
314	(  -6.0884664762578903918   48.110809268593946797     4.1687434426929996789  )	4868.4666403142965 3.156771543899595e-5
315	(  -6.0884664769201499723   48.11080912094971751      4.1687433228969004162  )	4868.466621934255 -2.280960416101152e-6
316	(  -6.0884665369201496077   48.110808475199000611     4.1687432635085999166  )	4868.4665069077755 -1.850579803885921e-5
317	(  -6.08846644723212016     48.11081012094970788      4.1687433637874899972  )	4868.466811405165 4.938043900892808e-6
318	(  -6.0884665269201496685   48.110809512999722415     4.1687433722262703384  )	4868.466699971541 7.171412846673775e-6
319	(  -6.0884665066081797846   48.110808120949720035     4.168743282006309947   )	4868.466432463348 -9.499964619408274e-6
320	(  -6.0884664269201502762   48.110808728899719711     4.1687432735675296058  )	4868.466543896971 -1.1733333678876079e-5
321	(  -6.0884664634148499829   48.11080855166571979      4.1687434228968998084  )	4868.466499941298 3.082683355160043e-5
322	(  -6.0884664904254499618   48.110809690233722336     4.1687432228969001358  )	4868.466743927215 -3.538875267850017e-5
323	(  -6.0884664969201498508   48.110809238041007063     4.1687433387190102607  )	4868.466645694706 6.089224484639999e-7
324	(  -6.0884665569201503743   48.110809589314882828     4.1687433861853397943  )	4868.466716976061 9.278571269533131e-6
325	(  -6.0884665447829702245   48.110810238040997433     4.168743296381149932   )	4868.466850886476 -2.0098990148653684e-5
326	(  -6.0884664490573303652   48.110808238041009588     4.1687433810568697012  )	4868.466440502939 2.1316835045581684e-5
327	(  -6.088466516483560298    48.110808440118006502     4.1687432387190099803  )	4868.466499985299 -2.4472194809277426e-5
328	(  -6.0884664469201501547   48.11080982975000353      4.1687432523784000438  )	4868.466764004979 -2.555832520556578e-5
329	(  -6.0884664773567402918   48.110810035964007625     4.168743438719009653   )	4868.4667914041165 2.569004152519483e-5
330	(  -6.0884665469201504351   48.110808646332010596     4.1687434250596195895  )	4868.466527384436 2.6776171353048994e-5
331	(  -6.0884665030710500844   48.110809738041012906     4.1687433365631996196  )	4868.466744692259 -3.3621075203882356e-6
332	(  -6.0884665169201497292   48.110809077951358859     4.1687433240677700397  )	4868.466617727463 -3.6442986584006576e-6
333	(  -6.0884664907692496172   48.110808738041008326     4.1687433408748200137  )	4868.4665466971555 4.579952019412303e-6
334	(  -6.0884664769201499723   48.110809398130662373     4.1687433533702495936  )	4868.466673661951 4.862143214268144e-6
335	(  -6.0884664913336603576   48.110809259435377783     4.1687432887190096764  )	4868.46665368269 -1.3736214725668106e-5
336	(  -6.0884665025066402322   48.110809216646629238     4.1687433887190099568  )	4868.4666377067215 1.495405984996978e-5
337	(  -6.08846650692014979     48.110809262611937243     4.1687433326386296173  )	4868.466652135909 -1.7937862253347703e-6
338	(  -6.0884664869201499116   48.110809213470069778     4.168743344799390016   )	4868.466639253502 3.0116308948890946e-6
339	(  -6.0884664953126996778   48.110809038040997621     4.168743320062300306   )	4868.466607903551 -3.5008702639061084e-6
340	(  -6.0884664985276000237   48.1108094380410094       4.1687433573757299854  )	4868.466683485859 4.71871805984847e-6
341	(  -6.0884664926559199927   48.1108094380410094       4.1687433187486195862  )	4868.466686244087 -6.186464929669455e-6
342	(  -6.0884665011843797089   48.110809038040997621     4.168743358689400047   )	4868.466605145324 7.4043095992237795e-6
343	(  -6.0884665019201502645   48.110809257605026801     4.1687433370492996687  )	4868.466650223519 -2.396031391072029e-7
344	(  -6.0884665169201497292   48.110809316297093119     4.168743332040169669   )	4868.466663809956 -2.785179162856366e-6
345	(  -6.0884664919201503253   48.110809254253013023     4.1687433366863198003  )	4868.466648513491 1.667275455474737e-7
346	(  -6.0884664619201496194   48.11080924419697169      4.1687433355973801952  )	4868.466643383407 1.3857197131983412e-6
347	(  -6.0884665119201502037   48.110809295818370401     4.1687433365729802404  )	4868.466658849982 -1.1014020060429175e-6
348	(  -6.0884664877573602126   48.110809454253022466     4.1687433355831498005  )	4868.46668741574 -1.1662095857900567e-6
349	(  -6.0884664719201495586   48.11080921268766275      4.1687433367996602485  )	4868.466638177001 1.4348573813549592e-6
350	(  -6.0884664960829404379   48.110809054253010686     4.1687433377894898001  )	4868.466609611243 1.4996646768850042e-6
351	(  -6.0884664920312800973   48.110809243452649753     4.1687433166863199219  )	4868.466648163296 -5.568666495037178e-6
352	(  -6.0884664918090303232   48.110809265053383399     4.1687433566863196788  )	4868.4666488636885 5.902121245071612e-6
353	(  -6.0884664820940601615   48.110809154253011855     4.1687433319206501636  )	4868.466628238915 -1.2287671324884286e-7
354	(  -6.0884664526157896702   48.110808854253008349     4.1687433176236403654  )	4868.466567415188 -9.916897738548869e-7
355	(  -6.0884664620940602831   48.110809151831098518     4.1687433319433395695  )	4868.466625593571 8.806602522781759e-7
356	(  -6.08846650209406004     48.110809156674932296     4.1687433318979598695  )	4868.466630884261 -1.126413962992956e-6
357	(  -6.0884664823405403311   48.110808954253009517     4.1687433357007304124  )	4868.466588676887 2.1781211785310006e-6
358	(  -6.0884664818475799919   48.110809354253007086     4.1687433281405699148  )	4868.466667800942 -2.4238745481852675e-6
359	(  -6.0884664820709799571   48.110809192050979277     4.1687433519206500421  )	4868.466633897817 5.443819247830106e-6
360	(  -6.0884664821171501359   48.110809116455037326     4.1687433119206502852  )	4868.466622580013 -5.689573015388305e-6
361	(  -6.0884664720940602223   48.11080914441956935      4.1687433345904203463  )	4868.466624990165 1.2017605399705644e-6
362	(  -6.0884664920940601007   48.110809164086447254     4.1687433292508799809  )	4868.466631487663 -1.4475139096248313e-6
363	(  -6.0884664833293697939   48.110809254253013023     4.1687433402309501673  )	4868.466647270746 1.6158074345185014e-6
364	(  -6.088466480858749641    48.110809054253010686     4.1687433236103501599  )	4868.466609207084 -1.8615608041727683e-6
365	(  -6.0884664856238899233   48.110809066789542499     4.1687433419206501028  )	4868.466610575138 3.1341359658654255e-6
366	(  -6.0884664785642303997   48.11080924171648121      4.1687433219206502244  )	4868.466645902692 -3.3798893355196924e-6
367	(  -6.0884664793452900611   48.110809204253008886     4.1687433362963304262  )	4868.466637370533 9.756994927556661e-7
368	(  -6.088466487094059687    48.110809138633896964     4.1687433368463802097  )	4868.466625282252 1.1540669788701052e-6
369	(  -6.0884664848428302619   48.110809104253007717     4.1687433275449699011  )	4868.466619107296 -1.2214529192533519e-6
370	(  -6.0884664776523997887   48.110809104253007717     4.168743334843820314   )	4868.466617686411 1.2467701822060917e-6
371	(  -6.0884664770940597478   48.110809169872119639     4.1687433269949201176  )	4868.466631195576 -1.3998202916809532e-6
372	(  -6.0884664865357196462   48.110809204253008886     4.1687433289974800132  )	4868.4666387914185 -1.4925234950169397e-6
373	(  -6.0884664807698296585   48.110809174253013509     4.1687433327132801253  )	4868.466631951364 5.0080018354492495e-8
374	(  -6.0884664767971399257   48.110809234253018474     4.1687433350911700103  )	4868.466643088714 5.689501563210797e-7
375	(  -6.0884664783135695743   48.110809124253016478     4.1687433288082100802  )	4868.46662221417 -6.564973205058777e-7
376	(  -6.0884664757698301329   48.110809219131553505     4.1687433301120604412  )	4868.466640446858 -7.314011440939794e-7
377	(  -6.0884664832260897427   48.110809224253010541     4.1687433366183501704  )	4868.46664168856 7.566574140582816e-7
378	(  -6.0884664857698300722   48.110809129374480619     4.1687433353145095793  )	4868.466623455872 8.315639092870697e-7
379	(  -6.0884664850075695952   48.110809192485767483     4.1687433277132797116  )	4868.466636428924 -1.717971997550194e-6
380	(  -6.0884664765320897217   48.110809156020259536     4.1687433377132796508  )	4868.466627473806 1.8181318068855035e-6
381	(  -6.088466482769829824    48.110809187874302495     4.1687433329321503805  )	4868.46663482255 -6.764906856915331e-8
382	(  -6.0884664822123797379   48.110809154253011855     4.1687433319784501506  )	4868.4666282466615 -1.1193793625352555e-7
383	(  -6.0884664787698303812   48.110809160631731629     4.16874333249440987    )	4868.4666290801815 1.678091052781383e-7
384	(  -6.0884664793272795791   48.11080919425302227      4.1687433334481100999  )	4868.46663565607 2.1209797296251054e-7
385	(  -6.0884664805810002619   48.110809180239328953     4.1687433307132799598  )	4868.466633281674 -5.566633376474783e-7
386	(  -6.0884664809586599432   48.110809168266698066     4.1687433347132802908  )	4868.466630621055 6.568233743564633e-7
387	(  -6.0884664817308298268   48.110809164253012682     4.1687433326632001851  )	4868.466630097111 4.925681196255027e-8
388	(  -6.0884664846138303318   48.1108091342530102       4.1687433325129603645  )	4868.466624534346 4.6787079099885887e-8
389	(  -6.0884664932628300704   48.110809044253002753     4.1687433320622400146  )	4868.466607846052 3.9377880511892727e-8
390	(  -6.0884665192098301745   48.110808774252980413     4.168743330710079853   )	4868.466557781176 1.715051212158869e-8
391	(  -6.0884665970508295985   48.110807964252913393     4.1687433266536002563  )	4868.466407586544 -4.9531365675647976e-8
392	(  -6.0884665261312198581   48.110808574252978076     4.1687433247573597583  )	4868.466519798058 -8.300784202219802e-7
393	(  -6.0884665122884502608   48.11080897425298275      4.1687433366627999476  )	4868.466595764295 8.643789897178067e-7
394	(  -6.0884665392098300529   48.110808883836050143     4.1687433273192597838  )	4868.466581756405 -2.6148663323510846e-6
395	(  -6.088466499209830296    48.110808664669910684     4.1687433341008999221  )	4868.466533805946 2.649167299750843e-6
396	(  -6.0884665080257098779   48.110808854602652218     4.1687433207100799137  )	4868.466573218923 -2.8206416118337074e-6
397	(  -6.0884665303939495828   48.110808693903308608     4.1687433407100797922  )	4868.466542343427 2.8549427497637225e-6
398	(  -6.0884665292098301137   48.110808818748537874     4.1687433328105099051  )	4868.466567414274 -1.3619478522741701e-7
399	(  -6.0884665092098302352   48.110808729757422952     4.1687433286096498009  )	4868.466548148077 1.704958094705944e-7
400	(  -6.0884665171862897282   48.110808874252981582     4.1687433278225602962  )	4868.466577443862 -1.3290774631968816e-6
401	(  -6.0884665212333697326   48.110808674252979245     4.1687433335976002979  )	4868.466538118489 1.3633787716571533e-6
402	(  -6.0884665254210803553   48.110808729071280254     4.1687433257100803274  )	4868.466550025501 -1.4617251622439653e-6
403	(  -6.0884665129985799936   48.110808819434680572     4.1687433357100802667  )	4868.466565536849 1.4960264138608181e-6
404	(  -6.0884665242098297      48.110808773575257646     4.1687433307532399951  )	4868.46655818635 -2.117701001225214e-7
405	(  -6.0884665142098297608   48.11080877493070318      4.1687433306669197108  )	4868.466557376 2.460711243656988e-7
406	(  -6.0884665192850597748   48.110808750137991296     4.1687433287100796875  )	4868.466553231744 -4.192902451904956e-7
407	(  -6.0884665191346103441   48.11080879836796953      4.1687433327100800184  )	4868.466562330608 4.5359075784290326e-7
408	(  -6.0884665193296099162   48.110808824252977445     4.1687433297462002102  )	4868.466567693002 -5.724728566747217e-7
409	(  -6.0884665190900504328   48.110808724252983382     4.1687433316739603839  )	4868.466547869348 6.067741082915745e-7
410	(  -6.088466518792469806    48.110808764529423343     4.1687433297100797702  )	4868.466555915253 -1.9293577224743785e-7
411	(  -6.08846652120983034     48.110808778176121336     4.1687433304060297345  )	4868.466558794738 -1.9306611420688569e-7
412	(  -6.0884665185629200934   48.110808794252982068     4.1687433302913996513  )	4868.4665616735 -1.941756408996298e-7
413	(  -6.0884665196271896548   48.110808783976537484     4.1687433317100799357  )	4868.466559647099 2.272368533340341e-7
414	(  -6.088466517209830009    48.11080877032983949      4.1687433310141299714  )	4868.466556767613 2.273670816066442e-7
415	(  -6.0884665198567402555   48.110808754252978758     4.1687433311287600546  )	4868.46655388885 2.2847666514280718e-7
416	(  -6.0884665194469196337   48.110808784252981241     4.1687433306596304305  )	4868.466559774136 -6.99972702022933e-8
417	(  -6.0884665182098300917   48.110808775630651724     4.1687433302179304206  )	4868.466557986441 -8.474393098367727e-8
418	(  -6.0884665189727398271   48.110808764252979586     4.1687433307605301636  )	4868.4665557882145 1.0429857866256498e-7
419	(  -6.0884665202098302572   48.110808772875309103     4.1687433312022301735  )	4868.466557575908 1.1904523944394896e-7
420	(  -6.0884665201495398179   48.110808771015982188     4.1687433302100798116  )	4868.466557291614 -1.5418339671668946e-7
421	(  -6.0884665182701196429   48.110808777489978638     4.1687433312100798943  )	4868.466558270737 1.8848442095986684e-7
422	(  -6.0884665197098302158   48.110808774133388965     4.1687433307434300644  )	4868.46655780897 2.9876332519052085e-9
423	(  -6.08846652120983034     48.110808773774607516     4.1687433308434798107  )	4868.466557892352 -3.950128757423954e-8
424	(  -6.0884665192458600202   48.110808769133392104     4.1687433305081800228  )	4868.466556797939 -1.1955989975831471e-8
425	(  -6.0884665201738004114   48.110808779133392932     4.1687433309786898761  )	4868.466558820002 1.7934041807166068e-8
426	(  -6.0884665207098302986   48.110808771993127664     4.1687433307052597087  )	4868.466557500627 -4.415346666064579e-8
427	(  -6.0884665187098301331   48.110808776273643161     4.1687433307816004202  )	4868.466558117312 5.012873316445621e-8
428	(  -6.0884665198141698639   48.110808776243899842     4.1687433302434300231  )	4868.466558278479 -1.5987876622602926e-7
429	(  -6.0884665196054896796   48.110808772022878088     4.1687433312434301058  )	4868.46655733946 1.658539758864208e-7
430	(  -6.0884665198611997994   48.1108087721333888       4.1687433305765599911  )	4868.466557447478 -4.0625707242725184e-8
431	(  -6.0884665202098302572   48.110808775176302277     4.1687433306910000042  )	4868.466558072482 -4.311095835873857e-8
432	(  -6.0884665195584597441   48.110808776133389131     4.1687433309103001378  )	4868.466558170461 4.66009737465356e-8
433	(  -6.0884665194087501661   48.11080877543747647      4.1687433305434300479  )	4868.46655804988 -4.8122956286533736e-8
434	(  -6.0884665192098301745   48.110808773090482759     4.1687433307958601247  )	4868.466557545458 4.908611117571127e-8
435	(  -6.0884665200109102656   48.110808772829301461     4.168743330943430081   )	4868.46655756806 5.409816594692529e-8
436	(  -6.0884665196915497276   48.110808775133392601     4.1687433307065298038  )	4868.466558006515 -1.2896236967208097e-8
437	(  -6.088466519600090443    48.110808773714190067     4.1687433306434300562  )	4868.466557723581 -1.8049149730359204e-8
438	(  -6.0884665197281098159   48.110808773133392435     4.168743330780340095   )	4868.466557611426 1.8874288798542693e-8
439	(  -6.0884665199098302324   48.110808774037188584     4.1687433306925898435  )	4868.466557816235 -2.0981531179131707e-8
440	(  -6.0884665198195699887   48.110808774552587863     4.1687433308434300727  )	4868.466557894359 2.402435939075076e-8
441	(  -6.0884665195098301993   48.110808774229589346     4.1687433307942702854  )	4868.466557801705 2.6956740839523263e-8
442	(  -6.0884665197458600616   48.110808773633387148     4.1687433307131795956  )	4868.466557717392 -4.50376091976068e-9
443	(  -6.0884665196442400159   48.110808774317732173     4.1687433306934300603  )	4868.466557842437 -9.402810974279419e-9
444	(  -6.0884665198098302241   48.110808774442908486     4.1687433307220498335  )	4868.4665578824415 -1.000364591163816e-8
445	(  -6.0884665196738003701   48.110808774633390783     4.1687433307736796451  )	4868.466557900548 1.0478686363057932e-8
446	(  -6.0884665197754204158   48.110808773949052863     4.1687433307934300686  )	4868.466557775504 1.5377963791252114e-8
447	(  -6.0884665196098302076   48.110808773823869444     4.1687433307648102954  )	4868.466557735497 1.5978855572029715e-8
448	(  -6.0884665196878602345   48.110808774333392535     4.1687433307323296106  )	4868.466557846822 -3.6789060686714947e-10
449	(  -6.0884665196219502903   48.110808774933403242     4.1687433306990300252  )	4868.466557960375 -1.0433836905576754e-8
450	(  -6.0884665196889997674   48.110808773833390717     4.1687433307271604122  )	4868.466557749258 1.122430148825515e-9
451	(  -6.0884665195878602262   48.110808774339197669     4.1687433307211998468  )	4868.466557838099 1.282614903175272e-9
452	(  -6.0884665196867198134   48.110808774833387247     4.1687433307374996971  )	4868.466557944384 -1.8578703020466492e-9
453	(  -6.0884665197878602427   48.1108087743275874       4.1687433307434602625  )	4868.466557855543 -2.018111899815267e-9
454	(  -6.0884665196654701447   48.11080877428044289      4.1687433307823296147  )	4868.466557829607 1.5543321296718204e-8
455	(  -6.0884665197102503242   48.110808774386342179     4.1687433306823296064  )	4868.466557864036 -1.6279102510452503e-8
456	(  -6.0884665197378602386   48.110808774358737594     4.1687433307450003639  )	4868.466557856102 6.940581442904659e-10
457	(  -6.088466519690800105    48.110808774133403176     4.1687433307344701205  )	4868.4665578076965 1.3256453712529037e-9
458	(  -6.0884665196378602303   48.110808774308047475     4.1687433307196597454  )	4868.466557837541 -1.4295551409304608e-9
459	(  -6.0884665196849203639   48.110808774533388998     4.1687433307301802188  )	4868.466557885948 -2.0640413822548e-9
460	(  -6.08846651965574992     48.11080877434727654      4.1687433307523296122  )	4868.466557844309 6.920231498952489e-9
461	(  -6.0884665197199696607   48.110808774319501424     4.1687433307123296089  )	4868.466557849333 -7.655955869267927e-9
462	(  -6.0884665196896703421   48.11080877423339075      4.1687433307319903264  )	4868.466557827418 5.3717030823463574e-11
463	(  -6.0884665196950997768   48.110808773933392501     4.1687433307309698094  )	4868.466557769212 1.3179146662878338e-9
464	(  -6.0884665196717300262   48.110808774433387214     4.1687433307306802632  )	4868.4665578648455 -6.624532034038566e-10
465	(  -6.0884665197076204279   48.110808774033387181     4.1687433307333003896  )	4868.466557789992 7.695462045376189e-10
466	(  -6.0884665196876799342   48.110808774189301573     4.1687433307219903256  )	4868.466557819428 -2.477918314980343e-9
467	(  -6.0884665196916696317   48.110808774277479927     4.1687433307419903272  )	4868.466557835411 2.5850113161141053e-9
468	(  -6.0884665197096703437   48.110808774405256827     4.1687433307291001938  )	4868.466557863575 -2.8123849915573373e-9
469	(  -6.0884665196696703404   48.110808774061517568     4.1687433307348795708  )	4868.466557791262 2.919705366366543e-9
470	(  -6.0884665196996703429   48.110808774233817076     4.1687433307319503584  )	4868.46655782859 -4.5150727601139806e-10
471	(  -6.0884665196796703412   48.110808774232957319     4.1687433307320302944  )	4868.466557826247 5.590550244960468e-10
472	(  -6.0884665196896197159   48.110808774171417213     4.1687433307269898819  )	4868.466557815688 -1.0155076779483352e-9
473	(  -6.0884665196897200801   48.110808774295357182     4.1687433307369898827  )	4868.466557839148 1.1228280527575407e-9
474	(  -6.0884665196895797479   48.110808774333392535     4.1687433307288896955  )	4868.4665578473105 -1.4491661204374395e-9
475	(  -6.0884665196897600481   48.110808774133388965     4.1687433307350900691  )	4868.466557807527 1.556486495246645e-9
476	(  -6.0884665196899696582   48.110808774283391642     4.168743330732829655   )	4868.466557837191 -2.2168933355715126e-11
477	(  -6.0884665196908702711   48.110808774433387214     4.1687433307353503054  )	4868.466557866509 -2.4920154828578234e-10
478	(  -6.088466519690710399    48.110808774383393427     4.1687433307351700051  )	4868.4665578566955 1.0800249583553523e-11
479	(  -6.0884665196929299569   48.110808774683398781     4.1687433307421901674  )	4868.466557915204 1.0959411156363785e-10
480	(  -6.0884665196807103982   48.110808774292259216     4.1687433307303303209  )	4868.466557838148 -3.4566483009257354e-10
481	(  -6.0884665197007103998   48.110808774474527638     4.1687433307400096894  )	4868.466557875242 3.673221726785414e-10
482	(  -6.088466519686299705    48.110808774583389891     4.1687433307348600309  )	4868.466557895499 -1.080081801774213e-9
483	(  -6.0884665196951202049   48.110808774183396963     4.1687433307354799794  )	4868.466557817889 1.1017959877790418e-9
484	(  -6.0884665196948599686   48.110808774413833078     4.1687433307251700043  )	4868.466557863998 -3.27617044604267e-9
485	(  -6.0884665196865599412   48.110808774352946671     4.168743330745170006   )	4868.46655784939 3.2978846320474986e-9
486	(  -6.0884665196857099545   48.11080877447056281      4.1687433307348396028  )	4868.466557873291 -3.700506567838602e-10
487	(  -6.0884665196957099553   48.110808774296231149     4.1687433307355004075  )	4868.466557840099 3.9170799936982803e-10
488	(  -6.0884665196880298765   48.110808774314357095     4.1687433307301695606  )	4868.466557843293 -8.863025868777186e-10
489	(  -6.0884665196933900333   48.110808774452422654     4.1687433307401695615  )	4868.466557870095 9.077325557882432e-10
490	(  -6.0884665196946698984   48.11080877446674009      4.1687433307301695606  )	4868.466557873922 -2.1401547201094218e-9
491	(  -6.0884665196867500114   48.110808774300046764     4.1687433307401695615  )	4868.466557839466 2.1615846890199464e-9
492	(  -6.0884665196908196449   48.110808774433387214     4.1687433307349897049  )	4868.466557866535 -3.511786417220719e-10
493	(  -6.0884665196927096886   48.110808774378263308     4.1687433307341503763  )	4868.466557855994 -3.516333890729584e-10
494	(  -6.0884665196906002649   48.110808774333392535     4.1687433307353503054  )	4868.466557846852 3.728928277269006e-10
495	(  -6.0884665196887102212   48.110808774388530651     4.168743330736189634   )	4868.466557857397 3.732338882400654e-10
496	(  -6.088466519689680112    48.110808774380259933     4.1687433307331698273  )	4868.4665578561435 -4.990852175978944e-10
497	(  -6.0884665196917397978   48.11080877438652692      4.1687433307371701829  )	4868.466557857246 5.20799403602723e-10
498	(  -6.0884665196897103101   48.110808774397767706     4.1687433307352801393  )	4868.466557859399 4.320099833421409e-12
499	(  -6.0884665196867100434   48.110808774440890545     4.1687433307356096535  )	4868.4665578675085 -1.5347723092418164e-11
500	(  -6.0884665196902298945   48.110808774347766814     4.1687433307340198141  )	4868.466557849751 -8.196820999728516e-11
501	(  -6.0884665196891996075   48.110808774447768599     4.1687433307365395763  )	4868.4665578690465 8.992628863779828e-11
502	(  -6.0884665196877101323   48.11080877441221304      4.1687433307335401977  )	4868.466557862169 -4.895923666481394e-10
503	(  -6.0884665196917095997   48.110808774383329478     4.1687433307370200808  )	4868.466557856627 4.982894097338431e-10
504	(  -6.0884665196917095997   48.110808774438346802     4.1687433307335197696  )	4868.466557867734 -8.510596671840176e-10
505	(  -6.0884665196877101323   48.110808774357188611     4.1687433307370396207  )	4868.466557851061 8.59529336594278e-10
506	(  -6.0884665196887102212   48.110808774415062317     4.168743330734970165   )	4868.466557862712 -1.4165379980113357e-10
507	(  -6.088466519690710399    48.110808774380473096     4.1687433307355901135  )	4868.466557856085 1.503508428868372e-10
508	(  -6.0884665196893097416   48.110808774381219166     4.1687433307342800504  )	4868.466557856194 -1.6507328837178648e-10
509	(  -6.0884665196901099904   48.110808774414323352     4.1687433307362802282  )	4868.466557862604 1.737134880386293e-10
510	(  -6.088466519690670431    48.110808774412646471     4.1687433307342800504  )	4868.466557862511 -4.232560968375765e-10
511	(  -6.0884665196887501892   48.110808774382888942     4.1687433307362802282  )	4868.466557856286 4.318962965044193e-10
512	(  -6.0884665196902103546   48.110808774399217214     4.1687433307352099732  )	4868.466557859743 -4.9396930990042165e-11
513	(  -6.088466519689640144    48.110808774407772148     4.1687433307352801393  )	4868.466557861354 -5.3148596634855494e-11
514	(  -6.0884665196892102657   48.110808774396311094     4.1687433307353503054  )	4868.466557859052 5.803713065688498e-11
515	(  -6.088466519689779588    48.11080877438777037      4.1687433307352801393  )	4868.466557857443 6.178879630169831e-11
516	(  -6.088466519689640144    48.110808774397582965     4.1687433307347800948  )	4868.466557859399 -1.3596945791505277e-10
517	(  -6.088466519689779588    48.110808774397952448     4.1687433307357801837  )	4868.466557859399 1.447233444196172e-10
518	(  -6.0884665196898000161   48.110808774402769927     4.1687433307353201073  )	4868.466557860387 -1.892885848064907e-11
519	(  -6.0884665196896197159   48.110808774392772591     4.1687433307352401712  )	4868.466557858412 2.7625901566352695e-11
520	(  -6.0884665196899101502   48.110808774396481624     4.1687433307350802991  )	4868.466557859185 -5.559286364587024e-11
521	(  -6.0884665196895397798   48.110808774400780408     4.1687433307350802991  )	4868.466557859989 -6.355094228638336e-11
522	(  -6.0884665196895095818   48.110808774399046683     4.1687433307354799794  )	4868.4665578596105 6.434675015043467e-11
523	(  -6.0884665196898799522   48.110808774394762111     4.1687433307354799794  )	4868.466557858809 7.224798537208699e-11
524	(  -6.0884665196897103101   48.110808774399757226     4.1687433307352996792  )	4868.466557859787 -2.1600499167107046e-12
525	(  -6.0884665196897103101   48.110808774405732891     4.1687433307353600753  )	4868.466557860955 -2.1032064978498966e-11
526	(  -6.0884665196896099459   48.110808774401590426     4.1687433307354302414  )	4868.466557860124 2.950173438875936e-11
527	(  -6.088466519689649914    48.110808774400247501     4.168743330735099839   )	4868.466557859895 -6.002665031701326e-11
528	(  -6.088466519689680112    48.110808774394762111     4.1687433307353201073  )	4868.466557858802 3.5697667044587433e-11
529	(  -6.08846651968973962     48.110808774404759447     4.1687433307352801393  )	4868.466557860774 -3.9676706364843994e-11
530	(  -6.0884665196897698181   48.110808774399259846     4.1687433307355004075  )	4868.466557859678 5.616129783447832e-11
531	(  -6.0884665196898097861   48.11080877439791692      4.1687433307351700051  )	4868.466557859449 -3.342393029015511e-11
532	(  -6.0884665196896596839   48.110808774401682797     4.1687433307353796152  )	4868.4665578601525 1.1823431123048067e-11
533	(  -6.088466519689699652    48.110808774397760601     4.1687433307353796152  )	4868.466557859386 3.370814738445915e-11
534	(  -6.0884665196896596839   48.11080877439898984      4.1687433307352197431  )	4868.466557859638 -1.8133050616597757e-11
535	(  -6.0884665196897600481   48.110808774400517507     4.1687433307353796152  )	4868.466557859934 1.3983481039758772e-11
536	(  -6.0884665196897600481   48.110808774397838761     4.1687433307352197431  )	4868.466557859423 -1.602984411874786e-11
537	(  -6.08846651968972985     48.110808774401746746     4.1687433307352197431  )	4868.466557860187 -3.836930773104541e-11
538	(  -6.0884665196897103101   48.110808774398762466     4.1687433307352996792  )	4868.466557859592 3.922195901395753e-12
539	(  -6.0884665196897103101   48.110808774400759091     4.1687433307352996792  )	4868.466557859983 -8.242295734817162e-12
540	(  -6.088466519689699652    48.110808774400247501     4.1687433307353201073  )	4868.46655785988 1.3642420526593924e-12
541	(  -6.0884665196896703421   48.110808774401718324     4.1687433307353796152  )	4868.46655786016 1.1084466677857563e-11
542	(  -6.088466519689699652    48.110808774401249366     4.1687433307353201073  )	4868.466557860078 -4.718003765447065e-12
543	(  -6.088466519689699652    48.110808774399252741     4.1687433307353201073  )	4868.466557859685 7.44648787076585e-12
544	(  -6.088466519689699652    48.110808774400737775     4.1687433307353201073  )	4868.466557859977 -1.6484591469634324e-12
545	(  -6.088466519689699652    48.110808774399750121     4.1687433307353201073  )	4868.466557859782 4.376943252282217e-12
546	(  -6.088466519689699652    48.110808774400446453     4.1687433307353103373  )	4868.46655785992 -2.6716406864579767e-12
547	(  -6.088466519689699652    48.110808774400048549     4.1687433307353298773  )	4868.46655785984 5.343281372915953e-12
