1	(   4.5700000000000002842   37.179999999999999716   )	12.744900000000001 162.95099999999996
2	(   3.5699999999999998401   41.179999999999999716   )	6.604899999999999 284.351
3	(   5.5700000000000002842   33.179999999999999716   )	20.884900000000002 21.550999999999974
4	(   8.5700000000000002842   21.179999999999999716   )	57.3049 -522.649
5	(   7.5700000000000002842   33.179999999999999716   )	43.1649 -241.24900000000002
6	(   3.5699999999999998401   33.179999999999999716   )	6.604899999999999 204.351
7	(   5.5700000000000002842   23.179999999999999716   )	20.884900000000002 -78.44900000000003
8	(   5.5700000000000002842   43.179999999999999716   )	20.884900000000002 121.55099999999997
9	(   5.5700000000000002842   28.179999999999999716   )	20.884900000000002 -28.449000000000026
10	(   5.5700000000000002842   38.179999999999999716   )	20.884900000000002 71.55099999999997
11	(   6.5700000000000002842   35.179999999999999716   )	31.024900000000002 -79.84900000000003
12	(   4.5700000000000002842   31.179999999999999716   )	12.744900000000001 102.95099999999998
13	(   6.0700000000000002842   35.179999999999999716   )	25.704900000000002 -16.64900000000003
14	(   8.0700000000000002842   41.179999999999999716   )	49.9849 -239.44900000000013
15	(   6.0700000000000002842   40.179999999999999716   )	25.704900000000002 33.35099999999997
16	(   6.0700000000000002842   30.179999999999999716   )	25.704900000000002 -66.64900000000003
17	(   5.0700000000000002842   34.179999999999999716   )	16.5649 84.75099999999998
18	(   7.0700000000000002842   36.179999999999999716   )	36.8449 -138.04900000000004
19	(   7.5700000000000002842   41.179999999999999716   )	43.1649 -161.24900000000002
20	(   5.5999999999999996447   37.179999999999999716   )	21.159999999999997 58.20000000000004
21	(   6.5700000000000002842   37.179999999999999716   )	31.024900000000002 -59.84900000000003
22	(   6.5400000000000000355   33.179999999999999716   )	30.6916 -95.916
23	(   5.8700000000000001066   34.179999999999999716   )	23.716900000000003 -2.769000000000048
24	(   5.2699999999999995737   31.179999999999999716   )	18.232899999999997 34.07100000000003
25	(   5.3700000000000001066   32.179999999999999716   )	19.0969 33.431
26	(   6.3700000000000001066   36.179999999999999716   )	28.8369 -43.96900000000002
27	(   5.4500000000000001776   36.179999999999999716   )	19.802500000000002 64.77499999999999
28	(   6.2900000000000000355   32.179999999999999716   )	27.9841 -73.84100000000004
29	(   5.9100000000000001421   35.179999999999999716   )	24.1081 2.5189999999999912
30	(   6.0300000000000002487   38.179999999999999716   )	25.300900000000002 18.19099999999999
31	(   6.1600000000000001421   33.179999999999999716   )	26.625600000000002 -47.65599999999999
32	(   6.4100000000000001421   36.179999999999999716   )	29.2681 -49.081000000000046
33	(   5.4100000000000001421   34.179999999999999716   )	19.4481 49.11899999999999
34	(   5.6600000000000001421   37.179999999999999716   )	21.715600000000002 51.443999999999974
35	(   6.1100000000000003197   36.179999999999999716   )	26.1121 -11.521000000000043
36	(   5.7099999999999999645   34.179999999999999716   )	22.1841 15.758999999999972
37	(   6.0999999999999996447   34.179999999999999716   )	26.009999999999998 -30.29999999999994
38	(   5.7199999999999997513   36.179999999999999716   )	22.278399999999998 34.61600000000004
39	(   5.8899999999999996803   34.679999999999999716   )	23.912099999999995 -0.12099999999996669
40	(   5.8300000000000000711   33.679999999999999716   )	23.3289 -3.089000000000013
41	(   5.7900000000000000355   33.679999999999999716   )	22.9441 1.559000000000026
42	(   5.9900000000000002132   35.679999999999999716   )	24.900100000000002 -2.0010000000000616
43	(   5.6900000000000003908   34.679999999999999716   )	21.996100000000002 23.038999999999987
44	(   6.0899999999999998579   34.679999999999999716   )	25.908099999999997 -24.080999999999975
45	(   5.8300000000000000711   33.179999999999999716   )	23.3289 -8.089000000000013
46	(   5.9299999999999997158   35.179999999999999716   )	24.304899999999996 0.15100000000003888
47	(   5.8499999999999996447   34.179999999999999716   )	23.522499999999997 -0.42499999999996874
48	(   5.7900000000000000355   34.880000000000009663   )	22.9441 13.559000000000125
49	(   5.9900000000000002132   34.479999999999996874   )	24.900100000000002 -14.00100000000009
50	(   5.8480999999999996319   34.479999999999996874   )	23.504073609999995 2.7972639000000044
51	(   5.9318999999999997286   34.880000000000009663   )	24.32363761 -3.074376099999867
52	(   5.8399999999999998579   34.850000000000001421   )	23.4256 7.4440000000000595
53	(   5.9400000000000003908   34.50999999999999801    )	24.403600000000004 -7.7360000000000895
54	(   5.8745000000000002771   34.579999999999998295   )	23.76075025 0.70249749999995
55	(   5.9054999999999999716   34.780000000000001137   )	24.06393025 -0.9493024999999733
56	(   5.8700000000000001066   34.75999999999999801    )	23.716900000000003 3.030999999999935
57	(   5.9100000000000001421   34.600000000000001421   )	24.1081 -3.2809999999999917
58	(   5.8799999999999998934   34.655900000000009697   )	23.8144 0.8150000000001256
59	(   5.8852000000000002089   34.729999999999996874   )	23.86517904 0.9442095999999367
60	(   5.9000000000000003553   34.70409999999999684    )	24.010000000000005 -1.0590000000000543
61	(   5.8948000000000000398   34.630000000000009663   )	23.95906704 -1.1866703999999118
62	(   5.8849999999999997868   34.668500000000001648   )	23.863224999999996 0.3527500000000572
63	(   5.8871320000000002537   34.700000000000009948   )	23.884059185424004 0.4167681457600736
64	(   5.8949999999999995737   34.691499999999997783   )	23.961024999999996 -0.5952500000000072
65	(   5.892867999999999995    34.659999999999996589   )	23.940157265424 -0.6589326542400187
66	(   5.8899710000000000676   34.689999999999997726   )	23.911816380841 -0.017583808410037705
67	(   5.8898840000000003414   34.719999999999991758   )	23.910965533456004 0.29266466543987235
68	(   5.8908060000000004308   34.710000000000000853   )	23.919983329636004 0.08404670363994171
69	(   5.8891359999999997044   34.670000000000001705   )	23.903650826495998 -0.11922826495997185
70	(   5.8879710000000002879   34.698300000000003251   )	23.892260496841004 0.30097503158998506
71	(   5.8919709999999998473   34.681699999999999307   )	23.931380264841 -0.3362226484100006
72	(   5.8890950000000001907   34.679999999999999716   )	23.903249919025 -0.01439919025003178
73	(   5.8864669999999996719   34.65000000000001279    )	23.877559742088998 -0.004937420889845612
74	(   5.8785829999999998918   34.560000000000052012   )	23.800572087888998 0.02261912111052311
75	(   5.8814669999999997785   34.60030000000001138    )	23.828720072089 0.08645927911011597
76	(   5.8914669999999995653   34.699700000000021305   )	23.926449412088996 -0.09683412088975274
77	(   5.88150100000000009     34.700000000000009948   )	23.829052013001 1.0794598699900604
78	(   5.8914330000000001419   34.600000000000022737   )	23.926116793489 -1.0898279348897688
79	(   5.8844669999999998922   34.640500000000010061   )	23.858017874089 0.13548125911007958
80	(   5.8884670000000003398   34.659500000000022624   )	23.897109610089004 -0.14543610088978198
81	(   5.8855180000000002494   34.670000000000023022   )	23.868286128324 0.3067787167601921
82	(   5.8874159999999999826   34.630000000000009663   )	23.886835157056 -0.3166715705599188
83	(   5.8854670000000002261   34.647100000000023101   )	23.867787808089002 0.08378191911020849
84	(   5.8874670000000000059   34.652900000000009584   )	23.887333676089 -0.09367676088992027
85	(   5.8861749999999997129   34.6600000000000108     )	23.874706130624997 0.12943869375014572
86	(   5.8867589999999996309   34.640000000000021885   )	23.880413524080996 -0.13931524080973645
87	(   5.885966999999999949    34.648210000000020159   )	23.872673525089 0.03602474911019726
88	(   5.886967000000000283    34.651790000000019631   )	23.882446459089003 -0.04590459088980481
89	(   5.886288010000000348    34.655000000000022453   )	23.875810516669763 0.06613463330261027
90	(   5.8866459899999998839   34.645000000000010232   )	23.87930903158308 -0.07601011583069806
91	(   5.8865049999999996544   34.652000000000022339   )	23.877931115024996 0.010588849750234886
92	(   5.8864289999999996894   34.648000000000010346   )	23.877188372040997 -0.02046372040986455
93	(   5.886267000000000138    34.65038000000001972    )	23.875605195289 0.022408047110147322
94	(   5.886667000000000094    34.64962000000002007    )	23.879514368889 -0.032283688889833684
95	(   5.8863773799999998815   34.649000000000022226   )	23.876683899775664 -0.0043865977563939396
96	(   5.886108519999999622    34.646000000000050534   )	23.874056469216587 -0.00273509216533796
97	(   5.8853019399999997319   34.637000000000142563   )	23.86617504496776 0.002210750323854427
98	(   5.8828822000000000614   34.610000000000418652   )	23.84253857907684 0.016970209235793732
99	(   5.8863019400000000658   34.64330000000015275    )	23.875946648847766 -0.052505288476112355
100	(   5.8843019400000002861   34.630700000000139482   )	23.856405441087766 0.056906789123729595
101	(   5.8859269400000000516   34.627000000000151658   )	23.872282063017764 -0.17135943017613897
102	(   5.8846769400000003003   34.647000000000140574   )	23.860068808167767 0.17577311832376097
103	(   5.8858019400000003429   34.638575000000152215   )	23.871060596907768 -0.04089476907616074
104	(   5.884801940000000009    34.635425000000140017   )	23.861289993027764 0.04531126972374011
105	(   5.8854593900000002904   34.632000000000140005   )	23.867713451339174 -0.06632231339033012
106	(   5.8851444900000000615   34.642000000000152227   )	23.86463668817736 0.07074331822792601
107	(   5.8855019400000001539   34.637321000000142135   )	23.868129205743767 -0.018120857436230153
108	(   5.8853340599999999228   34.635000000000140119   )	23.866488877796083 -0.021569977959430275
109	(   5.885101940000000198    34.636679000000150097   )	23.864220964191766 0.022541558083872815
110	(   5.8852698200000004292   34.639000000000152113   )	23.865861214202837 0.02599145797312019
111	(   5.885401940000000387    34.637923000000149898   )	23.86715211535577 -0.0003299535561751554
112	(   5.8857019399999996878   34.640692000000171902   )	23.87008344651976 -0.00795326519586581
113	(   5.8853864299999996135   34.639923000000152342   )	23.86700057042814 0.021495695720119556
114	(   5.8852019399999999649   34.637768000000150437   )	23.865197994579763 0.021661254203877434
115	(   5.8854174500000002723   34.635923000000147454   )	23.867303660764506 -0.02215560764355473
116	(   5.8856019399999999209   34.638078000000149359   )	23.869106316131763 -0.022321961316151828
117	(   5.8853158800000002771   34.636923000000152228   )	23.866311247380178 -0.00020007380022946109
118	(   5.8850576999999999472   34.63392300000015922    )	23.86378873232929 0.0001886767086745067
119	(   5.884283159999999846    34.624923000000180195   )	23.856221987059584 0.0013469294059831327
120	(   5.884978659999999806    34.628923000000156662   )	23.863016508655395 -0.04050828655238092
121	(   5.8851367400000000885   34.638923000000161778   )	23.864560968497827 0.04088551502334781
122	(   5.8855576999999996701   34.633133000000157153   )	23.868674040029287 -0.06656440029125577
123	(   5.8845577000000002243   34.634713000000161287   )	23.858903924629292 0.06693675370868846
124	(   5.8850222600000003936   34.631923000000156776   )	23.86344248069551 -0.015640006953532293
125	(   5.885093140000000389    34.635923000000161665   )	23.864134986475065 0.016017335250992915
126	(   5.8852577000000003693   34.6335690000001577     )	23.865742795409293 -0.026891954091396997
127	(   5.8848577000000004134   34.63427700000016074    )	23.861834749249294 0.027268507508679818
128	(   5.8851576999999997142   34.63415200000015659    )	23.864765753869285 -0.009291538691300616
129	(   5.8849577000000001803   34.63369400000016185    )	23.862811730789293 0.009668692108704136
130	(   5.8850806399999999741   34.632923000000161551   )	23.86401285930281 -0.01251139302645754
131	(   5.8850347599999999204   34.63492300000015689    )	23.863564606408257 0.012888735919034389
132	(   5.8850332804000000664   34.633423000000156833   )	23.863550150615584 -0.001937114154273445
133	(   5.8850821195999998281   34.634423000000161608   )	23.864027315235628 0.0023144556453758014
134	(   5.8851076999999998307   34.633678800000161857   )	23.86427724059929 -0.008138405991289233
135	(   5.8850077000000000638   34.634167200000156583   )	23.86330022905929 0.008515709408669636
136	(   5.8850468606000001515   34.633723000000159686   )	23.86368283025792 -0.0005355145776064774
137	(   5.885068539399999743    34.634123000000158754   )	23.863894634635646 0.0009128656451196093
138	(   5.8850777000000000783   34.633814610000158041   )	23.863984135037292 -0.00324925037133994
139	(   5.8850376999999998162   34.6340313900001604     )	23.86359333042129 0.003626595788759346
140	(   5.8850539946999997909   34.633823000000163006   )	23.863752531134427 -0.0003752053426353541
141	(   5.8850614053000001036   34.634023000000169645   )	23.863824933551612 0.000752558485572763
142	(   5.8850676999999995687   34.633885950000163234   )	23.863886433583286 -0.00135883583119778
143	(   5.8850477000000003258   34.633960050000162312   )	23.863691031275295 0.0017361872486532093
144	(   5.8850626999999997579   34.633943834400156447   )	23.86383758293129 -0.00019148531130497304
145	(   5.8850597834440003808   34.63387300000015756    )	23.863809087821945 -0.0005565470979007614
146	(   5.8850527000000001365   34.633902165600161993   )	23.863739881777292 0.0005688382287161176
147	(   5.8850556165560004018   34.63397300000016088    )	23.863768376845325 0.0009339004283503982
148	(   5.8850572017070001962   34.633903000000159977   )	23.863783863949426 4.7326367322853e-5
149	(   5.885055706828000055    34.633843000000162249   )	23.863769258812813 -0.0003767246865038487
150	(   5.8850573707949997981   34.633853000000158318   )	23.863785515958558 -0.0004725754839540741
151	(   5.8850622017070000069   34.633904690900159551   )	23.863832714546444 -0.0005242706028241173
152	(   5.8850570326189997061   34.633953000000161637   )	23.863782211940347 0.0005672282181734545
153	(   5.8850522017070003855   34.633901309100160404   )	23.86373501340241 0.0006189228374609002
154	(   5.8850592017069995876   34.633913571800157172   )	23.863803404182228 -8.235796073563506e-5
155	(   5.8850552017069999167   34.633892428200169888   )	23.863764323724617 0.00017701061551633757
156	(   5.885058258886999738    34.633883000000160735   )	23.863794192720086 -0.0002771049392435998
157	(   5.8850561445269997662   34.63392300000015922    )	23.863773535180997 0.0003717576516493182
158	(   5.885058201707000336    34.633910604100158537   )	23.86379363406483 5.6662132408291654e-6
159	(   5.8850612017069998672   34.63393341640016132    )	23.86382294442304 -0.00011931436873169332
160	(   5.8850567841709997552   34.633890604100159294   )	23.863779784575108 -2.7488169465073042e-5
161	(   5.8850596192430000286   34.63393060410015778    )	23.863807483558563 3.882055594317535e-5
162	(   5.8850602017069997274   34.633896428700161607   )	23.863813174301633 -0.0003714901546914007
163	(   5.8850562017070000564   34.633924779500162572   )	23.86377409383602 0.0003828225013791098
164	(   5.8850579968029999023   34.633900604100162468   )	23.863791632128937 -7.021634772286234e-5
165	(   5.8850584066109998815   34.633920604100161711   )	23.863795636000802 8.154877363608648e-5
166	(   5.8850592017069995876   34.633908555100163085   )	23.863803404182228 -0.00013252496067650554
167	(   5.8850572017070001962   34.633912653100161094   )	23.863783863949426 0.00014385736733402155
168	(   5.8850579724788696367   34.63390560410015695    )	23.863791394479364 -1.7353369443640076e-5
169	(   5.8850584309351301471   34.633915604100160124   )	23.863795873650396 2.8685795072647124e-5
170	(   5.8850587017069999618   34.633908311819162407   )	23.86379851912328 -7.610718114392512e-5
171	(   5.885057701706999822    34.633912896381161772   )	23.863788749006876 8.743960286494712e-5
172	(   5.8850580875113900348   34.633908604100156481   )	23.86379251836044 -8.928306272082409e-7
173	(   5.8850577449245600192   34.633902604100150313   )	23.86378917124743 -2.05699640076773e-5
174	(   5.8850575983898298915   34.633903604100161999   )	23.86378773958621 6.677342909711115e-6
175	(   5.885058576632950178    34.633913604100158068   )	23.863797297135147 -8.463008853709653e-6
176	(   5.885057587511390409    34.633913495316157594   )	23.863787633302607 0.00010686990769670501
177	(   5.8850585875113896606   34.633903712884162474   )	23.863797403418772 -0.00010865557392492065
178	(   5.8850578875113903621   34.633908030151161483   )	23.863790564337247 1.69079113021553e-5
179	(   5.8850582875113897074   34.633909178049158584   )	23.863794472383713 -1.869357333816879e-5
180	(   5.8850580301165296149   34.633910604100158537   )	23.86379195760599 2.5862611110483158e-5
181	(   5.8850581449062495665   34.63390660410016153    )	23.86379307911489 -2.7648272293845366e-5
182	(   5.8850581557896202156   34.633909604100161062   )	23.863793185446685 1.0707423570011088e-6
183	(   5.8850580192331598539   34.633907604100159006   )	23.863791851274204 -2.8564036114175906e-6
184	(   5.8850579875113897543   34.633909286882158085   )	23.863791541348828 1.7705105506138352e-5
185	(   5.8850581875113903152   34.633907921318161982   )	23.86379349537207 -1.949076690266338e-5
186	(   5.8850580375113903386   34.633908458878707393   )	23.863792029854636 3.5400128695073363e-6
187	(   5.8850581375113897309   34.633908749321612675   )	23.86379300686625 -5.325674123923818e-6
188	(   5.8850580729892500997   34.633909104100162324   )	23.863792376477445 5.816442154582546e-6
189	(   5.8850581020335397398   34.633908104100157743   )	23.86379266024353 -7.602104545867405e-6
190	(   5.8850580910573997429   34.633908804100158818   )	23.863792553005368 6.897999327293292e-7
191	(   5.8850581016954297553   34.633909404100172935   )	23.863792656940156 5.437691612542039e-6
192	(   5.8850581410574003272   34.633909207111699402   )	23.863793041511183 -1.1651428621917148e-6
193	(   5.8850580410574000467   34.633908401088618234   )	23.863792064499563 2.544742585541826e-6
194	(   5.8850581313585497156   34.63390830410016008    )	23.863792946752284 -9.053692267002589e-6
195	(   5.8850580507562497701   34.633909304100157556   )	23.863792159258452 1.0433292061406974e-5
196	(   5.8850581081809796302   34.633909004100161155   )	23.863792720304733 6.743346858684163e-7
197	(   5.8850581595517201805   34.633909604100168167   )	23.86379322220284 6.27938874231404e-7
198	(   5.885058313663940055    34.633911404100189202   )	23.86379472789718 4.887512972118202e-7
199	(   5.8850587760005996785   34.633916804100252307   )	23.863799244980477 7.118572398212564e-8
200	(   5.8850601630105803252   34.633933004100441622   )	23.863812796232956 -1.1815367884082661e-6
201	(   5.8850592760006001924   34.633918406605260998   )	23.863804130039508 -4.275435451006615e-5
202	(   5.8850582760006000527   34.633915201595250721   )	23.863794359921954 4.289672098423125e-5
203	(   5.8850589362511396274   34.63391180410025072    )	23.863800810647117 -6.879049145425142e-5
204	(   5.8850586157500597295   34.633921804100260999   )	23.86379767931389 6.893286254694431e-5
205	(   5.8850589760006002393   34.633918653525249454   )	23.863801199004033 -4.974799807655472e-6
206	(   5.8850585760006000058   34.633914954675262265   )	23.86379729095701 5.117170545076988e-6
207	(   5.8850589609431400717   34.633914804100250251   )	23.86380105189087 -4.169676898868602e-5
208	(   5.8850585910580601734   34.633918804100261468   )	23.86379743807016 4.1839139797161806e-5
209	(   5.8850588760005999589   34.633917338703248845   )	23.863800221992246 -6.3529019911356954e-6
210	(   5.8850586760006002862   34.633916269497262874   )	23.863798267968736 6.495273225937126e-6
211	(   5.8850588294609300632   34.633915804100261937   )	23.863799767294193 -1.6221157892459814e-5
212	(   5.8850587225402701819   34.633917804100249782   )	23.863798722666775 1.6363529340424066e-5
213	(   5.8850587395173601379   34.633916304100260675   )	23.86379888853494 -6.346940040202753e-7
214	(   5.8850588124838401072   34.633917304100251044   )	23.863799601426027 7.770654519845266e-7
215	(   5.8850588260006002628   34.633916439267821374   )	23.863799733486363 -9.462197425591512e-6
216	(   5.8850587260005999823   34.633917168932690345   )	23.863798756474605 9.604568873555763e-6
217	(   5.8850587714856699151   34.63391660410024997    )	23.86379920086908 -1.3974017321061183e-6
218	(   5.88505878051553033     34.633917004100261749   )	23.86379928909188 1.5397731800703696e-6
219	(   5.8850587960005995569   34.63391675895100974    )	23.863799440382827 -2.7343301667315245e-6
220	(   5.8850587560005998      34.633916849249501979   )	23.863799049578127 2.876701756804323e-6
221	(   5.8850587757676500189   34.633916704100251138   )	23.86379924270453 -9.013957935621875e-7
222	(   5.8850587762335502262   34.633916904100260581   )	23.86379924725643 1.0437673125807123e-6
223	(   5.8850587860005996177   34.633916801770730842   )	23.863799342681652 -1.1291211876596208e-6
224	(   5.8850587660005997392   34.633916806429780877   )	23.863799147279302 1.2714927777324192e-6
225	(   5.8850587810006000922   34.633916841503321393   )	23.863799293831068 -1.4328946917885332e-7
226	(   5.8850587710006001529   34.633916766697190326   )	23.863799196129893 2.856609881973782e-7
227	(   5.8850587797409099622   34.633916754100262381   )	23.863799281523747 -8.690530250987649e-7
228	(   5.8850587722602902829   34.633916854100249338   )	23.863799208437214 1.0114245441172898e-6
229	(   5.8850587752463896507   34.633916784100250652   )	23.863799237611758 -4.0042849036581174e-8
230	(   5.8850587729837595674   34.633916724100252793   )	23.863799215505594 -3.737286391469752e-7
231	(   5.8850587753345600106   34.633916834100247684   )	23.86379923847319 4.495793604064602e-7
232	(   5.885058775158220179    34.633916734100260726   )	23.86379923675033 -5.296651295338961e-7
233	(   5.8850587702463901252   34.633916784981913395   )	23.863799188761174 5.572795913622031e-7
234	(   5.8850587802463900644   34.63391678321860212    )	23.86379928646235 -6.373652894353654e-7
235	(   5.8850587751845697682   34.633916804100252307   )	23.86379923700777 1.6723340934277076e-7
236	(   5.8850587732463903734   34.633916783482099788   )	23.863799218071527 1.8917788224825927e-7
237	(   5.8850587753082104214   34.633916764100248997   )	23.86379923821575 -2.4731924952448026e-7
238	(   5.8850587772463898162   34.633916784718401516   )	23.863799257151992 -2.6926372242996877e-7
239	(   5.8850587753001804003   34.633916794100251479   )	23.863799238137297 5.362593924473913e-8
240	(   5.885058774246389568    34.633916784638152819   )	23.86379922784164 8.303736365178338e-8
241	(   5.8850587751925997892   34.633916774100249825   )	23.863799237086223 -1.3371170837217505e-7
242	(   5.8850587762463897334   34.633916783562362696   )	23.863799247381873 -1.6312291961639858e-7
243	(   5.8850587747463896093   34.633916782064382289   )	23.8637992327267 -1.5509726836171467e-9
244	(   5.8850587732463903734   34.633916775956777201   )	23.863799218071527 1.1392465637527494e-7
245	(   5.8850587737463904148   34.633916775985362335   )	23.863799222956587 5.535994773708808e-8
246	(   5.8850587757463896921   34.633916788143402243   )	23.863799242496814 -5.846189310432237e-8
247	(   5.8850587741384901008   34.633916792064390222   )	23.863799226787446 1.699996232673584e-7
248	(   5.885058775354290006    34.633916772064381462   )	23.863799238665955 -1.731015686345927e-7
249	(   5.885058774246389568    34.63391677710065153    )	23.86379922784164 7.662350753889768e-9
250	(   5.8850587752463896507   34.633916787028120154   )	23.863799237611758 -1.076415401257691e-8
251	(   5.8850587742500204413   34.63391678706437915    )	23.863799227877113 1.0687223550576164e-7
252	(   5.8850587752427596655   34.633916777064392534   )	23.86379923757629 -1.0997418087299593e-7
253	(   5.8850587747947002981   34.633916784064382455   )	23.863799233198698 1.2762839673996496e-8
254	(   5.8850587746980798087   34.633916780064382124   )	23.863799232254706 -1.5864856095504365e-8
255	(   5.8850587745463895928   34.633916782547508717   )	23.863799230772674 2.6820572429642198e-8
256	(   5.8850587749463896259   34.633916781581262967   )	23.86379923468072 -2.992237568832934e-8
257	(   5.8850587746563300939   34.633916781064392865   )	23.863799231846805 -9.50706180447014e-10
258	(   5.8850587743861497714   34.633916778064431696   )	23.86379922920711 8.502354376105359e-10
259	(   5.8850587735756096919   34.633916769064548191   )	23.86379922128804 6.252918183236034e-9
260	(   5.8850587748861498127   34.63391677928736101    )	23.86379923409217 -4.577110246373195e-8
261	(   5.88505877388614973     34.633916776841509488   )	23.86379922432205 4.747157333895302e-8
262	(   5.8850587745084403934   34.633916773064441941   )	23.863799230401906 -6.35434105333843e-8
263	(   5.8850587742638600375   34.633916783064428557   )	23.863799228012326 6.52438103543318e-8
264	(   5.8850587742794502333   34.633916776064431531   )	23.863799228164645 -6.591136525457841e-9
265	(   5.8850587744928501976   34.633916780064431862   )	23.863799230249587 8.291465292131761e-9
266	(   5.8850587745861497879   34.633916776997452303   )	23.863799231161135 -3.335983933538955e-8
267	(   5.8850587741861497548   34.633916779131418195   )	23.86379922725309 3.5060310210610623e-8
268	(   5.8850587744861497796   34.63391677820973058    )	23.863799230184124 -9.466916139899695e-9
269	(   5.8850587744006803703   34.633916777064442272   )	23.863799229349077 -1.0859935173357371e-8
270	(   5.8850587742861497631   34.633916777919139918   )	23.8637992282301 1.1167387015120767e-8
271	(   5.8850587743716200606   34.633916779064428226   )	23.863799229065155 1.2560334994304867e-8
272	(   5.8850587743798303819   34.633916777564429879   )	23.86379922914537 -3.4059866038660402e-9
273	(   5.885058774392470049    34.633916778564440619   )	23.86379922926886 5.106386424813536e-9
274	(   5.8850587744361497755   34.63391677800122892    )	23.86379922969562 -5.666862534781103e-9
275	(   5.8850587743361497672   34.633916778127641578   )	23.863799228718605 7.367333410002175e-9
276	(   5.885058774406149773    34.633916778121808022   )	23.863799229402513 -9.300293868363951e-10
277	(   5.8850587743918900685   34.633916777864442338   )	23.863799229263194 -1.8253132338941214e-9
278	(   5.8850587743661497697   34.633916778007062476   )	23.86379922901171 2.630500262057467e-9
279	(   5.8850587743804103624   34.63391677826442816    )	23.863799229151038 3.525713054841617e-9
280	(   5.8850587743961497722   34.633916778111469625   )	23.863799229304814 1.4360068689711625e-10
281	(   5.8850587744261497747   34.633916778252590518   )	23.863799229597916 -1.9762325109695666e-9
282	(   5.8850587743966302767   34.633916777911480267   )	23.863799229309507 -1.9128520989397657e-9
283	(   5.8850587744161497739   34.633916778116301316   )	23.863799229500216 -2.162110490644409e-9
284	(   5.8850587743956701559   34.633916778311473195   )	23.863799229300128 2.200053472733998e-9
285	(   5.8850587743761497705   34.633916778106637935   )	23.86379922910941 2.4493118644386414e-9
286	(   5.885058774391359826    34.633916778011467841   )	23.863799229258014 -2.9267255285958527e-10
287	(   5.8850587744009397184   34.63391677821147141    )	23.86379922935161 5.798028723802418e-10
288	(   5.885058774406149773    34.633916778063579045   )	23.863799229402513 -1.5123191587917972e-9
289	(   5.8850587743861497714   34.633916778159360206   )	23.86379922920711 1.7995205325860297e-9
290	(   5.8850587743952402775   34.633916778061468733   )	23.86379922929593 -2.4940050025179517e-10
291	(   5.8850587744011502167   34.633916778102381784   )	23.863799229353667 -5.358913313102676e-10
292	(   5.8850587743970601551   34.633916778161470518   )	23.863799229313706 5.364597654988756e-10
293	(   5.8850587743911502159   34.633916778120571678   )	23.863799229255967 8.23021650830924e-10
294	(   5.88505877439814995     34.633916778128842395   )	23.863799229324353 8.185452315956354e-11
295	(   5.8850587744041495952   34.633916778180960705   )	23.863799229382973 -1.0309975095879054e-10
296	(   5.8850587743965103726   34.633916778078841503   )	23.863799229308334 -2.2517099296237575e-10
297	(   5.8850587743997904155   34.633916778178850393   )	23.863799229340383 3.8888003928150283e-10
298	(   5.8850587744031503945   34.633916778112450174   )	23.86379922937321 -6.706102340103826e-10
299	(   5.8850587743931503937   34.633916778145241722   )	23.863799229275507 8.343192803295096e-10
300	(   5.8850587743965796506   34.633916778108840617   )	23.863799229309013 6.66489086142974e-11
301	(   5.8850587743918696404   34.633916778048842389   )	23.863799229262995 2.1103119252074976e-11
302	(   5.8850587743777396099   34.633916777868847703   )	23.863799229124943 -1.1574741165532032e-10
303	(   5.8850587744018696412   34.633916778076411447   )	23.863799229360698 -8.802203410596121e-10
304	(   5.8850587743818696396   34.633916778021280436   )	23.863799229165295 9.224976338373381e-10
305	(   5.8850587743946300989   34.633916777948840604   )	23.863799229289967 -1.3038459201197838e-9
306	(   5.88505877438911007     34.633916778148851279   )	23.863799229236033 1.3459811043503578e-9
307	(   5.8850587743904396731   34.633916777998841496   )	23.863799229249025 -3.106492840743158e-10
308	(   5.8850587743932996077   34.633916778098850386   )	23.863799229276967 3.5285552257846575e-10
309	(   5.8850587743968700849   34.633916778034581796   )	23.86379922931185 -7.101164101186441e-10
310	(   5.8850587743868700841   34.633916778063110087   )	23.86379922921415 7.521805400756421e-10
311	(   5.8850587743917399663   34.633916778028840611   )	23.86379922926173 -1.6370904631912708e-10
312	(   5.8850587743920002026   34.633916778068851272   )	23.86379922926427 2.0577317627612501e-10
313	(   5.8850587743938698182   34.633916778047549201   )	23.863799229282538 -2.2730262116965605e-10
314	(   5.8850587743898703508   34.633916778050142682   )	23.86379922924346 2.69366751126654e-10
315	(   5.8850587743928697293   34.633916778054036456   )	23.863799229272768 -4.46931380793103e-11
316	(   5.8850587743908704397   34.633916778043648321   )	23.86379922925323 8.675726803630823e-11
317	(   5.885058774392390113    34.633916778038852158   )	23.863799229268082 -1.4011902749189176e-10
318	(   5.885058774391350056    34.633916778058839725   )	23.863799229257918 1.821831574488897e-10
319	(   5.8850587743923696848   34.633916778049361085   )	23.86379922926788 -3.26139115713886e-11
320	(   5.8850587743919202666   34.633916778043840168   )	23.86379922926349 -3.488764832582092e-11
321	(   5.8850587743913695959   34.633916778048330798   )	23.86379922925811 7.482015007553855e-11
322	(   5.8850587743918199024   34.633916778053851715   )	23.863799229262508 7.702283255639486e-11
323	(   5.8850587743918598704   34.633916778046852869   )	23.8637992292629 2.3447910280083306e-12
324	(   5.8850587743918296724   34.633916778040891415   )	23.863799229262604 -5.3717030823463574e-11
325	(   5.8850587743920597106   34.633916778048430274   )	23.863799229264853 -5.4001247917767614e-12
326	(   5.8850587743916600303   34.63391677804528257    )	23.863799229260948 1.0160761121369433e-11
327	(   5.8850587743919202666   34.633916778041850648   )	23.86379922926349 -5.4782844927103724e-11
328	(   5.8850587743918003625   34.633916778051862195   )	23.86379922926232 5.940137270954438e-11
329	(   5.8850587743917799344   34.633916778044863349   )	23.86379922926212 -8.171241461241152e-12
330	(   5.8850587743919398065   34.633916778048849494   )	23.86379922926368 1.2860823517257813e-11
331	(   5.8850587743919602346   34.633916778045232832   )	23.86379922926388 -2.5650592760939617e-11
332	(   5.8850587743917603945   34.633916778048480012   )	23.86379922926193 3.034017481695628e-11
333	(   5.8850587743918101324   34.633916778046049956   )	23.863799229262415 1.4210854715202004e-13
334	(   5.8850587743916600303   34.633916778043641216   )	23.863799229260948 -6.252776074688882e-12
335	(   5.8850587743919096084   34.633916778046362595   )	23.863799229263385 -8.455458555545192e-12
336	(   5.8850587743917097683   34.633916778045751528   )	23.863799229261435 8.952838470577262e-12
337	(   5.8850587743918003625   34.633916778048046581   )	23.86379922926232 2.1245227799226996e-11
338	(   5.8850587743918296724   34.633916778044060436   )	23.863799229262604 -2.2026824808563106e-11
339	(   5.8850587743917603945   34.633916778045147566   )	23.86379922926193 -2.9842794901924208e-12
340	(   5.8850587743917701644   34.633916778047051821   )	23.863799229262025 1.4850343177386094e-11
341	(   5.8850587743918296724   34.633916778046170748   )	23.863799229262604 -9.237055564881302e-13
342	(   5.8850587743917897043   34.633916778045929163   )	23.863799229262213 1.3500311979441904e-12
343	(   5.8850587743918101324   34.633916778046547336   )	23.863799229262415 5.115907697472721e-12
344	(   5.8850587743918199024   34.633916778045559681   )	23.863799229262508 -5.8975047068088315e-12
345	(   5.8850587743918101324   34.633916778045851004   )	23.863799229262415 -1.8474111129762605e-12
346	(   5.8850587743918101324   34.633916778046248908   )	23.863799229262415 2.1316282072803006e-12
