1	(  11.259999999999999787    37.590000000000003411   -46.179999999999999716   )	7710.681800000002 4.54838186793776e6
2	(  10.259999999999999787    41.590000000000010516   -41.179999999999999716   )	7832.441800000003 2.87614583729776e6
3	(   7.2599999999999997868   53.590000000000031832   -26.179999999999999716   )	8509.721800000008 470156.06537776
4	(  -1.7399999999999999911   89.590000000000088676    18.820000000000000284   )	13349.561800000029 125291.62961776
5	( -28.739999999999998437   197.59000000000023078    153.81999999999999318    )	53141.08180000013 5.598179222423376e8
6	(   5.2599999999999997868   39.590000000000088676   -14.179999999999999716   )	4069.7618000000157 40640.61344176
7	(  26.260000000000001563   -110.40999999999992554    -113.18000000000000682    )	18686.361799999984 1.6408585566411382e8
8	(  13.259999999999999787   -60.409999999999911324    13.820000000000000284   )	10937.361799999973 35687.32025776
9	(  37.25999999999999801    -360.40999999999991132     97.819999999999993179   )	368116.1617999998 9.154762787590572e7
10	(  17.260000000000001563   -260.40999999999991132    -174.18000000000000682    )	84536.24179999993 9.204305625779219e8
11	(   9.2599999999999997868  139.59000000000008868    201.81999999999999318    )	20858.481800000012 1.6590411086897936e9
12	(  22.260000000000001563   130.59000000000008868    -186.18000000000000682    )	112078.62180000008 1.201525968315858e9
13	(  63.25999999999999801    -71.409999999999911324    41.820000000000000284   )	30957.041799999955 3.0542374462737604e6
14	( -36.74000000000000199    -49.409999999999911324   -14.179999999999999716   )	1401.6817999999914 42205.69344175999
15	(   4.2599999999999997868  -251.40999999999991132    213.81999999999999318    )	281806.1017999999 2.0902251963246577e9
16	(  -6.7400000000000002132  -63.409999999999911324   -21.179999999999999716   )	4994.861799999982 201652.78473776
17	(  20.260000000000001563   -79.409999999999911324   -86.180000000000006821   )	9979.941799999984 5.515862452305778e7
18	(  33.25999999999999801    -57.409999999999911324    48.820000000000000284   )	19505.861799999962 5.678680135777759e6
19	(  14.259999999999999787    39.590000000000088676    -4.1799999999999997158  )	2557.4218000000124 881.0981617600012
20	(  17.260000000000001563   339.59000000000008868    -58.179999999999999716   )	262117.60180000015 1.146350753907376e7
21	(  15.259999999999999787   -160.40999999999991132     -3.1800000000000001599  )	55581.22179999994 -2333.3359662399985
22	(  13.259999999999999787   239.59000000000008868     -5.1799999999999997158  )	111137.6218000001 3907.201089760001
23	(  -5.7400000000000002132   32.590000000000088676   -74.180000000000006821   )	12869.021800000028 3.027920773512177e7
24	(  34.25999999999999801     46.590000000000088676    65.819999999999993179   )	521.8217999999986 1.8770211581201755e7
25	(  21.260000000000001563    40.590000000000088676   -204.18000000000000682    )	60286.00180000005 1.7380129901937618e9
26	(   7.2599999999999997868   38.590000000000088676   195.81999999999999318    )	25702.841799999977 1.4703755380025616e9
27	(  20.260000000000001563   139.59000000000008868     27.820000000000000284   )	26732.181800000042 601847.6708657601
28	(   8.2599999999999997868  -60.409999999999911324   -36.179999999999999716   )	5302.661799999984 1.71296737665776e6
29	(  24.260000000000001563    -1.409999999999909992   -67.180000000000006821   )	4984.6418000000085 2.0368531639025766e7
30	(   4.2599999999999997868   80.590000000000088676    58.820000000000000284   )	6300.201800000016 1.197050802449776e7
31	(  18.260000000000001563   -17.409999999999911324    95.819999999999993179   )	14093.381799999972 8.429913278536174e7
32	(  10.259999999999999787    96.590000000000074465   -104.18000000000000682    )	47761.46180000005 1.1779886141096179e8
33	(  14.259999999999999787    49.590000000000088676    45.820000000000000284   )	1262.4218000000071 4.40850277176176e6
34	(  14.259999999999999787    29.590000000000088676   -54.179999999999999716   )	7252.421800000018 8.617431424561761e6
35	(   9.2599999999999997868   -4.4099999999999104361    8.8200000000000002842  )	361.9017999999952 6017.080897760002
36	(  19.260000000000001563    83.590000000000088676   -17.179999999999999716   )	14292.94180000003 88741.14262576
37	(   9.2599999999999997868   89.590000000000088676   -10.179999999999999716   )	16406.961800000034 11575.537729759999
38	(  19.260000000000001563   -10.409999999999909548     1.8200000000000000622  )	1029.8817999999924 -173.26460623999827
39	(  34.260000000000012221   -160.40999999999991132     19.820000000000000284   )	70379.26179999993 148852.90788976
40	(   9.2599999999999997868   37.590000000000088676    12.820000000000000284   )	1416.1418000000094 27366.054785760003
41	(  14.259999999999999787   -110.40999999999992554     -5.1799999999999997158  )	26615.96179999997 -843.208910239999
42	(  24.260000000000001563    89.590000000000088676     8.8200000000000002842  )	10791.801800000027 8246.370897760004
43	(  29.260000000000001563   -58.409999999999911324    -9.1799999999999997158  )	10109.621799999977 5419.020801760002
44	(  18.260000000000001563    -0.409999999999909992   -98.180000000000006821   )	9907.541800000015 9.291635131819378e7
45	(  20.260000000000001563   -20.409999999999911324   101.81999999999999318    )	16594.22179999997 1.0748077015259373e8
46	(  20.260000000000001563    26.590000000000088676    51.820000000000000284   )	676.6217999999967 7.21145865899376e6
47	(  24.260000000000001563    39.590000000000088676   -46.179999999999999716   )	7591.501800000019 4.54893205793776e6
48	(  14.259999999999999787   -60.409999999999911324    49.820000000000000284   )	17726.261799999967 6.159634648049761e6
49	(  18.260000000000001563   -47.409999999999911324   -48.179999999999999716   )	4313.141799999989 5.387640811793759e6
50	(  14.259999999999999787    22.590000000000088676   -10.179999999999999716   )	1143.2618000000073 11073.06772976
51	(  24.260000000000001563   -43.409999999999911324    13.820000000000000284   )	7854.501799999978 35446.23025776
52	(  20.260000000000001563     9.5900000000000904521   -2.1800000000000001599  )	252.38180000000023 234.13870576000187
53	(  18.260000000000001563   -30.409999999999911324     5.8200000000000002842  )	3681.3817999999856 607.3128817600017
54	(  21.260000000000001563   -15.409999999999909548     8.8200000000000002842  )	1931.7817999999888 5742.300897760003
55	(  17.260000000000001563    -5.4099999999999104361   -5.1799999999999997158  )	513.9817999999959 640.8610897600014
56	(  20.260000000000001563   -16.409999999999911324   -18.179999999999999716   )	1347.8217999999943 108923.23995375998
57	(  18.260000000000001563    -4.4099999999999104361   21.820000000000000284   )	1201.9417999999914 226617.75083376002
58	(  20.260000000000001563   -12.409999999999909548    -4.1799999999999997158  )	1135.0617999999927 71.11816176000173
59	(  23.260000000000001563   -18.409999999999911324   -22.179999999999999716   )	1750.6017999999938 241609.20726576
60	(  20.260000000000001563   -19.409999999999911324    15.820000000000000284   )	2814.861799999987 62260.28760176001
61	(  22.260000000000001563   -12.409999999999909548    -4.1799999999999997158  )	1269.7417999999923 48.29816176000193
62	(  28.260000000000001563   -12.409999999999909548    -4.1799999999999997158  )	1721.7817999999913 -20.161838239997564
63	(  46.260000000000012221   -12.409999999999909548    -4.1799999999999997158  )	3509.9017999999896 -225.54183823999608
64	(  18.260000000000001563    -7.4099999999999104361  -13.179999999999999716   )	692.2417999999966 30055.95131376
65	(  38.260000000000012221   -17.409999999999911324     4.8200000000000002842  )	3593.3217999999874 -91.10219023999662
66	(  24.260000000000001563    -4.4099999999999104361   15.820000000000000284   )	1231.2217999999914 62550.54760176001
67	(  32.260000000000012221   -20.409999999999911324   -24.179999999999999716   )	2788.3417999999924 341212.64872175996
68	(  32.260000000000012221     7.5900000000000895639   -9.1799999999999997158  )	889.8417999999992 7375.950801760002
69	(  24.260000000000001563   -32.409999999999911324     0.81999999999999995115 )	4315.721799999985 -764.5544782399979
70	(  25.260000000000001563   -20.409999999999911324     5.8200000000000002842  )	2773.7617999999875 654.0428817600023
71	(  24.260000000000001563    -2.409999999999909992    -0.17999999999999999334 )	716.261799999995 -37.20555023999782
72	(  33.260000000000012221    -8.4099999999999095479    4.8200000000000002842  )	1911.4217999999912 290.2878097600031
73	(  32.260000000000012221   -22.409999999999911324    -8.1799999999999997158  )	3191.3017999999893 3783.582673760002
74	(  23.260000000000001563   -16.409999999999911324   -13.179999999999999716   )	1584.1417999999926 29814.56131376
75	(  31.260000000000001563    -4.4099999999999104361  -14.179999999999999716   )	1367.8017999999954 40320.51344176
76	(  26.260000000000001563   -14.409999999999909548    -4.1799999999999997158  )	1758.701799999991 -49.861838239997724
77	(  30.260000000000001563   -10.409999999999909548    -4.1799999999999997158  )	1692.8617999999915 17.53816176000265
78	(  36.260000000000012221    -4.4099999999999104361   -4.1799999999999997158  )	1654.1017999999938 178.63816176000313
79	(  29.260000000000001563    -0.409999999999909992    -7.1799999999999997158  )	926.1417999999961 2671.913345760002
80	(  31.260000000000001563   -20.409999999999911324    -1.1799999999999999378  )	3039.581799999988 -607.8178222399972
81	(  25.260000000000001563   -15.409999999999909548    -6.1799999999999997158  )	1739.2417999999911 1091.662817760002
82	(  35.260000000000012221    -5.4099999999999104361   -2.1800000000000001599  )	1664.4817999999932 -135.9112942399969
83	(  27.260000000000001563    -5.4099999999999104361    0.81999999999999995115 )	1106.141799999993 -122.76447823999757
84	(  33.260000000000012221   -15.409999999999909548    -9.1799999999999997158  )	2407.5817999999917 6619.560801760002
85	(  31.260000000000001563   -15.409999999999909548    -3.1800000000000001599  )	2327.6617999999894 -351.1959662399972
86	(  29.260000000000001563    -5.4099999999999104361   -5.1799999999999997158  )	1202.0617999999936 587.9410897600025
87	(  28.260000000000001563    -8.4099999999999095479   -2.1800000000000001599  )	1383.5017999999923 -189.82129423999746
88	(  32.260000000000012221    -6.4099999999999104361   -2.1800000000000001599  )	1513.2617999999932 -154.94129423999718
89	(  28.260000000000001563   -14.409999999999909548    -6.1799999999999997158  )	1888.461799999991 1076.6928177600023
90	(  32.260000000000012221   -12.409999999999909548    -6.1799999999999997158  )	2034.221799999992 1087.5728177600026
91	(  29.260000000000001563    -8.4099999999999095479   -4.1799999999999997158  )	1436.9217999999923 85.46816176000257
92	(  29.260000000000001563   -11.409999999999909548    -4.1799999999999997158  )	1706.3217999999915 -2.311838239997428
93	(  29.260000000000001563   -16.409999999999911324    -4.1799999999999997158  )	2235.32179999999 -148.6118382399975
94	(  29.260000000000001563    -6.4099999999999104361   -4.1799999999999997158  )	1277.3217999999931 143.98816176000253
95	(  30.260000000000001563   -12.409999999999909548    -3.1800000000000001599  )	1905.9217999999908 -246.00596623999724
96	(  27.260000000000001563   -11.409999999999909548    -3.1800000000000001599  )	1563.1017999999915 -184.5159662399975
97	(  31.260000000000001563   -11.409999999999909548    -5.1799999999999997158  )	1859.5417999999913 391.5610897600027
98	(  28.260000000000001563   -10.409999999999909548    -5.1799999999999997158  )	1522.7217999999918 451.0510897600024
99	(  30.260000000000001563    -9.4099999999999095479   -4.1100000000000003197  )	1601.7988999999918 27.856442410002785
100	(  28.260000000000001563   -13.409999999999909548    -4.25                   )	1820.2944999999909 -27.45269374999748
101	(  30.260000000000001563   -13.409999999999909548    -4.0099999999999997868  )	1995.4288999999903 -119.95698398999735
102	(  28.260000000000001563    -9.4099999999999095479   -4.3499999999999996447  )	1444.6324999999922 117.39440625000242
103	(  29.260000000000001563   -11.409999999999909548    -3.6800000000000001599  )	1713.8017999999913 -124.20000223999733
104	(  29.260000000000001563   -11.409999999999909548    -4.6799999999999997158  )	1699.3417999999915 172.1185257600025
105	(  28.760000000000001563   -11.409999999999909548    -4.2099999999999999645  )	1665.4688999999914 11.752120810002566
106	(  29.760000000000001563   -11.409999999999909548    -4.1500000000000003553  )	1747.6764999999912 -16.187093749997246
107	(  29.070000000000000284   -10.409999999999909548    -3.9799999999999999822  )	1600.0152999999918 -25.630427839997395
108	(  29.350000000000001421   -12.409999999999909548    -4                      )	1814.6256999999912 -81.88349999999735
109	(  29.170000000000001705   -10.409999999999909548    -4.3600000000000003197  )	1603.178899999992 83.87519216000277
110	(  29.450000000000009948   -12.409999999999909548    -4.3799999999999998934  )	1816.7404999999922 29.01670336000251
111	(  29.270000000000010232   -10.909999999999909548    -4.1900000000000003908  )	1659.5907999999927 15.150947210002698
112	(  29.460000000000000853   -11.449999999999910472    -4.25                   )	1725.4680999999916 15.396906250002644
113	(  29.059999999999998721   -11.369999999999910401    -4.1100000000000003197  )	1687.2924999999912 -19.0091575899973
114	(  29.25                   -11.909999999999909548    -4.1699999999999999289  )	1754.0531999999914 -19.743656789997374
115	(  29.130000000000009663   -11.429999999999909122    -4.2800000000000002487  )	1696.236099999992 28.737878560002628
116	(  29.390000000000000568   -11.389999999999909974    -4.0800000000000000711  )	1716.4444999999914 -31.25946703999739
117	(  29.280000000000001137   -11.209999999999910258    -4.1694000000000004391  )	1689.0101483599915 0.2510526552239867
118	(  29.339999999999999858   -10.609999999999910614    -4.1394000000000001904  )	1637.8711643599916 8.63822611236185
119	(  29.480000000000000426   -11.499999999999909406    -4.1993999999999997996  )	1732.6591603599913 -1.548173101226098
120	(  29.079999999999998295   -10.919999999999909335    -4.1394000000000001904  )	1645.9765363599915 2.1220261123618798
121	(  29.380000000000009663   -11.049999999999910116    -4.0693999999999999062  )	1683.3136763599925 -24.034858156529822
122	(  29.179999999999999716   -11.369999999999910401    -4.2694000000000000838  )	1694.7210203599916 26.655231030177447
123	(  29.200000000000009948   -11.709999999999910258    -4.1193999999999997286  )	1731.245308359992 -27.769550846053107
124	(  29.359999999999999432   -10.709999999999910258    -4.2194000000000002615  )	1647.7327883599914 28.87318554730075
125	(  29.339999999999999858   -10.609999999999910614    -4.1375999999999999446  )	1637.8944617599916 8.127884013286348
126	(  29.380000000000009663   -11.179999999999909122    -4.1639999999999997016  )	1694.3378559999921 -1.4510855011815238
127	(  29.179999999999999716   -11.239999999999909619    -4.1748000000000002885  )	1683.6934510399915 1.9652737863441416
128	(  29.290000000000009805   -11.409999999999909548    -4.1504000000000003112  )	1709.1917921599918 -11.180019815334958
129	(  29.260000000000001563   -11.139999999999909974    -4.1193999999999997286  )	1681.4488243599917 -11.733950846053006
130	(  29.269999999999999574   -11.009999999999909193    -4.1883999999999996788  )	1669.0126265599915 11.75343242545614
131	(  29.300000000000000711   -11.279999999999910543    -4.2194000000000002615  )	1696.5884723599918 12.754785547300742
132	(  29.282300000000009987   -11.309999999999909903    -4.1718999999999999417  )	1698.6872908999924 -1.975204013202358
133	(  29.277699999999999392   -11.109999999999910614    -4.1669000000000000483  )	1679.3729488999916 2.478153115955081
134	(  29.329999999999998295   -11.219999999999910045    -4.1532000000000000028  )	1694.2421622399918 -5.222175855543696
135	(  29.239100000000000534   -11.229999999999909832    -4.1493999999999999773  )	1687.8829511699917 -5.672985652982845
136	(  29.230000000000000426   -11.199999999999910472    -4.1855999999999999872  )	1683.7867073599914 5.7780280608695875
137	(  29.320900000000001739   -11.189999999999910685    -4.1894000000000000128  )	1690.1414191699919 6.260169985958612
138	(  29.27850000000000108    -11.159999999999909548    -4.168999999999999595   )	1684.1463632499917 1.6143406747235076
139	(  29.281500000000001194   -11.259999999999909193    -4.1698000000000003951  )	1693.8841582899918 -1.1123519871946996
140	(  29.260000000000001563   -11.213799999999910284    -4.1687000000000002942  )	1687.7619204499917 0.14117058920555792
141	(  29.200000000000009948   -11.225199999999910361    -4.1665999999999998593  )	1684.0206289999921 -0.18695064815057094
142	(  29.309999999999998721   -11.178299999999909531    -4.1639999999999997016  )	1688.5028413799914 -0.6886585011814645
143	(  29.210000000000000853   -11.249299999999909261    -4.1733999999999999986  )	1687.0233172999917 0.9791562566309722
144	(  29.219300000000000495   -11.18929999999991054     -4.1586999999999996191  )	1682.2842903199914 -1.6146014269687043
145	(  29.300700000000009737   -11.238299999999910028    -4.178700000000000081   )	1693.2484731599918 1.915801997007577
146	(  29.277400000000000091   -11.263799999999909218    -4.1609999999999995879  )	1694.0386652799914 -3.725517725756447
147	(  29.242600000000010141   -11.163799999999909573    -4.1764000000000001123  )	1681.5009197199922 4.018483053106195
148	(  29.280000000000001137   -11.205499999999910088    -4.1676000000000001933  )	1688.6077466599913 -0.13870850496448384
149	(  29.339999999999999858   -11.1805999999999095      -4.1642999999999998906  )	1691.1474900499913 -0.9748411421949754
150	(  29.288799999999998391   -11.155499999999909377    -4.1683000000000003382  )	1684.5623663299912 1.4386566031882921
151	(  29.27120000000000033    -11.255499999999910798    -4.1669000000000000483  )	1692.6616628499917 -1.7150914840449332
152	(  29.329999999999998295   -11.217699999999910077    -4.1772999999999997911  )	1693.683207449991 1.811610648131932
153	(  29.230000000000000426   -11.193299999999910099    -4.1578999999999997073  )	1683.5400360499916 -2.0706367743050578
154	(  29.232600000000001472   -11.200699999999910617    -4.1775999999999999801  )	1684.1756824999914 3.3912500878425362
155	(  29.327400000000000801   -11.210299999999909559    -4.1576000000000004064  )	1693.0456985799913 -3.6482794500594196
156	(  29.300000000000000711   -11.214699999999909963    -4.1701750000000004093  )	1691.0662485656167 0.13389460440254197
157	(  29.359999999999999432   -11.242299999999909588    -4.1778750000000002274  )	1698.452865870616 0.9505126204204544
158	(  29.333999999999999631   -11.164699999999909252    -4.1660750000000001947  )	1689.125453580616 0.06570582878453024
159	(  29.434000000000001052   -11.014699999999910673    -4.1537750000000004391  )	1683.1696235456163 -0.07745210594436003
160	(  29.434000000000001052   -11.254699999999910887    -4.1760749999999999815  )	1705.6772395806165 -0.6971077337161091
161	(  29.234000000000001762   -11.074699999999909394    -4.1560750000000004079  )	1672.6586675806163 0.8313468283718635
162	(  29.423999999999999488   -11.114699999999910318    -4.1460749999999997328  )	1691.947932080616 -5.120967600754227
163	(  29.243999999999999773   -11.214699999999909963    -4.1860749999999997684  )	1686.3079750806164 5.344689246670043
164	(  29.28399999999999892    -11.264699999999910673    -4.1478749999999999787  )	1694.8462697706166 -7.584025774656311
165	(  29.384000000000000341   -11.064699999999909608    -4.1842750000000004107  )	1683.4375798706164 7.794426388023396
166	(  29.435999999999999943   -11.014699999999910673    -4.1537750000000004391  )	1683.3314223456166 -0.09748150594435856
167	(  29.28399999999999892    -11.178799999999910142    -4.1646749999999999048  )	1686.4361333556164 -0.24367955590292922
168	(  29.384000000000000341   -11.150599999999910139    -4.1674749999999995964  )	1691.8178319256167 0.37690943085436857
169	(  29.348900000000000432   -11.214699999999909963    -4.1649750000000000938  )	1695.1042675356161 -1.8712186835330158
170	(  29.319099999999998829   -11.114699999999910318    -4.1671750000000002956  )	1683.1602860656162 2.001392352851724
171	(  29.339099999999998403   -11.157899999999909113    -4.1560750000000004079  )	1689.0325623306162 -2.6685172616280965
172	(  29.328900000000000858   -11.171499999999909392    -4.1760749999999999815  )	1689.2183710906168 2.8208257162839345
173	(  29.353999999999999204   -11.174199999999910204    -4.1654650000000001953  )	1691.6573615402167 -0.5928418749223283
174	(  29.314000000000000057   -11.155199999999910077    -4.1666850000000001941  )	1686.5954905452163 0.7239510313106621
175	(  29.336099999999998289   -11.15509999999991031     -4.1610750000000003013  )	1688.4536631406163 -1.1175551638201
176	(  29.323199999999999932   -11.184699999999910602    -4.1634000000000002117  )	1690.1886160999911 -1.1839210838291478
177	(  29.331900000000000972   -11.174299999999909971    -4.1710750000000000881  )	1689.797398840616 1.2542139969108916
178	(  29.344799999999999329   -11.144699999999909679    -4.1687500000000001776  )	1688.0634886524913 1.3172550733644925
179	(  29.325700000000001211   -11.174699999999910816    -4.1663610000000002032  )	1689.399215698913 -0.06045626166542206
180	(  29.300800000000009504   -11.204699999999920834    -4.1672190000000002286  )	1690.221669075354 -0.4378442936591682
181	(  29.318799999999999528   -11.194699999999910389    -4.1700140000000001095  )	1690.6898956485873 0.48153352638001934
182	(  29.332600000000009999   -11.154699999999909465    -4.1627080000000002968  )	1688.1094134180562 -0.5993903720255958
183	(  29.345300000000001717   -11.166899999999909454    -4.1713610000000000966  )	1690.1759147405123 1.4180597065763436
184	(  29.306100000000000705   -11.182499999999910401    -4.1613610000000003097  )	1688.6231228173126 -1.5334588994625165
185	(  29.305700000000001637   -11.15819999999991019     -4.169640000000000235   )	1686.1671740835916 1.5762781241131165
186	(  29.345700000000000784   -11.191199999999909664    -4.1630820000000001713  )	1692.6347042319155 -1.6956110089736285
187	(  29.315699999999999648   -11.174899999999910349    -4.1668490000000000251  )	1688.6014671785922 0.1766250331708079
188	(  29.335700000000009879   -11.174499999999909505    -4.1658730000000003812  )	1690.197156465121 -0.29748395044731524
189	(  29.325900000000000745   -11.164699999999909252    -4.1666480000000003514  )	1688.4614201546951 0.3138020840767126
190	(  29.325500000000001677   -11.184699999999910602    -4.1660740000000000549  )	1690.3374149678677 -0.4346934497168604
191	(  29.328199999999998937   -11.176199999999910872    -4.1683609999999999829  )	1689.7162268099125 0.4491077791452085
192	(  29.323199999999999932   -11.173199999999910759    -4.1643610000000004234  )	1689.0822370879123 -0.5691945913729342
193	(  29.322188000000000585   -11.169699999999910034    -4.1663899999999998158  )	1688.6393447606354 0.1302776694292902
194	(  29.322893000000000541   -11.176814999999910683    -4.1673609999999996489  )	1689.3587934633715 0.19547854655752417
195	(  29.330700000000000216   -11.171308999999910228    -4.167208999999999719   )	1689.4701498460724 0.23352192109501857
196	(  29.329211999999998284   -11.179699999999909821    -4.1663319999999997023  )	1690.1592821271595 -0.25122513757764864
197	(  29.328506999999998328   -11.172584999999909172    -4.1653609999999998692  )	1689.4396413786312 -0.31617089350879723
198	(  29.320699999999998653   -11.178090999999909627    -4.1655129999999997992  )	1689.3283226677568 -0.3542507430715318
199	(  29.323699999999998766   -11.174779999999909563    -4.1665412000000001669  )	1689.2422933882167 0.00968035374938836
200	(  29.317699999999991434   -11.175019999999909359    -4.167081800000000058   )	1688.7715708134097 0.22013270994006007
201	(  29.318699999999999761   -11.174224999999909258    -4.1661342000000001207  )	1688.7903117166609 -0.040912180305440415
202	(  29.328700000000001324   -11.175334999999909869    -4.1669482000000002131  )	1689.6943368196305 0.060301845934304765
203	(  29.322843999999999909   -11.176779999999910231    -4.1662802000000001001  )	1689.3666515871678 -0.11576263864554903
204	(  29.324556000000001177   -11.172779999999910672    -4.1668022000000002336  )	1689.1179480309804 0.13514096116460905
205	(  29.325988999999999862   -11.17441499999990917     -4.1655411999999998329  )	1689.407036107534 -0.2921273017074668
206	(  29.321411000000001223   -11.175144999999909956    -4.1675411999999996127  )	1689.077558878902 0.3116980009648387
207	(  29.325700000000001211   -11.174792999999910492    -4.166537459999999804   )	1689.4055789569813 -0.012132517063207615
208	(  29.321699999999999875   -11.174766999999910411    -4.1665449399999996416  )	1689.079015924351 0.031493175475645785
209	(  29.323717999999999506   -11.173779999999910117    -4.166228829999999661   )	1689.1531176601638 -0.05154558455063807
210	(  29.32368200000000158    -11.175779999999910785    -4.1668535699999997846  )	1689.331471990588 0.07092665495349593
211	(  29.323668000000001399   -11.175404999999910771    -4.166041200000000444   )	1689.3060947400709 -0.15295816465044254
212	(  29.323731999999999687   -11.174154999999910132    -4.1670411999999998898  )	1689.1784952709106 0.17237099234603193
213	(  29.322700000000001097   -11.174299719999909897    -4.1664528799999995812  )	1689.1169036545696 0.008385805550403802
214	(  29.319700000000011642   -11.172858879999909121    -4.1661879199999996004  )	1688.7407625919664 0.0045061468457561205
215	(  29.31070000000005038    -11.168536359999910346    -4.1653930399999996581  )	1687.612592649202 -0.007096972360272957
216	(  29.314700000000019742   -11.173612879999909708    -4.1660839200000001625  )	1688.4089419940058 0.003186062894940278
217	(  29.299700000000051148   -11.175874879999909695    -4.1657719200000000725  )	1687.4137053762834 -0.0007154331895549149
218	(  29.254700000000148918   -11.182674879999909834    -4.1648359199999998026  )	1684.4313508541522 -0.012300711641387352
219	(  29.279700000000051574   -11.183274879999910212    -4.1668639199999999434  )	1686.4823588991146 0.3020251788316841
220	(  29.319700000000050721   -11.168474879999909177    -4.1646799200000002017  )	1688.34544895518 -0.30291172189180315
221	(  29.286800000000059896   -11.165874879999909908    -4.1678539199999997678  )	1685.3912023035784 1.025915385532926
222	(  29.312600000000049505   -11.185874879999909481    -4.1636899200000003773  )	1689.4375492184367 -1.0267015721808548
223	(  29.292600000000049931   -11.17397487999991057     -4.1607719200000001791  )	1686.7286982767955 -1.316037247059171
224	(  29.306800000000048811   -11.177774879999910596    -4.170771919999999966   )	1688.0988936957715 1.3197854986368611
225	(  29.254700000000148918   -11.182660879999909653    -4.1648359199999998026  )	1684.4300221085568 -0.011891145841389061
226	(  29.300400000000049516   -11.170874879999910689    -4.1655569200000002184  )	1686.9985701332132 0.0764976877060235
227	(  29.299000000000059885   -11.180874879999910476    -4.1659869199999999267  )	1687.828923391804 -0.07791192801244051
228	(  29.289700000000049585   -11.175279879999909127    -4.1667369199999999552  )	1686.5342711109658 0.3976123573341397
229	(  29.309700000000059816   -11.176469879999910262    -4.1648069200000001899  )	1688.2933690168516 -0.39886120181535034
230	(  29.304600000000050386   -11.175502879999909212    -4.1677719199999998523  )	1687.7470223831224 0.5390716847996941
231	(  29.294800000000048357   -11.176246879999910178    -4.1637719200000002928  )	1687.0804406277803 -0.5396659300736246
232	(  29.297340000000051674   -11.173874879999910803    -4.1656509200000000348  )	1687.0344369366471 0.0469068121019518
233	(  29.302060000000050621   -11.177874879999910362    -4.1658929200000001103  )	1687.7930188964015 -0.048344069582583415
234	(  29.29470000000004859    -11.176773879999910122    -4.1659599199999997055  )	1687.0917104012487 0.07819479753527503
235	(  29.304700000000050153   -11.174975879999909267    -4.1655839200000004396  )	1687.735734998762 -0.07960931374304892
236	(  29.300253000000051173   -11.175529879999910321    -4.1667719200000004065  )	1687.41168789076 0.29303552020712686
237	(  29.299147000000051122   -11.176219879999910845    -4.1647719199999997386  )	1687.4157265663846 -0.29425776114601376
238	(  29.300200000000049982   -11.174874879999910249    -4.1657643000000001976  )	1687.3593176642703 0.02129339441052025
239	(  29.29920000000004876    -11.17687487999990914     -4.1657795399999999475  )	1687.468095557932 -0.022723248697957388
240	(  29.297700000000048703   -11.175620879999909718    -4.1659009100000004011  )	1687.2258771132563 0.06437912091149656
241	(  29.301700000000050039   -11.176128879999909671    -4.165642929999999744   )	1687.601544093705 -0.06580753844156106
242	(  29.300192000000048864   -11.175920879999910795    -4.1662719199999997954  )	1687.4508924169265 0.13753900326486246
243	(  29.299208000000049879   -11.17582887999991037     -4.1652719200000003497  )	1687.3765193267602 -0.1389178539408249
244	(  29.298700000000049926   -11.175714279999910516    -4.1657759600000003886  )	1687.317446559268 0.015334043174732415
245	(  29.300700000000048817   -11.176035479999910649    -4.1657678799999997565  )	1687.509966941496 -0.016765227354937906
246	(  29.30002400000005025    -11.17537487999991086     -4.1657978499999996913  )	1687.3920846346043 0.018135726417767728
247	(  29.299376000000048492   -11.176374879999910306    -4.1657459899999995656  )	1687.4353267331187 -0.019566128781207226
248	(  29.29968100000004938    -11.175936549999910596    -4.1659719199999996064  )	1687.4152201677146 0.055508259380872005
249	(  29.299719000000060021   -11.175813209999910569    -4.1655719199999996505  )	1687.4121906267644 -0.05693079366216125
250	(  29.299899490000051117   -11.176074879999909228    -4.1658130199999998666  )	1687.448272546663 0.003279479005414032
251	(  29.299500510000051179   -11.175674879999910161    -4.1657308200000002785  )	1687.3791385755867 -0.0047100734128662225
252	(  29.29920000000004876    -11.175909839999910389    -4.1658264699999998371  )	1687.375785414411 0.01912249133590649
253	(  29.300200000000049982   -11.175839919999910776    -4.165717370000000308   )	1687.4516257714477 -0.02055270308312629
254	(  29.299921380000050419   -11.175757349999910772    -4.1658719199999998395  )	1687.4190623958966 0.02939304125743547
255	(  29.299478620000048323   -11.175992409999910393    -4.1656719200000003056  )	1687.4083484728785 -0.03082177316025536
256	(  29.299500000000051614   -11.175956179999909423    -4.165801419200000133   )	1687.4048227494625 0.007467933558189088
257	(  29.299900000000050682   -11.175935319999910078    -4.1658150236999995641  )	1687.435031420352 0.007942801703620717
258	(  29.299900000000050682   -11.175793579999909966    -4.1657424208000000121  )	1687.4225880366503 -0.008898586202917613
259	(  29.299500000000051614   -11.175814439999909311    -4.1657288162999996928  )	1687.3923794684736 -0.0093733053566325
260	(  29.299652580000049795   -11.175774879999909928    -4.1658207271999998511  )	1687.3996852940757 0.016810677814476094
261	(  29.299747420000059606   -11.175974879999909462    -4.165723112800000294   )	1687.4277255462446 -0.01824105761102146
262	(  29.299600000000051381   -11.175906373299909546    -4.1657774924000001704  )	1687.408523101873 0.0009907621949309942
263	(  29.299800000000050915   -11.175843386699909843    -4.1657663475999999747  )	1687.4188876614237 -0.002421615809055311
264	(  29.299754440000050693   -11.175895976099910811    -4.1657919200000002036  )	1687.4198354836813 0.0038958330076752645
265	(  29.299655520000051467   -11.175824879999909811    -4.1657852016000003204  )	1687.405169903522 0.0050427711915972395
266	(  29.299645560000051603   -11.175853783899910354    -4.1657519199999999415  )	1687.4075752802994 -0.00532661838627746
267	(  29.299744480000050828   -11.175924879999909578    -4.1657586383999998247  )	1687.4222408749067 -0.0064736052842135905
268	(  29.299650000000049488   -11.175876836299909911    -4.1657740652999999398  )	1687.409813536019 0.00035638884617128497
269	(  29.299500000000051614   -11.175882705199910561    -4.1657805012000004297  )	1687.3981380429245 0.0035718618775604227
270	(  29.29967140000005088    -11.175856836299910668    -4.1657709809999996509  )	1687.4096897061918 -0.00016725498716141374
271	(  29.299735600000058611   -11.175796836299909387    -4.1657617280999996723  )	1687.4093182201664 -0.0017381694646019241
272	(  29.299596340000050532   -11.175906836299910552    -4.165789385800000133   )	1687.4081040444714 0.004453629623924371
273	(  29.299746460000051229   -11.175806836299910785    -4.1657525762000000569  )	1687.4112753711638 -0.004788061552119416
274	(  29.299471400000051347   -11.175830760999909685    -4.1657908413999997777  )	1687.3907446986323 0.008374888297282723
275	(  29.299871400000050414   -11.175882911599909875    -4.1657511206000004123  )	1687.4286348201902 -0.00870932656266632
276	(  29.299769950000051466   -11.175847677599909602    -4.1658209810000004225  )	1687.416096622724 0.01355678697075291
277	(  29.299572850000050295   -11.175865994999909958    -4.1657209809999997674  )	1687.4032828126392 -0.013890774530125327
278	(  29.29959594000004941    -11.175836836299909649    -4.1657715192999997811  )	1687.4016741773821 0.0013422647948573285
279	(  29.299746860000048798   -11.175876836299909911    -4.1657704427000004088  )	1687.4177052540692 -0.0016767777268000827
280	(  29.299771400000050647   -11.175842246899909682    -4.1657896550000002023  )	1687.4161374343166 0.004642534363654249
281	(  29.299571400000051113   -11.175871425699909878    -4.1657523069999999876  )	1687.4032419948683 -0.0049769688013157065
282	(  29.299612450000051211   -11.175866272099909793    -4.1657909809999997819  )	1687.4055333700564 0.005939493954770114
283	(  29.299730350000050549   -11.175847400499909767    -4.165750981000000408   )	1687.4138460474526 -0.006273919518775983
284	(  29.299621400000049221   -11.175846984499910874    -4.1657689491000002846  )	1687.4047350070523 4.263734052756263e-5
285	(  29.299471400000051347   -11.175817429099909717    -4.1657628534000004095  )	1687.3898709533553 0.0006723135704191918
286	(  29.299631510000050838   -11.175866984499910117    -4.1657696209999999226  )	1687.407443424017 -0.00045194318119001764
287	(  29.299611290000051156   -11.175826984499909855    -4.1657682771999997584  )	1687.4020265926479 0.0005372175515958588
288	(  29.299721400000048988   -11.17584494149991059     -4.1657695561999998901  )	1687.4126275727517 -0.0007395359976953841
289	(  29.299521400000049454   -11.175849027499909383    -4.1657683419999997909  )	1687.396842460557 0.0008248111639090894
290	(  29.299624740000048462   -11.17584758879990936     -4.1657489491000001536  )	1687.4053431777738 -0.005792311456104926
291	(  29.299618060000049979   -11.175846380199910612    -4.1657889491000004156  )	1687.4041268372102 0.005877669430503829
292	(  29.299615444700048528   -11.175836984499909477    -4.1657663624000003111  )	1687.4033394752573 -0.0003517483498853835
293	(  29.299627355300049913   -11.175856984499910496    -4.1657715358000002581  )	1687.4061305394662 0.0004370243052562728
294	(  29.299571400000051113   -11.17585032249990995     -4.165760649300000118   )	1687.4011208405257 -0.0019463756755158101
295	(  29.29967140000005088    -11.175843646499910022    -4.165777248899999563   )	1687.4083491782044 0.0020316650353606747
296	(  29.299665464300048257   -11.175848521499910149    -4.165758949099999775   )	1687.408588227758 -0.003342426084032013
297	(  29.299577335700050185   -11.175845447499909824    -4.165778949099999906   )	1687.400881790771 0.003427721453817867
298	(  29.299641400000048463   -11.175850185444909712    -4.1657673856689996228  )	1687.4066799431396 -0.0007067552036232883
299	(  29.299601400000049978   -11.17584378355491026     -4.1657705125310000582  )	1687.4027900720864 0.0007920302654724765
300	(  29.299628518200048433   -11.175841984499909287    -4.1657644033440002218  )	1687.4049001087587 -0.0011977690114122197
301	(  29.299614281800050009   -11.175851984499910685    -4.1657734948560003474  )	1687.4045699053543 0.0012830480667958
302	(  29.299606826300049534   -11.175850233525910227    -4.1657639490999995857  )	1687.403933916911 -0.0013500798380050583
303	(  29.299635973700048908   -11.175843735473909746    -4.1657739491000000953  )	1687.4055360975854 0.0014353598196521489
304	(  29.299613276100050285   -11.175848984499909378    -4.1657681315249996956  )	1687.404278774497 -0.00016970821991435514
305	(  29.299629523900051709   -11.175844984499910595    -4.1657697666749999854  )	1687.405191239698 0.0002549830724092317
306	(  29.299615841700049401   -11.175845263821910791    -4.165766949100000005   )	1687.4041496831553 -0.00042871636367181054
307	(  29.29962695830004904    -11.175848705177909181    -4.165770949099999676   )	1687.4053203310548 0.0005139918583836334
308	(  29.299631400000048842   -11.175847850331910749    -4.1657670925270000595  )	1687.4056527749995 -0.0006213450147924959
309	(  29.299611400000049599   -11.175846118667909224    -4.1657708056729996215  )	1687.4038172393552 0.0007066203960448547
310	(  29.299623320890049172   -11.175847984499910126    -4.1657688681240001571  )	1687.4049866112955 -2.962437918085925e-5
311	(  29.299629083560049025   -11.175850984499909657    -4.1657686251959997747  )	1687.405741424143 -0.0002464095531422572
312	(  29.299627002290048239   -11.175849984499910406    -4.1657687106139995592  )	1687.4054767746495 -0.0001712313531925247
313	(  29.299619639490050105   -11.175845984499909846    -4.1657690256339998669  )	1687.4044964480158 0.00011198258499689473
314	(  29.299627323790051747   -11.175848004795909674    -4.1657698681240002969  )	1687.4052985572162 0.00021821300862256976
315	(  29.299619317990050149   -11.175847964203910578    -4.1657678681240000174  )	1687.4046746654096 -0.0002774615588805318
316	(  29.299633320890048793   -11.175847123498909852    -4.1657684722020000834  )	1687.4057199014817 -0.0002206425551207758
317	(  29.29961332089004955    -11.1758488455009104      -4.1657692640460002309  )	1687.404253321277 0.00016139384666757906
318	(  29.299628320890050759   -11.175848376549909702    -4.1657691147708497681  )	1687.40542514143 -2.0668932620537817e-5
319	(  29.299643320890059073   -11.175849552699910205    -4.1657698547114003773  )	1687.4067407321834 6.197460095336282e-6
320	(  29.29968832089009112    -11.17585308114990994     -4.1657720745330504286  )	1687.4106875075847 8.679711004333512e-5
321	(  29.299663320890058316   -11.175850723612910542    -4.1657704875953998069  )	1687.408462082161 -4.8618908635944535e-5
322	(  29.29962332089005983    -11.175848381786909869    -4.1657692218274000595  )	1687.4050193831026 6.101386514956175e-5
323	(  29.299649700390059337   -11.175844552699910395    -4.1657693187943998225  )	1687.4067898169346 -6.718956331042136e-5
324	(  29.299636941390058809   -11.175854552699910016    -4.1657703906284000439  )	1687.406691647475 7.958460685131286e-5
325	(  29.299648042090058908   -11.175851268975909747    -4.1657678547114000978  )	1687.4073139550478 -0.0006704607396272877
326	(  29.299638599690059237   -11.175847836423910664    -4.1657718547113997687  )	1687.4061675094283 0.0006828564763168288
327	(  29.299633320890059451   -11.175850736117910245    -4.1657689913054003483  )	1687.4060557180599 -0.00017638452476376187
328	(  29.299653320890058694   -11.175848369281910166    -4.1657707181174004063  )	1687.4074257464697 0.000188779623897517
329	(  29.299652893490058858   -11.175851552699910485    -4.1657694313324000746  )	1687.4077115218608 -0.00027223757689398553
330	(  29.29964723359006129    -11.175847956854909171    -4.1657688547114002375  )	1687.4069199300434 -0.0002760248430604406
331	(  29.299633748290059287   -11.175847552699909926    -4.1657702780903997919  )	1687.4057699427854 0.0002846324958341029
332	(  29.299639408190060408   -11.175851148544909464    -4.1657708547113996289  )	1687.4065615343345 0.00028841998374673494
333	(  29.29964485861605894    -11.175850552699909457    -4.1657698331533001834  )	1687.4069604860192 -4.498370236660776e-5
334	(  29.299641783164059206   -11.175848552699909177    -4.165769876269499683   )	1687.4065209783616 5.7378619430892286e-5
335	(  29.29964832089006066    -11.175849232520910448    -4.1657697081989999432  )	1687.4071171334951 -7.766691987853847e-5
336	(  29.299638320890061038   -11.175849872878909963    -4.1657700012237999232  )	1687.406364330915 9.006184745885548e-5
337	(  29.299641924266058624   -11.175849595488909216    -4.1657693547113998633  )	1687.4066387478956 -0.00012542690876671259
338	(  29.299644717514059522   -11.175849509910909418    -4.1657703547114000031  )	1687.4068427164743 0.0001378218809691134
339	(  29.299642999400060006   -11.175849052699909691    -4.165769668144250204   )	1687.40666983738 -2.9829981315288023e-5
340	(  29.299645320890061129   -11.175849614127260523    -4.1657697939076197002  )	1687.4069093204637 -3.3536366856878885e-5
341	(  29.299643642380061692   -11.175850052699910719    -4.1657700412785496624  )	1687.4068116269882 4.2224908213484014e-5
342	(  29.29964132089006057    -11.175849491272559888    -4.1657699155151801662  )	1687.4065721439115 4.5931287274925126e-5
343	(  29.299642468043060717   -11.175850052699910719    -4.1657696550075300479  )	1687.4067219788315 -5.75212951616777e-5
344	(  29.299644173737060981   -11.175849052699909691    -4.1657700544152698185  )	1687.4067594855362 6.99162242199236e-5
345	(  29.29964348388505968    -11.175849352699909645    -4.1657698351598604347  )	1687.4067352066759 4.745154114971228e-6
346	(  29.299643972870061503   -11.175848752699909738    -4.1657697765052397187  )	1687.4067186301543 3.8823662862341735e-7
347	(  29.299645439825070525   -11.17584695269991002     -4.1657696005413802354  )	1687.4066689005938 -1.2682507076533511e-5
348	(  29.29964388185006996    -11.175849752699910766    -4.1657698162838103784  )	1687.4068056754393 -1.6482629405345506e-5
349	(  29.299644063890060153   -11.175847752699910487    -4.1657697367266699473  )	1687.4066315848731 1.7259103458400205e-5
350	(  29.299648972870070196   -11.175848769459909349    -4.1657697855798296871  )	1687.4071248495961 -4.835801507852011e-5
351	(  29.299638972870059916   -11.175848735939910128    -4.1657697674306497504  )	1687.406312410763 4.913448822208011e-5
352	(  29.299644056923060731   -11.175848832562909507    -4.1657692765052400929  )	1687.4067400290871 -0.00014738952523885018
353	(  29.299643888817058723   -11.175848672836909969    -4.1657702765052402327  )	1687.4066972312214 0.0001481660509057292
354	(  29.2996435565910609     -11.175849252699910252    -4.1657697654735796888  )	1687.4067325721962 -1.3215563342328096e-5
355	(  29.299644389149058554   -11.175848252699909224    -4.1657697875368997487  )	1687.4067046881119 1.3992037224852538e-5
356	(  29.299645972870060007   -11.175848856613319171    -4.1657697753718903044  )	1687.4068904167946 -2.3335811931701755e-5
357	(  29.299641972870070106   -11.175848648786500306    -4.1657697776385900212  )	1687.406546843523 2.4112285075261752e-5
358	(  29.299643983983060025   -11.175848725698999786    -4.1657695765052400461  )	1687.4067197694865 -5.676673418975042e-5
359	(  29.299643961757070088   -11.175848779700819691    -4.1657699765052402796  )	1687.4067174908225 5.7543216087196924e-5
360	(  29.299644955479060116   -11.175848952699910299    -4.1657698241619200985  )	1687.4068164993967 -1.689926762082905e-6
361	(  29.299642990261069997   -11.175848552699909177    -4.1657697288485602272  )	1687.406620760915 2.466400360390253e-6
362	(  29.299643435947061221   -11.175848952699910299    -4.1657696773764598674  )	1687.4066955497383 -2.8672621340319893e-5
363	(  29.299644509793058234   -11.175848552699909177    -4.16576987563401957    )	1687.40674171057 2.944909698499032e-5
364	(  29.299644938861060695   -11.175848658174929895    -4.1657696765052403265  )	1687.4067892529488 -3.5588496075433795e-5
365	(  29.29964300687905876    -11.175848847224889582    -4.1657698765052399992  )	1687.4066480073611 3.63649719474779e-5
366	(  29.299644472870060241   -11.175848753910859301    -4.1657697764485304148  )	1687.4067592214474 -4.751566393679241e-6
367	(  29.299643966708099896   -11.175848852699909131    -4.1657697670550399849  )	1687.406727760945 -5.2116918709543825e-6
368	(  29.299643472870069871   -11.175848751488960175    -4.1657697765619499108  )	1687.4066780388619 5.5280399919865886e-6
369	(  29.299643979032030217   -11.175848652699910346    -4.1657697859554403408  )	1687.406709499364 5.9881654124183115e-6
370	(  29.299643973447199841   -11.17584873380092958     -4.1657697265052400226  )	1687.4067175830241 -1.3522154404199682e-5
371	(  29.299643972292930272   -11.175848771598889897    -4.165769826505240303   )	1687.4067196772846 1.42986285140978e-5
372	(  29.299643948163829776   -11.175848702699909154    -4.1657697598846299414  )	1687.406712114627 -2.7014734769181814e-6
373	(  29.299644172870060288   -11.175848757616629214    -4.1657697711657100115  )	1687.4067353621588 -3.334996506509924e-6
374	(  29.299643997576300336   -11.175848802699910323    -4.1657697931258503843  )	1687.4067251456825 3.4779470752255293e-6
375	(  29.299643772870069824   -11.175848747783190262    -4.1657697818447703142  )	1687.4067018981505 4.111470047973853e-6
376	(  29.29964390227339166    -11.175848796431649745    -4.1657697565052398403  )	1687.4067173489404 -5.958007420758804e-6
377	(  29.299644043466731347   -11.175848708968169731    -4.1657697965052395972  )	1687.4067199113679 6.734480848535895e-6
378	(  29.299643872870060335   -11.175848758947550365    -4.1657697666537902847  )	1687.4067112665198 -1.625926870474359e-6
379	(  29.299644027845520355   -11.17584873269990986     -4.1657697677538800818  )	1687.4067213037442 -2.1157796368243e-6
380	(  29.299644072870069778   -11.175848746452270888    -4.1657697863566900409  )	1687.406725993789 2.402400355094869e-6
381	(  29.299644061703290276   -11.175848772699909617    -4.165769770658889648   )	1687.4067278026812 -2.7922697540816444e-6
382	(  29.299643917894609757   -11.175848772699909617    -4.1657697852566002439  )	1687.4067159565648 2.8922532351316477e-6
383	(  29.299643884036839836   -11.17584873269990986     -4.1657697823515897895  )	1687.4067094576278 3.568743011328479e-6
384	(  29.299643922870060919   -11.175848748726050275    -4.1657697731653096085  )	1687.4067142520296 4.767076688949601e-8
385	(  29.299643772870059166   -11.175848736804470107    -4.1657697631455201659  )	1687.4067011176544 -9.740266477820114e-7
386	(  29.299643822870059751   -11.175848766677459523    -4.1657697679628595822  )	1687.4067079347358 -9.650809147387918e-7
387	(  29.299644022870058535   -11.17584873077463925     -4.1657697783677596348  )	1687.4067205693227 1.0604225053612026e-6
388	(  29.299643873744898315   -11.175848728726050396    -4.1657697653551597483  )	1687.4067084853757 -1.1248684472775494e-6
389	(  29.299643971995219971   -11.175848768726050153    -4.1657697809754603568  )	1687.4067200186828 1.2202102652736357e-6
390	(  29.299644007624930708   -11.175848756019149732    -4.1657697631653096693  )	1687.4067219458552 -3.920117535471945e-6
391	(  29.29964383811519113    -11.175848741432950817    -4.1657697831653104359  )	1687.4067065582037 4.015459353468032e-6
392	(  29.299643972870061503   -11.175848755536689438    -4.1657697737124896875  )	1687.406718938721 -5.024456299906888e-7
393	(  29.299643958933710763   -11.175848738726049447    -4.1657697713282297869  )	1687.4067162474619 -5.575302566285245e-7
394	(  29.299643872870060335   -11.175848741915409335    -4.1657697726181304176  )	1687.4067095653368 5.977875048301939e-7
395	(  29.299643886806421733   -11.175848758726049326    -4.1657697750023903183  )	1687.406712256597 6.52872017781192e-7
396	(  29.29964391814925051    -11.175848751719209773    -4.165769768165310083   )	1687.4067142242395 -1.437814546534355e-6
397	(  29.299643927590878434   -11.175848745732890777    -4.1657697781653100222  )	1687.4067142798197 1.5331562508436036e-6
398	(  29.299643942090128235   -11.175848743726049861    -4.1657697730651399581  )	1687.4067153344613 -3.037706619579694e-8
399	(  29.299643999750330181   -11.175848728726050396    -4.1657697727646301189  )	1687.4067185817576 -2.645208496687701e-7
400	(  29.299643924786668236   -11.175848753726050688    -4.1657697742556800691  )	1687.4067148667493 1.9696642539202003e-7
401	(  29.299643959393588233   -11.17584873372605081     -4.1657697718745998472  )	1687.4067158021737 -2.577206146270328e-7
402	(  29.299643970050428976   -11.175848739708570179    -4.1657697750651401236  )	1687.4067171882898 3.8114399103506e-7
403	(  29.299643914129831046   -11.175848747743529543    -4.1657697710651397927  )	1687.4067134806326 -4.4189818027007277e-7
404	(  29.299643892090131203   -11.175848738246900282    -4.1657697737432997087  )	1687.406710757043 8.350525604328141e-7
405	(  29.299643992090128819   -11.175848749205199439    -4.1657697723869802076  )	1687.4067199118795 -8.958067496678268e-7
406	(  29.299643922090130133   -11.175848741501269501    -4.1657697726450502174  )	1687.406713510041 1.1684988976412569e-7
407	(  29.299643962090129889   -11.175848745950830221    -4.1657697734852296989  )	1687.4067171588813 -1.7760407899913844e-7
408	(  29.299643946137209127   -11.175848738726049447    -4.1657697736426397839  )	1687.4067151791237 2.419314455437416e-7
409	(  29.299643938043050895   -11.175848748726050275    -4.1657697724876401324  )	1687.4067154897987 -3.0268557793533546e-7
410	(  29.299643929667631426   -11.175848745985140553    -4.1657697740651400409  )	1687.4067145293764 3.190068582625827e-7
411	(  29.299643954512628596   -11.175848741466969827    -4.1657697720651398754  )	1687.4067161395474 -3.797613885581086e-7
412	(  29.29964393209013096    -11.175848743753160619    -4.1657697730543503667  )	1687.4067145276777 6.746705594196101e-8
413	(  29.299643941939681469   -11.175848744690650705    -4.1657697735651399995  )	1687.4067154068816 8.747389301788644e-8
414	(  29.299643941850568751   -11.175848741726049695    -4.1657697733061098688  )	1687.406715121748 1.0034000297309831e-7
415	(  29.299643952090129062   -11.175848743698940879    -4.1657697730759304378  )	1687.4067161412454 -1.2822107464671717e-7
416	(  29.299643942240578554   -11.175848742761450794    -4.1657697725651399168  )	1687.4067152620414 -1.4822813909631805e-7
417	(  29.299643942329691271   -11.175848745726050026    -4.1657697728241700474  )	1687.4067155471746 -1.6109419220811105e-7
418	(  29.299643943133521162   -11.175848744212229846    -4.1657697732651399747  )	1687.4067154622937 2.593651515780948e-9
419	(  29.299643946263699945   -11.175848745670769802    -4.1657697738651400243  )	1687.4067158457922 1.0150574780709576e-7
420	(  29.299643933133520335   -11.175848744487760555    -4.1657697727729896542  )	1687.4067146858515 -4.6033449052629294e-8
421	(  29.299643953133518437   -11.175848743936699137    -4.1657697737572902952  )	1687.406716238736 5.122080892761005e-8
422	(  29.299643945504410425   -11.175848746212230012    -4.1657697732146896641  )	1687.4067158448693 -9.471989415033022e-8
423	(  29.299643940762639005   -11.175848742212229681    -4.1657697733155902853  )	1687.406715079719 9.990714033847325e-8
424	(  29.299643952530630031   -11.175848743564829491    -4.1657697727651399333  )	1687.4067161685248 -2.1864383370484575e-7
425	(  29.299643933736419399   -11.175848744859630202    -4.1657697737651400161  )	1687.4067147560634 2.2383102304956992e-7
426	(  29.299643948133521576   -11.175848744188309425    -4.1657697732984901862  )	1687.4067158643095 -3.794099256992922e-8
427	(  29.299643943387049916   -11.175848745212229929    -4.1657697732330101204  )	1687.4067155782393 -3.857667252304964e-8
428	(  29.299643938133520749   -11.175848744236150267    -4.1657697732317897632  )	1687.4067150602782 4.312835244490998e-8
429	(  29.299643942879988856   -11.175848743212229763    -4.165769773297269829   )	1687.4067153463486 4.3764032398030395e-8
430	(  29.299643943947078384   -11.175848744043339167    -4.1657697730651399581  )	1687.4067155149164 -5.856952611793531e-8
431	(  29.299643942319971046   -11.175848744381120525    -4.1657697734651399912  )	1687.4067154096717 6.375677230607835e-8
432	(  29.299643944061468659   -11.175848744712229887    -4.1657697733121903383  )	1687.4067155842383 -7.893504516687244e-9
433	(  29.299643942205580771   -11.175848743712229805    -4.1657697732180896111  )	1687.4067153403507 1.3080693861411419e-8
434	(  29.299643945133521328   -11.175848743998200163    -4.1657697732575096339  )	1687.406715603976 -1.3693465916730929e-8
435	(  29.299643941133520997   -11.175848744426259529    -4.1657697732727800854  )	1687.4067153206115 1.8883611119235866e-8
436	(  29.299643943342200458   -11.175848744423280579    -4.1657697731651399664  )	1687.4067155006326 -3.46300907949626e-8
437	(  29.299643942924848972   -11.175848744001179114    -4.165769773365139983   )	1687.4067154239563 3.981728013968677e-8
438	(  29.299643943436251448   -11.17584874401222983     -4.1657697732234195698  )	1687.4067154683908 -6.6910388341057114e-9
439	(  29.299643942531361063   -11.175848744342639307    -4.1657697732151399705  )	1687.4067154266347 -9.558107194607146e-9
440	(  29.29964394213352108    -11.175848744107939936    -4.1657697732782503763  )	1687.4067153712544 1.961620910151396e-8
441	(  29.299643942830790877   -11.175848744412229863    -4.1657697733068603796  )	1687.406715456197 1.1878341865667608e-8
442	(  29.299643943735688367   -11.175848744081820385    -4.1657697733151399788  )	1687.4067154979537 1.474529653933132e-8
443	(  29.299643944133521245   -11.175848744316519756    -4.165769773252029573   )	1687.406715553333 -1.4428962913370924e-8
444	(  29.299643942859180612   -11.175848744170309601    -4.165769773245139973   )	1687.4067154363847 8.302549758809619e-10
445	(  29.299643942036158961   -11.175848744044550642    -4.1657697731851399681  )	1687.4067153586586 -4.4600483306567185e-9
446	(  29.299643943219500386   -11.175848743970309584    -4.1657697732148903924  )	1687.4067154469835 -5.723507001675898e-9
447	(  29.299643942498871496   -11.175848744370309618    -4.1657697732753904418  )	1687.4067154257878 7.3841306402755436e-9
448	(  29.299643942203321245   -11.175848744244049726    -4.1657697731951399689  )	1687.4067153909966 -9.114614840655122e-9
449	(  29.299643943515050637   -11.175848744096569476    -4.1657697732951399772  )	1687.4067154817742 1.0775011105579324e-8
450	(  29.299643943859180695   -11.175848744294119896    -4.1657697732237597421  )	1687.4067155293942 -1.9155606878484832e-8
451	(  29.299643941859180529   -11.175848744046499306    -4.1657697732665202039  )	1687.4067153433757 2.0816116830246756e-8
452	(  29.29964394263947014    -11.175848744270309609    -4.1657697732340404073  )	1687.406715428252 -3.07358050122275e-9
453	(  29.299643943359178877   -11.175848744240269639    -4.1657697732545200253  )	1687.406715483373 -3.595062025851803e-9
454	(  29.299643943078901742   -11.175848744070309593    -4.1657697732562404269  )	1687.406715444519 4.7342041398223955e-9
455	(  29.299643942359178794   -11.175848744100349563    -4.1657697732357599207  )	1687.406715389397 5.255571977613727e-9
456	(  29.29964394318697174    -11.175848744143639379    -4.1657697732251399714  )	1687.4067154606678 -7.507196642109193e-9
457	(  29.299643942531400143   -11.175848744196979823    -4.1657697732651399747  )	1687.4067154121035 9.167592907033395e-9
458	(  29.29964394285689977    -11.175848744220310493    -4.16576977324617026    )	1687.4067154409342 -3.1366198527393863e-10
459	(  29.299643942850060796   -11.175848744370309618    -4.1657697732492602327  )	1687.406715454583 -3.745469712157501e-9
460	(  29.299643943056899786   -11.17584874423297947     -4.1657697732588401252  )	1687.4067154581503 9.436575965082739e-10
461	(  29.299643942656899753   -11.17584874420763974     -4.1657697732335003948  )	1687.4067154237189 -1.5708678802184295e-9
462	(  29.299643942868659252   -11.175848744120310485    -4.1657697732483196518  )	1687.4067154323595 3.1182025850284845e-9
463	(  29.299643942845140288   -11.175848744320310502    -4.16576977324402975    )	1687.4067154495096 -3.7429117583087645e-9
464	(  29.299643942728451407   -11.175848744227259601    -4.1657697732661702616  )	1687.406715430916 6.573145583388396e-9
465	(  29.299643942985351686   -11.175848744213359609    -4.1657697732261702583  )	1687.406715450953 -7.200412710517412e-9
466	(  29.299643942865941426   -11.175848744170309601    -4.1657697732458300877  )	1687.4067154369227 9.609948392608203e-10
467	(  29.299643942847861666   -11.175848744270309609    -4.1657697732465104323  )	1687.4067154449465 -1.5882619663898367e-9
468	(  29.299643942943578878   -11.175848744222539821    -4.1657697732561702608  )	1687.4067154480226 1.6306103134411387e-9
469	(  29.29964394277023132    -11.175848744218079389    -4.1657697732361702592  )	1687.406715433847 -2.2580479708267376e-9
470	(  29.299643942756901538   -11.175848744214320618    -4.1657697732548903957  )	1687.4067154321485 3.4009985938610043e-9
471	(  29.299643942956901554   -11.175848744226300369    -4.1657697732374501243  )	1687.406715449721 -4.028322564408882e-9
472	(  29.299643942901759885   -11.175848744200310492    -4.1657697732468301766  )	1687.4067154426573 6.707523425575346e-12
473	(  29.299643943036340232   -11.175848744140310487    -4.1657697732488099263  )	1687.4067154478262 9.676455192675348e-10
474	(  29.29964394300176167    -11.17584874420053076     -4.1657697732467502405  )	1687.4067154507745 -1.0405187822470907e-9
475	(  29.299643942801761654   -11.175848744200090223    -4.1657697732469101126  )	1687.4067154345405 1.0538201422605198e-9
476	(  29.299643942901248295   -11.175848744169330828    -4.1657697732368301757  )	1687.406715439814 -1.9720687305380125e-9
477	(  29.299643942902271476   -11.175848744231300813    -4.1657697732568301774  )	1687.406715445502 1.9850858734571375e-9
478	(  29.299643942900850391   -11.175848744250309608    -4.165769773240629803   )	1687.4067154474192 -3.2419507078884635e-9
479	(  29.299643942902680038   -11.175848744150309599    -4.1657697732530296619  )	1687.4067154378965 3.2550246942264494e-9
480	(  29.299643942904758376   -11.175848744220310493    -4.1657697732489298303  )	1687.40671544477 -2.6716406864579767e-12
481	(  29.299643942913760952   -11.175848744280310498    -4.1657697732552296799  )	1687.4067154511085 -3.0524915928253904e-11
482	(  29.299643942897390048   -11.175848744170309601    -4.1657697732442402483  )	1687.4067154394907 1.8127366274711676e-10
483	(  29.299643942912140915   -11.175848744270309609    -4.1657697732536203006  )	1687.4067154500506 -1.8638957044458948e-10
484	(  29.299643942954759268   -11.175848744209730512    -4.1657697732503002896  )	1687.4067154477937 1.9485923985484987e-10
485	(  29.299643942854761036   -11.175848744230890475    -4.1657697732475700292  )	1687.4067154417462 -1.970761331904214e-10
486	(  29.299643942893329296   -11.175848744198550122    -4.1657697732589298312  )	1687.4067154416382 3.6428104976948816e-9
487	(  29.299643942916191008   -11.175848744242070865    -4.1657697732389298295  )	1687.4067154479026 -3.6482106224866584e-9
488	(  29.299643942924760154   -11.175848744229430309    -4.1657697732513501165  )	1687.4067154472211 2.2646418074145913e-10
489	(  29.29964394288476015    -11.175848744211199559    -4.1657697732465104323  )	1687.4067154423196 -2.318643055332359e-10
490	(  29.299643942913579764   -11.175848744200310492    -4.1657697732490799325  )	1687.406715443583 5.369997779780533e-10
491	(  29.29964394289594054    -11.175848744240310495    -4.1657697732487797282  )	1687.406715445958 -5.423430593509693e-10
492	(  29.299643942896469895   -11.17584874421726937     -4.1657697732539302748  )	1687.4067154437405 1.6166836758202408e-9
493	(  29.299643942913061068   -11.17584874422334984     -4.165769773243930274   )	1687.406715445801 -1.621913270355435e-9
494	(  29.299643942914759265   -11.175848744211590358    -4.1657697732490603926  )	1687.4067154447496 1.8877699403674342e-10
495	(  29.299643942894761039   -11.175848744229030629    -4.1657697732488001563  )	1687.4067154447907 -1.9394974515307695e-10
496	(  29.299643942910119421   -11.175848744227209863    -4.1657697732509300081  )	1687.4067154458314 3.190052666468546e-10
497	(  29.299643942899400884   -11.175848744213409347    -4.1657697732469296525  )	1687.4067154437091 -3.2434854801977053e-10
498	(  29.299643942896839377   -11.17584874421197938     -4.1657697732509300081  )	1687.4067154433098 9.00399754755199e-10
499	(  29.299643942912680927   -11.175848744228650489    -4.1657697732469296525  )	1687.4067154462318 -9.06027253222419e-10
500	(  29.299643942904481264   -11.175848744215310049    -4.1657697732490204245  )	1687.4067154442714 1.7286083675571717e-10
501	(  29.29964394290503904    -11.175848744225309161    -4.1657697732488401243  )	1687.406715445269 -1.7791990103432909e-10
502	(  29.299643942899759708   -11.175848744220820308    -4.1657697732494396448  )	1687.4067154444065 1.8064838513964787e-10
503	(  29.299643942909760597   -11.175848744219800679    -4.1657697732484200159  )	1687.4067154451336 -1.8604850993142463e-10
504	(  29.299643942907341199   -11.175848744220630238    -4.1657697732499299192  )	1687.4067154449951 2.5085000743274577e-10
505	(  29.299643942902179106   -11.175848744219999631    -4.1657697732479297414  )	1687.4067154445459 -2.5653434931882657e-10
506	(  29.299643942906758554   -11.175848744218869868    -4.1657697732488800924  )	1687.406715444796 4.831690603168681e-12
507	(  29.299643942902761751   -11.175848744221749342    -4.1657697732489795683  )	1687.4067154447448 -1.0118128557223827e-11
508	(  29.299643942903248472   -11.175848744218310316    -4.1657697732487601883  )	1687.4067154444604 2.2225776774575934e-11
509	(  29.299643942906268279   -11.175848744222310671    -4.1657697732491003606  )	1687.40671544508 -2.7341684472048655e-11
510	(  29.299643942904950222   -11.175848744220870046    -4.1657697732484297859  )	1687.4067154448458 -1.6564172256039456e-10
511	(  29.29964394290458074    -11.175848744219749165    -4.1657697732494298748  )	1687.4067154446955 1.6018475434975699e-10
512	(  29.299643942904509686   -11.175848744221310582    -4.1657697732490603926  )	1687.4067154448433 8.29913915367797e-12
513	(  29.299643942905021277   -11.175848744219310404    -4.1657697732488001563  )	1687.406715444698 -1.3585577107733116e-11
514	(  29.299643942905760241   -11.175848744220019171    -4.1657697732491003606  )	1687.4067154448212 4.496314431889914e-11
515	(  29.299643942903760063   -11.17584874422060004     -4.1657697732487601883  )	1687.4067154447189 -5.002220859751105e-11
516	(  29.299643942903760063   -11.175848744219500475    -4.1657697732491101306  )	1687.4067154446102 8.333245204994455e-11
517	(  29.299643942905760241   -11.175848744221120512    -4.1657697732487504183  )	1687.4067154449306 -8.850520316627808e-11
518	(  29.29964394290496088    -11.175848744220729714    -4.1657697732490301945  )	1687.4067154448253 1.2050804798491299e-11
519	(  29.299643942905259308   -11.175848744219880615    -4.1657697732489600284  )	1687.4067154447696 1.3585577107733116e-11
520	(  29.299643942904559424   -11.175848744219900155    -4.1657697732488303544  )	1687.4067154447164 -1.7394086171407253e-11
521	(  29.299643942904260996   -11.175848744220740372    -4.1657697732488996323  )	1687.4067154447707 -1.892885848064907e-11
522	(  29.299643942904278759   -11.175848744219939235    -4.1657697732490301945  )	1687.4067154446946 4.212097337585874e-11
523	(  29.299643942905241545   -11.175848744220679976    -4.1657697732488303544  )	1687.4067154448458 -4.718003765447065e-11
524	(  29.299643942904559424   -11.175848744220280295    -4.1657697732489396003  )	1687.4067154447512 3.069544618483633e-12
525	(  29.29964394290479035    -11.175848744220109765    -4.1657697732489298303  )	1687.4067154447534 2.8990143619012088e-12
526	(  29.29964394290496088    -11.175848744220340691    -4.1657697732489200604  )	1687.4067154447898 -8.469669410260394e-12
527	(  29.299643942904729954   -11.175848744220509445    -4.1657697732489298303  )	1687.4067154447866 -8.185452315956354e-12
528	(  29.299643942904708638   -11.175848744220209241    -4.1657697732489298303  )	1687.4067154447566 7.958078640513122e-13
529	(  29.299643942904559424   -11.175848744219910813    -4.1657697732489298303  )	1687.4067154447162 1.1084466677857563e-11
530	(  29.299643942904911142   -11.175848744220219899    -4.1657697732489298303  )	1687.406715444774 -1.5916157281026244e-12
531	(  29.299643942904509686   -11.175848744220200359    -4.1657697732489298303  )	1687.4067154447398 3.069544618483633e-12
532	(  29.299643942904708638   -11.175848744220409969    -4.1657697732489298303  )	1687.4067154447755 -5.059064278611913e-12
533	(  29.299643942904708638   -11.175848744220010289    -4.1657697732489298303  )	1687.4067154447378 6.650680006714538e-12
534	(  29.299643942904811666   -11.175848744220170161    -4.1657697732489200604  )	1687.4067154447614 -1.9326762412674725e-12
