1	( -44.020000000000003126    22.460000000000000853   )	2026.8004000000003 -19153.004000000004
2	( -49.020000000000003126    24.460000000000000853   )	2502.0004000000004 -23785.004000000004
3	( -39.020000000000010232    20.460000000000000853   )	1601.6004000000007 -15021.004000000008
4	( -24.020000000000031548    14.460000000000000853   )	626.0004000000016 -5625.004000000015
5	(  20.979999999999911608    -3.5400000000000000355  )	399.2003999999965 -4437.003999999963
6	( 155.97999999999973397    -57.539999999999999147   )	24018.800399999916 -243873.00399999917
7	(  19.979999999999911608    16.460000000000000853   )	360.24039999999667 -3827.403999999965
8	(  16.979999999999911608    76.459999999999993747   )	255.36039999999718 -2118.6039999999703
9	(   7.9799999999999098321  256.45999999999997954    )	48.72039999999874 1927.7960000000141
10	( -19.02000000000009905    796.46000000000003638    )	400.80040000000395 4346.995999999963
11	(  40.979999999999911608    56.459999999999979536   )	1598.400399999993 -16229.003999999928
12	( -25.020000000000088392   456.45999999999997954    )	677.0404000000046 -1695.4040000000446
13	( -124.0200000000000955     1056.4600000000000364     )	15630.000400000024 -143245.00400000022
14	( 171.9799999999999045     -43.540000000000020464   )	29234.160399999968 -296206.6039999997
15	( 174.9799999999999045     950.46000000000003638    )	30269.040399999965 -296675.4039999997
16	( -222.02000000000006708    956.46000000000003638    )	49737.92040000003 -483364.2040000003
17	( -225.02000000000006708    -37.540000000000020464   )	51085.04040000003 -506715.40400000033
18	( -14.020000000000090168   256.45999999999997954    )	225.6004000000027 598.9959999999746
19	(  18.979999999999911608   -343.54000000000002046    )	323.2803999999968 -7037.803999999967
20	( 174.9799999999999045     -243.54000000000004889    )	30269.040399999965 -308615.4039999997
21	( 185.97999999999993292    729.46000000000003638    )	34217.600399999974 -338591.0039999997
22	( -203.02000000000006708    756.46000000000003638    )	41624.16040000003 -404606.6040000003
23	( -214.02000000000006708    -216.54000000000004889    )	46233.60040000003 -460211.0040000003
24	(  54.979999999999911608    56.459999999999979536   )	2913.8403999999905 -29663.4039999999
25	( -83.020000000000095497   456.45999999999997954    )	7059.360400000016 -64358.60400000016
26	(  85.979999999999904503   395.45999999999997954    )	7221.600399999984 -69971.00399999984
27	( -114.0200000000000955     117.45999999999997954    )	13229.600400000021 -128831.00400000023
28	(  27.979999999999911608   156.45999999999997954    )	727.9203999999952 -6264.20399999995
29	(  35.979999999999911608   340.45999999999997954    )	1223.600399999994 -9541.003999999937
30	( -56.020000000000088392   356.45999999999997954    )	3251.28040000001 -27817.8040000001
31	( -64.020000000000095497   172.45999999999997954    )	4227.600400000012 -39261.00400000012
32	( -18.020000000000088392   206.45999999999995111    )	361.76040000000336 -1182.604000000032
33	( -10.020000000000090168   306.45999999999997954    )	121.44040000000199 2060.595999999982
34	(   5.9799999999999098321  246.45999999999995111    )	24.8003999999991 2106.99600000001
35	( -34.020000000000088392   266.45999999999997954    )	1226.4004000000061 -8909.004000000059
36	( -19.020000000000088392   276.45999999999997954    )	400.80040000000355 -853.0040000000338
37	(  -9.0200000000000901679  236.45999999999995111    )	100.40040000000181 1550.995999999983
38	(  -4.0200000000000901679  266.45999999999997954    )	25.200400000000904 2502.995999999993
39	( -24.020000000000088392   246.45999999999995111    )	626.0004000000044 -3305.0040000000436
40	( -19.020000000000088392   266.45999999999997954    )	400.80040000000355 -953.0040000000338
41	( -19.020000000000088392   246.45999999999995111    )	400.80040000000355 -1153.004000000034
42	(  -9.0200000000000901679  246.45999999999995111    )	100.40040000000181 1650.995999999983
43	(  -9.0200000000000901679  266.45999999999997954    )	100.40040000000181 1850.9959999999837
44	( -16.020000000000088392   257.45999999999997954    )	289.68040000000303 8.195999999971377
45	( -22.020000000000081286   260.45999999999997954    )	529.9204000000037 -2244.204000000036
46	( -14.020000000000090168   267.45999999999997954    )	225.6004000000027 708.9959999999746
47	( -18.020000000000088392   247.45999999999995111    )	361.76040000000336 -772.6040000000321
48	( -11.020000000000090168   252.45999999999995111    )	144.48040000000216 1310.19599999998
49	( -21.020000000000088392   262.45999999999997954    )	484.8804000000039 -1793.8040000000376
50	( -15.020000000000090168   262.45999999999997954    )	256.64040000000284 368.5959999999727
51	( -17.020000000000088392   252.45999999999995111    )	324.72040000000317 -372.2040000000308
52	( -14.020000000000090168   255.45999999999995111    )	225.6004000000027 588.9959999999744
53	( -18.020000000000088392   259.45999999999997954    )	361.76040000000336 -652.6040000000319
54	( -15.020000000000090168   255.45999999999995111    )	256.64040000000284 298.59599999997243
55	( -17.020000000000088392   259.45999999999997954    )	324.72040000000317 -302.20400000003053
56	( -15.020000000000090168   259.45999999999997954    )	256.64040000000284 338.5959999999727
57	( -17.020000000000088392   255.45999999999995111    )	324.72040000000317 -342.2040000000308
58	( -16.41000000000008896    256.45999999999997954    )	303.1081000000031 -128.28100000002962
59	( -15.630000000000089599   258.45999999999997954    )	276.55690000000294 141.63099999997172
60	( -16.520000000000088392   258.45999999999997954    )	306.95040000000307 -144.50400000002958
61	( -15.520000000000090168   256.45999999999997954    )	272.91040000000294 155.89599999997176
62	( -16.120000000000089813   257.95999999999997954    )	293.0944000000031 -18.944000000029177
63	( -15.920000000000090523   256.95999999999997954    )	286.2864000000031 35.13599999997098
64	( -16.220000000000091234   257.21999999999997044    )	296.52840000000316 -58.68400000002964
65	( -15.820000000000090878   257.69999999999998863    )	282.9124000000031 74.27599999997113
66	( -16.080000000000090665   257.65999999999996817    )	291.7264000000031 -9.06400000002975
67	( -16.120000000000089813   257.34999999999996589    )	293.0944000000031 -25.044000000029314
68	( -15.96000000000008967    257.25999999999999091    )	287.64160000000305 25.383999999971252
69	( -15.920000000000090523   257.56999999999999318    )	286.2864000000031 41.23599999997111
70	( -16.019300000000090023   257.3599999999999568     )	289.65657249000304 7.420275099970581
71	( -16.019300000000090023   257.05999999999988859    )	289.65657249000304 4.420275099969899
72	( -16.019300000000090023   256.15999999999968395    )	289.65657249000304 -4.579724900032147
73	( -16.05930000000008917    256.55999999999988859    )	291.019716490003 -13.41116490003003
74	( -15.979300000000090876   257.55999999999988859    )	288.29662849000306 22.219715099969903
75	( -16.119300000000091444   257.26999999999986812    )	293.07043249000316 -25.618324900030984
76	( -15.919300000000090378   256.84999999999990905    )	286.26271249000314 34.258875099970396
77	( -16.069300000000090733   257.23999999999989541    )	291.3610024900031 -9.824024900030395
78	( -16.063100000000090972   256.85999999999989996    )	291.1493816100031 -11.631816100030505
79	( -15.969300000000089312   256.87999999999988177    )	287.95714249000304 18.61457509997024
80	( -15.97550000000009085    257.25999999999987722    )	288.16760025000303 20.43399749996979
81	( -16.03920000000008983    257.15999999999991132    )	290.3343366400031 -0.9593664000294666
82	( -16.09890000000008925    257.45999999999997954    )	292.372381210003 -17.145812100029048
83	( -16.015500000000091774   256.95999999999992269    )	289.5272402500031 4.6375974999699565
84	( -16.062900000000091438   257.35999999999989996    )	291.1425564100031 -6.567564100030268
85	( -15.989200000000089119   257.24999999999988631    )	288.63291664000303 15.95483359997047
86	( -16.08920000000009054    257.06999999999993634    )	292.0407566400031 -17.923566400029927
87	( -16.033400000000089136   257.05999999999988859    )	290.13671556000304 -0.09915560002980328
88	( -16.016000000000090608   256.75999999999982037    )	289.5442560000031 2.4774399999694197
89	( -16.015500000000091774   256.85999999999989996    )	289.5272402500031 3.637597499969729
90	( -16.051300000000090051   257.25999999999987722    )	290.7468316900031 -3.842316900029914
91	( -15.983400000000090202   257.12999999999988177    )	288.435875560003 16.609244399969896
92	( -16.083400000000089847   256.98999999999989541    )	291.84255556000306 -16.85755560002974
93	( -16.029600000000090887   257.15999999999991132    )	290.0072761600031 2.119238399969845
94	( -16.037200000000090938   256.95999999999986585    )	290.2661838400031 -2.3178384000306096
95	( -16.013400000000089562   257.03999999999990678    )	289.45577956000307 6.110204399970485
96	( -16.05340000000008871    257.0799999999998704     )	290.81845156000304 -6.316515600029788
97	( -16.023400000000091126   257.01519999999987931    )	289.7961475600031 2.6585243999693375
98	( -16.043400000000090699   257.10479999999989786    )	290.47748356000307 -2.8588356000301474
99	( -16.024400000000088795   257.10999999999989996    )	289.830195360003 3.2860463999708145
100	( -16.042400000000089477   257.00999999999987722    )	290.44339776000305 -3.4859776000297416
101	( -16.03027400000009095    257.03999999999990678    )	290.0302325150791 0.7031548492096817
102	( -16.036526000000090875   257.0799999999998704     )	290.2432181486791 -0.9016614867903172
103	( -16.028400000000090131   257.07249999999987722    )	289.96640656000307 1.6289343999699213
104	( -16.038400000000091694   257.04749999999989996    )	290.3070745600031 -1.8277456000305392
105	( -16.03277000000009167    257.04999999999989768    )	290.1152538729031 0.002861270969560792
106	( -16.030880000000099272   257.01999999999992497    )	290.0508735744034 0.30886425596747813
107	( -16.033573000000089337   257.06999999999987949    )	290.14260914633206 -0.05463146331976532
108	( -16.031967000000090451   257.02999999999991587    )	290.08789988909206 0.06034110907989998
109	( -16.037770000000090675   257.04679999999990514    )	290.2856065729031 -1.6326657290301227
110	( -16.027770000000089112   257.05319999999989022    )	289.944951172903 1.6378882709705067
111	( -16.034617000000089604   257.05999999999988859    )	290.17817633669205 -0.4894233669199366
112	( -16.030923000000090184   257.03999999999990678    )	290.0523382319321 0.4950776806799695
113	( -16.034770000000090562   257.04079999999987649    )	290.1833889529031 -0.7304895290303648
114	( -16.030770000000089226   257.05919999999991887    )	290.04712679290304 0.7361320709708252
115	( -16.032692000000089649   257.04499999999990223    )	290.11259676686706 -0.022127668669895684
116	( -16.032848000000090138   257.05499999999989313    )	290.11791099110707 0.027850088929994854
117	( -16.03377000000008934    257.04961199999991095    )	290.149320412903 -0.32168412902933596
118	( -16.031770000000090448   257.05038799999988441    )	290.0811893329031 0.3273866709696449
119	( -16.033270000000090505   257.05172099999987267    )	290.1322868929031 -0.1402589290302103
120	( -16.032270000000089283   257.04827899999992269    )	290.09822135290307 0.1459764709704814
121	( -16.033200290000088728   257.04799999999988813    )	290.12991211925913 -0.15511539259023266
122	( -16.03233971000009106    257.05199999999990723    )	290.100595996846 0.16083423154100274
123	( -16.032801620000089571   257.04899999999992133    )	290.1163310262777 -0.01727786277569976
124	( -16.032738380000090217   257.05099999999987403    )	290.1141767215281 0.023000384719580325
125	( -16.032970000000091204   257.05015799999989667    )	290.1220670209031 -0.059690209030236474
126	( -16.032570000000088584   257.04984199999989869    )	290.108440804903 0.06541195097042873
127	( -16.032787720000090559   257.04949999999990951    )	290.1158575145859 -0.00782074585799819
128	( -16.032752280000089229   257.05049999999988586    )	290.11465023184826 0.013543281518195727
129	( -16.032870000000091437   257.05008860999987519    )	290.1186604369031 -0.028318269030478405
130	( -16.032670000000088351   257.04991138999992017    )	290.111847328903 0.034040610971146634
131	( -16.032781471900090509   257.05019999999990432    )	290.115644669503 0.0011827429705135728
132	( -16.032815887600090576   257.05079999999992424    )	290.11681706088206 -0.0038528568194351465
133	( -16.03283031190008856    257.04969999999991614    )	290.1173084339825 -0.019478101824006444
134	( -16.032732631900088904   257.0506999999998925     )	290.1139809097941 0.02184354005919431
135	( -16.032881471900090276   257.05044419999990168    )	290.1190512357974 -0.028440919973036216
136	( -16.032681471900090742   257.04995579999990696    )	290.11223812320867 0.03080620591447314
137	( -16.032808570300090878   257.04999999999989768    )	290.11656779248824 -0.009506518881607917
138	( -16.032754373500090139   257.05039999999991096    )	290.11472154798645 0.011871990136569366
139	( -16.032831471900088616   257.05030838999988418    )	290.11734795015013 -0.013766163500577022
140	( -16.032731471900088849   257.05009160999992446    )	290.1139413938558 0.016131599443269806
141	( -16.03278888260009083    257.05009999999992942    )	290.1158971192252 -0.002193540251482773
142	( -16.032774061200090188   257.05029999999987922    )	290.1153922198906 0.004559025094295066
143	( -16.032801471900089751   257.05023704999990741    )	290.1163259811619 -0.004859873617988342
144	( -16.032761471900091266   257.05016294999990123    )	290.11496335864416 0.007225351559441151
145	( -16.03278563880008889    257.05024999999989177    )	290.11578661731454 0.0003466028550747069
146	( -16.032798139500091139   257.05039999999985412    )	290.11621246095774 -0.002161819577395363
147	( -16.032790621700090838   257.05014999999991687    )	290.1159563626746 -0.00225119274489316
148	( -16.032780655900090494   257.05034999999986667    )	290.1156168720043 0.0029443979570942247
149	( -16.032805638800091685   257.05027490999987094    )	290.1164679291402 -0.005817415401452308
150	( -16.032765638800089647   257.0502250899999126     )	290.115105306289 0.006510613110890517
151	( -16.032785300600089329   257.05019999999990432    )	290.1157750963385 -4.495138398397103e-5
152	( -16.032784286000090646   257.05004999999994197    )	290.1157405334116 -0.0012196141148024253
153	( -16.032780014700090732   257.05009999999992942    )	290.1155950291668 0.0006500023329181204
154	( -16.032790586500091479   257.05029999999987922    )	290.1159551635661 -0.0007399056607937382
155	( -16.032775300600089707   257.05025285999988682    )	290.1154344407325 0.0036902046758768847
156	( -16.03279530060008895    257.05014713999992182    )	290.1161157521445 -0.0037801094435963023
157	( -16.032781498553088539   257.05014999999991687    )	290.11564557745237 0.0006741965370338221
158	( -16.032789102647090118   257.05024999999989177    )	290.11590461525344 -0.000764099593766332
159	( -16.032780300600091294   257.05023802049993265    )	290.11560476851054 0.0019385318955755793
160	( -16.032790300600090916   257.050161979499876      )	290.11594542421653 -0.0020284351649024757
161	( -16.032783300600090826   257.05018582459990739    )	290.1157069652013 0.00045460598755653336
162	( -16.032787300600091385   257.05021417539990125    )	290.11584322748377 -0.0005445088368105644
163	( -16.032783883064091413   257.05021999999991067    )	290.11572680716785 0.0006095896020497094
164	( -16.032786718136090798   257.05017999999989797    )	290.11582338551324 -0.0006994924115133472
165	( -16.03278509569609156    257.05020999999987907    )	290.1157681161669 0.00012075225129137834
166	( -16.032785505504090651   257.05018999999992957    )	290.11578207651024 -0.00021065502153305715
167	( -16.032784300600088301   257.05019795099991597    )	290.11574103076885 0.00025521431268771266
168	( -16.032786300600090357   257.05020204899989267    )	290.11580916191014 -0.0003451171005508513
169	( -16.032785071371961294   257.0502049999998917     )	290.11576728755153 7.855192279748735e-5
170	( -16.032784800600090591   257.05019770771889398    )	290.11575806355347 9.245365617971402e-5
171	( -16.032785529828220916   257.05019499999991694    )	290.1157829051256 -0.00016845469247073197
172	( -16.032785800600091619   257.05020229228091466    )	290.1157921291241 -0.00018235642983199796
173	( -16.032785100600090544   257.05019885804392743    )	290.11576828322444 7.760196467643254e-6
174	( -16.032784500600101296   257.05019543217599676    )	290.115747843883 0.00016589493156971002
175	( -16.032785600600089282   257.05020374925993565    )	290.11578531600975 -0.00010365549655944051
176	( -16.032784600600088254   257.05019396682791921    )	290.11575125043953 0.00011917588608412188
177	( -16.032785589721651576   257.05019385804394005    )	290.11578494542954 -0.0001990794231687687
178	( -16.032784611478529513   257.05020385804391481    )	290.1157516210198 0.0002145998115565817
179	( -16.032785043205230124   257.05019685804393248    )	290.1157663280358 6.164186174828501e-6
180	( -16.032784871020648865   257.05019085804394763    )	290.1157604624699 1.3761535910816747e-6
181	( -16.032784354466908638   257.05017285804399307    )	290.1157428657727 -1.2987948707632313e-5
182	( -16.032785871020649893   257.05019768584395479    )	290.1157945280407 -0.00025100155426116544
183	( -16.032783871020651389   257.05018403024394047    )	290.11572639690127 0.0002537538398428296
184	( -16.032785553802650469   257.05018085804397288    )	290.1157837218283 -0.0003175617899842109
185	( -16.032784188238650813   257.05020085804392238    )	290.1157372031126 0.0003203140863661247
186	( -16.032784725799199776   257.05018585804396025    )	290.1157555154185 -2.0577618897732464e-6
187	( -16.032785016242101506   257.050195858043935      )	290.11576540952143 4.810066798199841e-6
188	( -16.032785371020651155   257.05018940582897358    )	290.1157774952551 -0.0001734738481218301
189	( -16.032784371020650127   257.05019231025892168    )	290.1157434296853 0.00017622614905121736
190	( -16.03278490648069976    257.05018885804395268    )	290.11576167043677 -2.9994313877068635e-5
191	( -16.032784835560601522   257.05019285804394258    )	290.1157592545032 3.274661935392942e-5
192	( -16.032785071020651202   257.05019121264496107    )	290.11576727558395 -5.920897706346295e-5
193	( -16.03278467102065008    257.05019050344293419    )	290.115753649356 6.196128197188955e-5
194	( -16.032784951622961245   257.0501918580439451     )	290.1157632082336 -1.4469437132902385e-5
195	( -16.032784790418340037   257.05018985804395015    )	290.11575771670636 1.7221743178197357e-5
196	( -16.032784971020650033   257.0501900520209233     )	290.1157638690269 -3.8749647046643076e-5
197	( -16.032784771020651249   257.05019166406697195    )	290.11575705591304 4.150195252350386e-5
198	( -16.032784921020649449   257.05019128613338353    )	290.11576216574844 -1.0375737247159122e-5
199	( -16.03278482102064828    257.05019042995451173    )	290.1157587591914 1.3128043860888283e-5
200	( -16.032784913829591034   257.05019035804394889    )	290.1157619207809 -1.735077773901139e-5
201	( -16.032784828211710249   257.05019135804394637    )	290.11575900415903 2.0103083215872175e-5
202	( -16.0327848774306716     257.05019105804393575    )	290.115760680831 1.3207431948103476e-6
203	( -16.032784896660739804   257.05019165804390013    )	290.1157613359142 1.1545114375621779e-6
204	( -16.032784954350951523   257.05019345804379327    )	290.1157633011641 6.558155973834801e-7
205	( -16.032785127421590232   257.05019885804347268    )	290.11576919691413 -8.402747653235565e-7
206	( -16.032785139293491028   257.05019545804378822    )	290.1157696013372 -3.864706400236173e-5
207	( -16.032784769408408465   257.05019145804379832    )	290.11575700099104 3.995869576556288e-5
208	( -16.032785154350950307   257.05019160861877481    )	290.1157701142781 -8.196957423933782e-5
209	( -16.032784754350949186   257.05019530746881173    )	290.1157564880501 8.328120600253897e-5
210	( -16.032785007811281019   257.05019445804379075    )	290.11576512232074 -6.486544066319766e-6
211	( -16.032784900890618474   257.0501924580437958     )	290.11576148000745 7.798175829520915e-6
212	( -16.032785054350949139   257.05019292344081805    )	290.1157667077211 -3.675578341244545e-5
213	( -16.032784854350950354   257.05019399264676849    )	290.11575989460715 3.80674151756466e-5
214	( -16.032785004350948554   257.0501938228762242     )	290.11576500444255 -1.1728644153663481e-5
215	( -16.032784904350950939   257.05019309321136234    )	290.11576159788564 1.3040276485298818e-5
216	( -16.032784990834201722   257.05019295804379453    )	290.11576454398687 -1.6042746437960886e-5
217	( -16.03278491786770843    257.05019395804379201    )	290.11576205834166 1.7354375358991092e-5
218	( -16.032784958865878622   257.05019325804380514    )	290.1157634549677 -2.7919213607674465e-6
219	( -16.032784949836031529   257.0501936580437814     )	290.11576314736084 4.103550281797652e-6
220	( -16.032784974350949625   257.05019350319304294    )	290.11576398247547 -5.3058056437294e-6
221	( -16.032784934350949868   257.0501934128945436     )	290.1157626198527 6.617437406930549e-6
222	( -16.032784954583899406   257.05019335804377079    )	290.11576330909963 -4.188808588878601e-7
223	( -16.032784955282739503   257.05019305804370333    )	290.11576333290606 -3.6429685223993147e-6
224	( -16.032784947103291273   257.05019315804378266    )	290.1157630542685 -2.018111899815267e-8
225	( -16.032784924661470427   257.05019255804381828    )	290.11576228977503 1.1759169638025924e-6
226	( -16.032784927103289618   257.05019296949103591    )	290.115762372957 4.507405719778035e-6
227	( -16.032784967103289375   257.05019334659652941    )	290.1157637355798 -4.547766820905963e-6
228	( -16.032784939561178561   257.0501936580437814     )	290.1157627973421 7.398240313705173e-6
229	( -16.032784954645400433   257.05019265804378392    )	290.1157633111947 -7.4386014148331014e-6
230	( -16.032784946926959435   257.05019335804377079    )	290.1157630482616 2.0363609110063408e-6
231	( -16.032784947279619558   257.05019295804379453    )	290.1157630602752 -2.0767214437000803e-6
232	( -16.032784937103290446   257.05019315451716011    )	290.11576271361275 3.151109808641195e-6
233	( -16.032784957103288548   257.05019316157040521    )	290.1157633949241 -3.191470909769123e-6
234	( -16.032784947257830765   257.05019325804380514    )	290.1157630595329 9.302652870246675e-7
235	( -16.032784946948748228   257.05019305804376017    )	290.1157630490039 -9.706263881525956e-7
236	( -16.032784942103290859   257.05019316113452987    )	290.1157628839406 1.6140052139235195e-6
237	( -16.032784952103291687   257.05019315495303545    )	290.1157632245963 -1.6543668834856362e-6
238	( -16.03278494699571155    257.05019320804376548    )	290.11576305060373 5.143147063790821e-7
239	( -16.032784947210870996   257.05019310804379984    )	290.11576305793324 -5.546769443753874e-7
240	( -16.032784945103291108   257.05019315535429314    )	290.1157629861373 5.942354164290009e-7
241	( -16.032784949103291439   257.05019316073327218    )	290.11576312239964 -6.345976544253062e-7
242	( -16.032784947510471341   257.05019317804379853    )	290.1157630681393 4.925425400870154e-8
243	( -16.032784946696118311   257.05019313804376679    )	290.1157630403979 -8.961876574176131e-8
244	( -16.03278494610329119    257.05019316618728453    )	290.1157630202029 3.8190989926079055e-7
245	( -16.032784948103291356   257.05019314990028079    )	290.11576308833406 -4.222715688229073e-7
246	( -16.032784947407240139   257.05019316804379059    )	290.1157630646227 -1.76436287802062e-8
247	( -16.03278494831909029    257.05019319804381439    )	290.11576309568534 -1.0033431863121223e-8
248	( -16.032784951054640743   257.05019328804388579    )	290.1157631888734 1.2797158888133708e-8
249	( -16.032784946333599407   257.05019314804383157    )	290.1157630280485 1.2662553672271315e-7
250	( -16.032784950304581173   257.05019324804379721    )	290.11576316332224 -1.466929688831442e-7
251	( -16.032784946319090125   257.0501932476811362     )	290.11576302755424 1.1276512168478803e-6
252	( -16.032784950319090456   257.05019314840649258    )	290.1157631638165 -1.1477180805741227e-6
253	( -16.032784947319090207   257.05019319321257854    )	290.11576306161976 2.6230964067508467e-7
254	( -16.032784948077530629   257.05019321804383026    )	290.1157630874565 2.6742384306999156e-7
255	( -16.032784949319090373   257.05019320287505025    )	290.1157631297509 -2.823770728355157e-7
256	( -16.032784948560649951   257.05019317804379853    )	290.1157631039142 -2.874912752304226e-7
257	( -16.032784947819088472   257.05019318903822523    )	290.1157630786525 6.023867626936408e-8
258	( -16.032784948819088555   257.05019320704940355    )	290.11576311271807 -8.030497156141791e-8
259	( -16.0327849478688087     257.05019320804382232    )	290.11576308034626 2.3435177354258485e-7
260	( -16.032784948769368327   257.05019318804380646    )	290.1157631110243 -2.544180688346387e-7
261	( -16.032784948368011158   257.05019320304381836    )	290.1157630973519 2.4279529498016927e-8
262	( -16.032784948270169423   257.05019319304381042    )	290.11576309401886 -4.434696165844798e-8
263	( -16.032784948119090274   257.0501931992667437     )	290.11576308887226 6.632660642935662e-8
264	( -16.032784948519090307   257.05019319682088508    )	290.1157631024985 -8.639403858978767e-8
265	( -16.032784948219088506   257.05019319697680658    )	290.1157630922787 1.1362430996086914e-8
266	( -16.032784948265739189   257.05019320004379324    )	290.11576309386794 2.707338353502564e-8
267	( -16.032784948419088522   257.05019319911082221    )	290.11576309909185 -3.142872628814075e-8
268	( -16.032784948372441391   257.05019319604383554    )	290.1157630975028 -4.7140815695456695e-8
269	( -16.032784948326359142   257.05019319904380382    )	290.11576309593295 -2.3646862246096134e-9
270	( -16.032784948348169252   257.05019320204377209    )	290.11576309667595 2.0641550690925214e-8
271	( -16.032784948313718587   257.05019320104378266    )	290.11576309550236 2.1688606466341298e-8
272	( -16.032784948338999698   257.05019319704382497    )	290.1157630963636 -2.6417410481371917e-8
273	( -16.03278494822636091    257.05019319879096429    )	290.1157630925265 2.7172291083843447e-8
274	( -16.032784948426360927   257.05019319929664334    )	290.1157630993396 -3.190223196725128e-8
275	( -16.032784948340708553   257.05019320004379324    )	290.1157630964218 3.034301698789932e-9
276	( -16.032784948312009732   257.05019319804381439    )	290.11576309544415 -7.76310571382055e-9
277	( -16.03278494827635825    257.05019319933069255    )	290.1157630942297 1.6537455849174876e-8
278	( -16.032784948376360035   257.05019319875691508    )	290.11576309763626 -2.1266259864205495e-8
279	( -16.032784948335770281   257.05019319954379853    )	290.11576309625354 -3.8255620893323794e-10
280	( -16.032784948364000144   257.05019320104378266    )	290.1157630972152 5.565539140661713e-9
281	( -16.032784948336981756   257.05019320054378795    )	290.1157630962948 9.22909748624079e-9
282	( -16.032784948334558806   257.0501931985438091     )	290.1157630962123 -9.993641469918657e-9
283	( -16.032784948285769389   257.05019319956795698    )	290.11576309455023 1.5892283045104705e-8
284	( -16.032784948385771173   257.05019319951964007    )	290.11576309795686 -1.6656827028782573e-8
285	( -16.032784948315768503   257.05019319930437405    )	290.1157630955722 3.637410372903105e-9
286	( -16.032784948355768506   257.05019319978322301    )	290.1157630969348 -4.4008174882037565e-9
287	( -16.032784948326188612   257.05019320004379324    )	290.11576309592715 7.690346137678716e-9
288	( -16.032784948345348397   257.05019319904380382    )	290.1157630965798 -8.453753252979368e-9
289	( -16.032784948333951291   257.05019319974377368    )	290.1157630961916 2.2009771782904863e-9
290	( -16.032784948325769392   257.05019319950741874    )	290.1157630959129 2.460751602484379e-9
291	( -16.03278494833758927    257.05019319934382338    )	290.11576309631556 -2.965521161968354e-9
292	( -16.03278494834577117    257.05019319958017832    )	290.11576309659426 -3.2252955861622468e-9
293	( -16.032784948331428865   257.05019319944381095    )	290.1157630961057 9.663381206337363e-12
294	( -16.032784948318411722   257.05019319914384823    )	290.11576309566226 1.184048414870631e-9
295	( -16.032784948341429754   257.05019319950940826    )	290.11576309644636 -2.5409008230781183e-9
296	( -16.032784948321431528   257.05019319937821365    )	290.1157630957651 2.559659151302185e-9
297	( -16.032784948334711572   257.05019319924383581    )	290.1157630962175 -3.042259777430445e-9
298	( -16.03278494832814971    257.0501931996437861     )	290.115763095994 3.0610181056545116e-9
299	( -16.032784948336431086   257.05019319952219803    )	290.11576309627605 -8.100187187665142e-10
300	( -16.032784948326430197   257.05019319936542388    )	290.1157630959354 8.287770469905809e-10
301	( -16.032784948335351061   257.05019319934382338    )	290.1157630962393 -2.247588781756349e-9
302	( -16.032784948327510222   257.05019319954379853    )	290.11576309597217 2.2663471099804156e-9
303	( -16.032784948330881747   257.05019319939378875    )	290.11576309608705 -3.149125404888764e-10
304	( -16.032784948331979535   257.05019319949383316    )	290.11576309612445 3.3367086871294305e-10
305	( -16.032784948333429043   257.05019319943005485    )	290.1157630961738 -7.690914571867324e-10
306	( -16.032784948329428687   257.05019319945756706    )	290.11576309603754 7.889866537880152e-10
307	( -16.03278494833243073    257.0501931994494953     )	290.1157630961398 -2.546585164964199e-10
308	( -16.032784948330430552   257.05019319943812661    )	290.11576309607165 2.7341684472048655e-10
309	( -16.032784948331709529   257.05019319942380207    )	290.11576309611524 -2.802380549837835e-10
310	( -16.032784948331151753   257.05019319946381984    )	290.11576309609626 2.9899638320785016e-10
311	( -16.032784948331460839   257.05019319943380651    )	290.1157630961068 -1.0061285138363019e-10
312	( -16.032784948331400443   257.0501931994538154     )	290.11576309610473 1.1880274541908875e-10
313	( -16.032784948331929797   257.05019319944443623    )	290.11576309612275 -1.4438228390645236e-10
314	( -16.032784948330931485   257.05019319944318568    )	290.11576309608876 1.63140612130519e-10
315	( -16.032784948331329389   257.05019319943880873    )	290.1157630961023 -7.958078640513122e-12
316	( -16.032784948331030961   257.05019319942380207    )	290.1157630960921 -6.252776074688882e-11
317	( -16.032784948331379127   257.05019319944881317    )	290.115763096104 7.617018127348274e-11
318	( -16.032784948331279651   257.05019319942880429    )	290.1157630961006 -9.208633855450898e-11
319	( -16.032784948330828456   257.05019319943983191    )	290.11576309608523 1.6257217794191092e-10
320	( -16.032784948331830321   257.05019319943778555    )	290.11576309611934 -1.7905676941154525e-10
321	( -16.032784948331318731   257.05019319944381095    )	290.11576309610194 4.547473508864641e-11
322	( -16.032784948331130437   257.05019319943846767    )	290.1157630960955 5.2295945351943374e-11
323	( -16.032784948331340047   257.05019319943380651    )	290.1157630961026 -6.139089236967266e-11
324	( -16.032784948331528341   257.05019319943914979    )	290.11576309610905 -6.87805368215777e-11
325	( -16.032784948331229913   257.05019319943943401    )	290.1157630960989 3.012701199622825e-11
326	( -16.032784948331428865   257.05019319943818346    )	290.1157630961057 -4.661160346586257e-11
327	( -16.032784948331300967   257.05019319943681921    )	290.1157630961013 -1.8758328224066645e-11
328	( -16.032784948331361363   257.05019319944079825    )	290.11576309610336 1.7053025658242404e-12
329	( -16.032784948331460839   257.05019319944676681    )	290.1157630961068 2.8990143619012088e-11
330	( -16.032784948331560315   257.05019319944489098    )	290.11576309611013 -2.1600499167107046e-11
331	( -16.032784948331158859   257.05019319943670553    )	290.1157630960965 2.5579538487363607e-11
332	( -16.032784948331528341   257.05019319943579603    )	290.11576309610905 -1.0231815394945443e-10
333	( -16.032784948331201491   257.05019319944580047    )	290.1157630960979 1.0288658813806251e-10
334	( -16.032784948331439523   257.05019319944278777    )	290.11576309610604 -3.979039320256561e-12
335	( -16.032784948331279651   257.05019319943880873    )	290.1157630961006 7.958078640513122e-12
336	( -16.032784948331460839   257.05019319943920664    )	290.1157630961068 -4.661160346586257e-11
337	( -16.032784948331258335   257.05019319944238987    )	290.11576309609984 5.0590642786119133e-11
338	( -16.032784948331361363   257.05019319943977507    )	290.11576309610336 -8.526512829121202e-12
339	( -16.032784948331368469   257.05019319944182143    )	290.1157630961036 9.663381206337363e-12
340	( -16.032784948331411101   257.05019319944062772    )	290.11576309610507 -1.6484591469634324e-11
341	( -16.032784948331311625   257.05019319944096878    )	290.11576309610166 1.9326762412674725e-11
342	( -16.032784948331379127   257.05019319944034351    )	290.115763096104 -8.526512829121202e-12
343	( -16.032784948331340047   257.050193199441253      )	290.1157630961026 1.3073986337985843e-11
344	( -16.032784948331361363   257.05019319944057088    )	290.11576309610336 -5.684341886080801e-13
345	( -16.032784948331361363   257.05019319943988876    )	290.11576309610336 -7.389644451905042e-12
346	( -16.032784948331361363   257.05019319944108247    )	290.11576309610336 4.547473508864641e-12
347	( -16.032784948331361363   257.05019319944005929    )	290.11576309610336 -5.6843418860808015e-12
348	( -16.032784948331368469   257.05019319944074141    )	290.1157630961036 -1.1368683772161603e-12
349	( -16.032784948331361363   257.05019319944045719    )	290.11576309610336 -1.7053025658242404e-12
