1	(  -4.6600000000000001421   46.799999999999997158   )	32.0356 250.84399999999994
2	(  -5.6600000000000001421   50.799999999999997158   )	44.3556 187.64399999999995
3	(  -8.6600000000000001421   62.799999999999997158   )	93.3156 -121.95599999999999
4	( -17.660000000000000142    98.799999999999997158   )	348.1956 -2130.7560000000003
5	(  -8.6600000000000001421   42.799999999999997158   )	93.3156 -321.956
6	(  -3.6600000000000001421   62.799999999999997158   )	21.715600000000002 494.044
7	(  -8.6600000000000001421   82.799999999999997158   )	93.3156 78.04400000000001
8	(  -8.6600000000000001421  142.80000000000001137    )	93.3156 678.0440000000001
9	(  -6.6600000000000001421   32.799999999999997158   )	58.6756 -115.55600000000005
10	( -10.660000000000000142   132.80000000000001137    )	135.9556 191.64400000000015
11	(  -3.6600000000000001421   98.799999999999997158   )	21.715600000000002 854.044
12	( -13.660000000000000142    66.799999999999997158   )	214.9156 -1197.956
13	( -10.660000000000000142   102.79999999999999716    )	135.9556 -108.356
14	(  -6.6600000000000001421   62.799999999999997158   )	58.6756 184.44399999999996
15	( -10.660000000000000142    62.799999999999997158   )	135.9556 -508.356
16	(  -6.6600000000000001421  102.79999999999999716    )	58.6756 584.444
17	(  -8.6600000000000001421   72.799999999999997158   )	93.3156 -21.95599999999999
18	(  -9.6600000000000001421   92.799999999999997158   )	113.6356 -5.156000000000063
19	( -12.660000000000000142   152.80000000000001137    )	186.5956 -74.75599999999986
20	( -10.660000000000000142   142.80000000000001137    )	135.9556 291.6440000000001
21	(  -7.6600000000000001421  127.79999999999999716    )	74.9956 691.2439999999999
22	( -11.660000000000000142    57.799999999999997158   )	160.2756 -781.556
23	( -10.660000000000000142   112.79999999999999716    )	135.9556 -8.355999999999995
24	(  -8.6600000000000001421  109.79999999999999716    )	93.3156 348.044
25	( -10.660000000000000142    75.799999999999997158   )	135.9556 -378.356
26	(  -9.1600000000000001421   90.799999999999997158   )	103.2256 68.9439999999999
27	( -10.160000000000000142    94.799999999999997158   )	124.54560000000001 -84.25600000000003
28	(  -9.5600000000000004974  102.79999999999999716    )	111.51360000000001 114.06399999999991
29	(  -9.7599999999999997868   82.799999999999997158   )	115.77759999999999 -124.576
30	(  -9.7599999999999997868   97.799999999999997158   )	115.77759999999999 25.424000000000007
31	(  -9.5600000000000004974   87.799999999999997158   )	111.51360000000001 -35.93600000000009
32	(  -9.4600000000000008527   95.799999999999997158   )	109.41160000000002 63.083999999999776
33	(  -9.8599999999999994316   89.799999999999997158   )	117.93959999999998 -74.19599999999988
34	(  -9.7599999999999997868   94.799999999999997158   )	115.77759999999999 -4.575999999999993
35	( -10.060000000000000497   100.79999999999999716    )	122.32360000000001 -4.036000000000115
36	( -10.960000000000000853   118.79999999999999716    )	143.04160000000002 -13.216000000000179
37	(  -9.5600000000000004974   98.799999999999997158   )	111.51360000000001 74.06399999999991
38	( -10.560000000000000497   102.79999999999999716    )	133.6336 -87.13600000000014
39	(  -9.9399999999999995026  110.79999999999999716    )	119.68359999999998 119.96400000000008
40	( -10.179999999999999716    90.799999999999997158   )	124.99239999999999 -128.32399999999993
41	(  -9.8599999999999994316   98.799999999999997158   )	117.93959999999998 15.804000000000116
42	( -10.259999999999999787   102.79999999999999716    )	126.7876 -24.676000000000045
43	(  -9.9600000000000008527  105.79999999999999716    )	120.12160000000002 65.98399999999984
44	( -10.160000000000000142    95.799999999999997158   )	124.54560000000001 -74.25600000000003
45	(  -9.9600000000000008527   99.799999999999997158   )	120.12160000000002 5.983999999999838
46	( -10.160000000000000142   101.79999999999999716    )	124.54560000000001 -14.256000000000029
47	( -10.019999999999999574   102.79999999999999716    )	121.4404 23.996000000000066
48	( -10.099999999999999645    98.799999999999997158   )	123.21 -32.09999999999994
49	( -10.101900000000000546    99.799999999999997158   )	123.25218361000002 -22.48383610000019
50	( -10.009999999999999787    99.799999999999997158   )	121.2201 -4.000999999999948
51	(  -9.8599999999999994316   96.799999999999997158   )	117.93959999999998 -4.195999999999884
52	(  -9.9100000000000001421   97.799999999999997158   )	119.02810000000001 -4.081000000000046
53	( -10.109999999999999432   101.79999999999999716    )	123.43209999999999 -4.1209999999999525
54	(  -9.9299999999999997158  101.79999999999999716    )	119.4649 31.950999999999965
55	( -10.089999999999999858    97.799999999999997158   )	122.9881 -40.08099999999999
56	( -10.034100000000000463   100.79999999999999716    )	121.75136281 1.1683718999998405
57	( -10.104100000000000747   103.79999999999999716    )	123.30103681000001 17.071631899999886
58	(  -9.9740999999999999659   98.799999999999997158   )	120.43087081 -6.826708100000047
59	( -10.094099999999999184   102.79999999999999716    )	123.07905480999999 9.09145190000018
60	( -10.134100000000000108    99.799999999999997158   )	123.96818281 -28.999828100000116
61	(  -9.9341000000000008185  101.79999999999999716    )	119.55454281000002 31.136571899999836
62	( -10.106400000000000716   103.79999999999999716    )	123.35212096000002 16.606790399999767
63	( -10.033400000000000318    99.799999999999997158   )	121.73591556000001 -8.691155600000116
64	( -10.084099999999999397   100.79999999999999716    )	122.85727280999998 -8.890728099999876
65	( -10.034800000000000608   101.79999999999999716    )	121.76681104000001 11.027889599999838
66	(  -9.9840999999999997527  100.79999999999999716    )	120.65045280999999 11.177471900000029
67	( -10.054100000000000037   101.01000000000000512    )	122.19312681 -0.7492680999999379
68	( -10.114100000000000534   102.01000000000000512    )	123.52321881000002 -2.8501881000001106
69	( -10.004099999999999326   100.01000000000000512    )	121.09021680999999 -0.7201680999997961
70	(  -9.8541000000000007475   97.010000000000005116   )	117.81148681000002 -0.9328681000000927
71	(  -9.9040999999999996817   98.010000000000005116   )	118.89939681 -0.8119680999999446
72	( -10.104100000000000747   102.01000000000000512    )	123.30103681000001 -0.8283681000000342
73	(  -9.9040999999999996817  102.01000000000000512    )	118.89939681 39.188031900000055
74	( -10.104100000000000747    98.010000000000005116   )	123.30103681000001 -40.828368100000034
75	( -10.027799999999999159   101.01000000000000512    )	121.61237283999998 4.532271600000257
76	(  -9.9803999999999994941   99.010000000000005116   )	120.56918415999999 -5.983841599999806
77	(  -9.9541000000000003922  100.01000000000000512    )	119.99230681 9.258931899999965
78	( -10.054100000000000037   100.01000000000000512    )	122.19312681 -10.749268099999938
79	( -10.00990000000000002    100.51000000000000512    )	121.21789801 3.1190199000000973
80	(  -9.9983000000000004093   99.510000000000005116   )	120.96260289000001 -4.560028900000077
81	(  -9.9840999999999997527  100.16000000000002501    )	120.65045280999999 4.777471900000307
82	( -10.024100000000000676    99.859999999999999432   )	121.53078081000001 -6.225808100000165
83	( -10.007699999999999818   100.20999999999999375    )	121.16945928999999 0.5594071000000156
84	( -10.018499999999999517   100.80999999999995964    )	121.40734224999999 4.396577499999665
85	( -10.027699999999999392   100.29999999999999716    )	121.61016728999999 -2.5476728999998954
86	(  -9.9877000000000002444  100.12000000000000455    )	120.72955129 3.6584870999999453
87	( -10.011499999999999844    99.709999999999993747   )	121.25313225 -5.201322500000032
88	( -10.003899999999999793   100.70999999999999375    )	121.08581520999999 6.319847900000042
89	( -10.017699999999999605   100.39000000000000057    )	121.38971328999999 0.3568671000000734
90	( -10.047700000000000742   100.93000000000002103    )	122.05167529000002 -0.2627529000000095
91	( -10.1377000000000006     102.93000000000002103    )	124.04836129000002 1.5703871000000902
92	( -10.079000000000000625   101.93000000000002103    )	122.74424100000002 3.437590000000057
93	( -10.016400000000000858    99.930000000000021032   )	121.36106896000003 -3.982689599999958
94	(  -9.9977000000000000313  101.93000000000002103    )	120.94940529 19.759947100000232
95	( -10.097699999999999676    99.930000000000021032   )	123.15894528999999 -20.33545289999978
96	( -10.1377000000000006     102.55000000000008242    )	124.04836129000002 -2.229612899999296
97	( -10.05400000000000027    101.43000000000002103    )	122.190916 3.470840000000095
98	( -10.041399999999999437   100.43000000000002103    )	121.91251395999998 -3.997139599999713
99	( -10.027699999999999392   101.09000000000001762    )	121.61016728999999 5.352327100000309
100	( -10.067700000000000315   100.77000000000002444    )	122.49398329 -5.885832899999883
101	( -10.049300000000000566   101.13000000000002387    )	122.08703049000002 1.4156951000001072
102	( -10.046099999999999142   100.73000000000001819    )	122.01632520999998 -1.941252099999673
103	( -10.037699999999999179   100.96000000000002217    )	121.83082128999999 2.0457871000003536
104	( -10.057700000000000529   100.9000000000000199     )	122.27272929000002 -2.5732928999998705
105	( -10.052317000000000391   101.03000000000001535    )	122.153711068489 -0.1907706848899693
106	( -10.06621699999999997    101.32999999999999829    )	122.461158691089 0.012753089110049132
107	( -10.107917000000000485   102.22999999999993292    )	123.38582007888901 0.600139211109223
108	( -10.086216999999999544   101.29000000000000625    )	122.90420737108899 -4.4177337108898485
109	( -10.046217000000000397   101.37000000000000455    )	122.018910011089 4.435239889109965
110	( -10.064617000000000147   100.82999999999999829    )	122.425749356689 -4.665153566890012
111	( -10.067816999999999794   101.82999999999999829    )	122.496573145489 4.6906085451099955
112	( -10.076216999999999757   101.5                    )	122.682583031089 -0.30149031088996026
113	( -10.056217000000000183   101.15999999999999659    )	122.239934351089 0.3249964891099921
114	( -10.074816999999999467   101.12999999999999545    )	122.65157158348899 -3.719375834890002
115	( -10.057617000000000473   101.53000000000000114    )	122.27089371868901 3.743402813109924
116	( -10.071217000000000752   101.34999999999999432    )	122.57184586108902 -0.7941186108901377
117	( -10.061216999999999189   101.31000000000000227    )	122.35052152108898 0.8191247891102194
118	( -10.067007000000000261   101.23000000000000398    )	122.478643938049 -1.1462993804900634
119	( -10.06542699999999968    101.43000000000000682    )	122.443674692329 1.1717930767100881
120	( -10.068217000000000638   101.33889999999999532    )	122.50542755908901 -0.3009355908901057
121	( -10.064216999999999302   101.32110000000000127    )	122.41689782308899 0.3263617691101217
122	( -10.066570999999999714   101.28000000000000114    )	122.46899369804099 -0.5585169804099621
123	( -10.065863000000000227   101.37999999999999545    )	122.453323934769 0.5840206523099312
124	( -10.065988000000000824   101.31000000000000227    )	122.45609041614402 -0.14114416144010988
125	( -10.066445999999999117   101.34999999999999432    )	122.46622707091598 0.16664929084015512
126	( -10.067216999999999416   101.32540000000000191    )	122.483292125089 -0.23458125088993143
127	( -10.065217000000000525   101.33459999999999468    )	122.43902725708901 0.26006742910979597
128	( -10.066717000000000581   101.33490000000000464    )	122.47222515808902 -0.038911580890044206
129	( -10.065716999999999359   101.32510000000000616    )	122.45009272408899 0.0644127591101551
130	( -10.066461200000000886   101.31999999999999318    )	122.46656349110546 -0.13641091105469627
131	( -10.065972800000000831   101.34000000000000341    )	122.45575401033986 0.16191589660152772
132	( -10.066416999999999504   101.33271000000000583    )	122.46558521788899 -0.0004121788897748502
133	( -10.067016999999999882   101.34081000000000472    )	122.47886527828899 -0.04021278288988128
134	( -10.06591700000000067    101.32901000000002512    )	122.45451905088902 0.06324949111018441
135	( -10.066917000000000115   101.33641000000000076    )	122.47665188488901 -0.0640788488900057
136	( -10.066231730000000155   101.34271000000002516    )	122.4614847020588 0.13688757941224594
137	( -10.06660227000000063    101.32271000000000072    )	122.46968580236917 -0.13771262369161263
138	( -10.067016999999999882   101.34084000000001424    )	122.47886527828899 -0.03991278288978606
139	( -10.066500339999999269   101.33771000000000129    )	122.4674297752201 0.03280904779899174
140	( -10.066333659999999739   101.32771000000002459    )	122.46374067444899 -0.03363354448964628
141	( -10.06621699999999997    101.33479300000000478    )	122.461158691089 0.060683089110114
142	( -10.066617000000000814   101.33062700000000689    )	122.47001182468902 -0.061508246890156215
143	( -10.066316999999999737   101.33221200000002682    )	122.463371944489 0.014740555110250853
144	( -10.066516999999999271   101.33320799999999906    )	122.46779851128899 -0.015565112889817101
145	( -10.066392090000000792   101.33471000000000117    )	122.46503388961459 0.024602903854145097
146	( -10.066441909999999993   101.33071000000002471    )	122.46613654740445 -0.02542727404417633
147	( -10.066418690900000854   101.33371000000002482    )	122.46562264230089 0.009247394991405145
148	( -10.066366999999999621   101.33274400000000526    )	122.464478578689 0.009994213110076089
149	( -10.066415309099999931   101.33171000000000106    )	122.46554779348284 -0.010071752828508806
150	( -10.066466999999999388   101.33267600000000641    )	122.466691862089 -0.010818620889807562
151	( -10.066427571800000251   101.33320999999999401    )	122.46581920189524 0.002459417047475654
152	( -10.066406428200000533   101.33221000000000345    )	122.4653512341063 -0.003283777062961235
153	( -10.066397000000000261   101.33297428999999568    )	122.465142561609 0.006257283909860689
154	( -10.066437000000000523   101.33244571000000178    )	122.46602787496901 -0.007081649690121594
155	( -10.06642460409999984    101.33291000000002668    )	122.46575351822983 5.68997019456674e-5
156	( -10.066447416400000847   101.33351000000007502    )	122.46625841994626 0.0014641285382310798
157	( -10.066444604100000859   101.33326438000004543    )	122.46619617561403 -0.00042587413972228205
158	( -10.066404604100000597   101.33255562000002215    )	122.46531086164569 0.0005396655433287378
159	( -10.066438779500000322   101.3324100000000243     )	122.46606726042145 -0.0077970142143612975
160	( -10.066410428699999358   101.33341000000001486    )	122.4654397764401 0.007910809599138702
161	( -10.066434604099999461   101.33295098000002099    )	122.46597484682191 -0.0015465862189500967
162	( -10.066414604100000219   101.33286902000004659    )	122.46553218983776 0.001660383622805739
163	( -10.066426653100000621   101.33271000000002005    )	122.46579886844208 -0.002355622420537884
164	( -10.066422555100000835   101.33311000000003332    )	122.46570816802603 0.0024694217400167418
165	( -10.066429604099999651   101.33295585000003314    )	122.46586418250088 -0.0004912430084402786
166	( -10.066419604100000029   101.33286415000002023    )	122.4656428540088 0.000605041912251636
167	( -10.066426896380999523   101.33281000000002336    )	122.4658042529448 -0.001404601827772467
168	( -10.066422311819000157   101.33301000000004422    )	122.46570278352539 0.0015184011266455855
169	( -10.06642660410000012    101.33293854890004582    )	122.46579778393226 -6.026832210181965e-5
170	( -10.06642260409999956    101.33288145110002176    )	122.46570925253542 0.0001740676459860424
171	( -10.066425746055999824   101.33286000000002502    )	122.4657787929711 -0.0006730085907236116
172	( -10.066423462143999856   101.33296000000001413    )	122.4657282434912 0.0007868079681827567
173	( -10.066425604100000868   101.33292956490001302    )	122.46577565108007 5.1220199424051316e-5
174	( -10.066428604100000399   101.33298825959998624    )	122.46584204964269 3.418157305645764e-5
175	( -10.066437604100000769   101.33316434369990588    )	122.46604124543856 -1.6935386639715944e-5
176	( -10.066464604100000102   101.33369259599966483    )	122.46663883379817 -0.0001702959851002106
177	( -10.066440473800000177   101.33336434369992674    )	122.46610476015877 0.001405311411559751
178	( -10.066434734399999584   101.33296434369989925    )	122.46597773073479 -0.0014391823489745548
179	( -10.066427604099999371   101.33322173369990082    )	122.46581991678646 0.0025702511344150025
180	( -10.06644760410000039    101.33310695369992516    )	122.46626257429064 -0.002604123907161693
181	( -10.066432604099999182   101.3330960636999265     )	122.46593058108749 0.0003069081243722849
182	( -10.06644260410000058    101.33323262369989948    )	122.4661519098396 -0.00034077939702115145
183	( -10.066434190187999675   101.33326434369989499    )	122.46596568576193 0.001670383139611431
184	( -10.066441018012000086   101.33306434369990257    )	122.46611680513847 -0.0017042541456646632
185	( -10.066438184985999627   101.33321434369989333    )	122.46605410211623 0.0003661155567158403
186	( -10.066437023214000135   101.33311434369990423    )	122.46602838876154 -0.0003999863363901568
187	( -10.066435604100000489   101.3331788657998942     )	122.46599697969214 0.0005309430775923829
188	( -10.066439604099999272   101.33314982159990336    )	122.46608551119294 -0.0005648139304526012
189	( -10.066436604099999741   101.33316079769990381    )	122.46601911256434 0.00014893335574583944
190	( -10.06643860410000002    101.33316788969989375    )	122.46606337831476 -0.00018280414863625083
191	( -10.06643742680000031    101.33318434369992644    )	122.46603732127981 0.0002187602011360923
192	( -10.066437781399999452   101.33314434369989954    )	122.46604516959734 -0.0002526309744155242
193	( -10.066438007111539576   101.33317434369989485    )	122.46605016524282 1.926801473928208e-6
194	( -10.066439216146159552   101.33320434369986174    )	122.46607692465763 5.851334549333842e-5
195	( -10.066439007111540604   101.33319146729989768    )	122.46607229811985 -2.8165968757321025e-5
196	( -10.066437007111540325   101.33315722009990623    )	122.46602803236783 3.201955166787229e-5
197	( -10.066438863290539274   101.33315434369987429    )	122.4660691149472 -0.0003704466625720215
198	( -10.066437150932539879   101.3331943436999012     )	122.46603121553991 0.00037430025074058904
199	( -10.066437846860999628   101.33316434369990588    )	122.46604661843752 -6.581015611573093e-5
200	( -10.066438167362079525   101.33318434369989802    )	122.46605371204818 6.966375877937026e-5
201	( -10.06643850711154009    101.33317113869989612    )	122.4660612316811 -0.00013078758115625533
202	( -10.066437507111540839   101.33317754869989358    )	122.4660390988051 0.0001346411788460955
203	( -10.066437822169000071   101.33316934369989326    )	122.46604607193257 -1.0838946735702848e-5
204	( -10.066438192054080858   101.33317934369989644    )	122.4660542585532 1.4692548688799434e-5
205	( -10.066438207111540137   101.33316972013589918    )	122.46605459181808 -8.45745910282858e-5
206	( -10.066437807111540792   101.33317896726390472    )	122.46604573866769 8.842819298138238e-5
207	( -10.06643795365121008    101.3331723436998999     )	122.46604898201198 -7.31009663468285e-6
208	( -10.066438060571870849   101.33317634369987559    )	122.46605134847371 1.1163699014105077e-5
209	( -10.066438107111540745   101.33317327449290701    )	122.46605237853046 -2.8898144677214077e-5
210	( -10.066437907111540184   101.3331754129068969     )	122.46604795195525 3.27517473408534e-5
211	( -10.066438057111540161   101.33317507336489882    )	122.46605127188664 -8.429866227288585e-7
212	( -10.066438207111540137   101.33317726235992495    )	122.46605459181808 -9.15235077059151e-6
213	( -10.066437957111540769   101.33317462187190472    )	122.46604905859905 1.4774959282704003e-5
214	( -10.066438157111539553   101.33317552485789292    )	122.46605348517424 -1.6460932812378815e-5
215	( -10.066438034536909996   101.33317707336489377    )	122.46605077224515 2.3701935703002164e-5
216	( -10.066438079686170326   101.33317307336490387    )	122.46605177152813 -2.538790894845988e-5
217	( -10.066438007111539576   101.33317505006989734    )	122.46605016524282 8.990501498828962e-6
218	( -10.066438055946779428   101.3331760733648963     )	122.46605124610713 9.391513202672286e-6
219	( -10.066438107111540745   101.3331750966599003     )	122.46605237853046 -1.067647474428668e-5
220	( -10.066438058276299117   101.33317407336490135    )	122.46605129766611 -1.1077486021804361e-5
221	( -10.066438072072759979   101.33317557336489756    )	122.46605160302147 1.144889552051609e-6
222	( -10.066438042150320342   101.33317457336490008    )	122.46605094075181 -2.830862797509326e-6
223	( -10.066438037111540282   101.33317544739550442    )	122.46605082922912 6.923894630972427e-6
224	( -10.066438077111540039   101.33317469933429322    )	122.46605171454416 -8.609867876430144e-6
225	( -10.066438047111539333   101.33317499794381433    )	122.46605105055787 4.1609027334743587e-7
226	( -10.066438017111540404   101.33317477168056087    )	122.4660503865716 4.19332039314213e-6
227	( -10.066438067111539212   101.33317500676039913    )	122.46605149321537 -3.5223190764099854e-6
228	( -10.066438027111539455   101.33317498912721533    )	122.46605060790034 4.35449948099631e-6
229	( -10.066438047464199457   101.3331744979438156     )	122.46605105836325 -4.654910270573964e-6
230	( -10.06643804675887921    101.33317549794381307    )	122.46605104275248 5.487090959377383e-6
231	( -10.066438046802460349   101.33317479794382621    )	122.46605104371706 -1.5216831172892853e-6
232	( -10.066438057111540161   101.33317499176230569    )	122.46605127188664 -1.659012554000583e-6
233	( -10.066438047420620094   101.33317519794381667    )	122.4660510573987 2.35386352187561e-6
234	( -10.066438037111540282   101.33317500412533718    )	122.46605082922912 2.4911929585869075e-6
235	( -10.066438052111539747   101.33317500332279337    )	122.46605116122225 -5.367637356812338e-7
236	( -10.066438047380490417   101.33317489794382027    )	122.46605105651052 -6.38057144897175e-7
237	( -10.066438042111540696   101.33317499256483529    )	122.4660509398935 1.3689439981590112e-6
238	( -10.066438046842590026   101.33317509794379419    )	122.46605104460524 1.4702374073749525e-6
239	( -10.066438046297189857   101.3331749479438173     )	122.46605103253397 8.004235496628098e-8
240	( -10.06643804385413965    101.33317479794382621    )	122.46605097846223 -9.281012580686365e-7
241	( -10.06643804325767988    101.33317484794382324    )	122.46605096526086 -3.080168653468718e-7
242	( -10.066438049336699834   101.33317504794382558    )	122.46605109980706 4.6810157527943375e-7
243	( -10.06643805129719027    101.33317488715360355    )	122.46605114319836 -1.534503724087699e-6
244	( -10.066438041297189443   101.33317500873404526    )	122.46605092186958 1.694588434020261e-6
245	( -10.06643804431170075    101.33317489794382027    )	122.46605098858937 -2.0221619934090995e-8
246	( -10.066438038355229878   101.33317474794381496    )	122.46605085675554 -3.21012691983924e-7
247	( -10.066438039311700336   101.33317487378762678    )	122.46605087792499 7.448603867032944e-7
248	( -10.066438049311699388   101.33317492210001376    )	122.46605109925373 -7.853032002458349e-7
249	( -10.06643804310389001    101.33317499794381433    )	122.46605096185705 1.2229453716372518e-6
250	( -10.066438045519509714   101.33317479794382621    )	122.46605101532167 -1.2633881851797923e-6
251	( -10.066438046311699139   101.33317494297176609    )	122.46605103285509 2.7400659519116743e-8
252	( -10.066438042311700585   101.33317485291587445    )	122.46605094432363 -6.784347306165728e-8
253	( -10.06643804251057972    101.3331749479438173     )	122.4660509487254 8.423958774983475e-7
254	( -10.066438046112820004   101.33317484794382324    )	122.46605102845334 -8.828386910408881e-7
255	( -10.066438044556290876   101.33317491794382192    )	122.46605099400286 1.3053536918050668e-7
256	( -10.066438044067119506   101.33317487794381861    )	122.46605098317609 -1.709803143512545e-7
257	( -10.066438043311700667   101.33317490283552331    )	122.4660509664565 2.3002428406471154e-7
258	( -10.066438045311700833   101.33317489305211723    )	122.46605101072225 -2.704673818243464e-7
259	( -10.066438043811700709   101.33317489260889488    )	122.46605097752294 2.7093562948721228e-8
260	( -10.066438044811700792   101.33317490327874566    )	122.46605099965582 -6.753666070835607e-8
261	( -10.066438044044950573   101.33317490794381399    )	122.46605098268543 1.3348284255698672e-7
262	( -10.066438044578449151   101.33317488794382655    )	122.46605099449329 -1.7392565609952726e-7
263	( -10.066438044340760172   101.33317490294382424    )	122.46605098923254 2.392795295236283e-8
264	( -10.066438044111700734   101.3331748986703218     )	122.4660509841628 2.7309141614750843e-8
265	( -10.066438044282639552   101.3331748929438163     )	122.46605098794618 -6.437076649490336e-8
266	( -10.066438044511700767   101.33317489721731874    )	122.46605099301595 -6.775238148293283e-8
267	( -10.066438044299060195   101.33317489994381333    )	122.4660509883096 2.3231905288412236e-9
268	( -10.066438044261140305   101.33317490594380672    )	122.46605098747033 6.995762191763788e-8
269	( -10.066438044241680316   101.33317489494379515    )	122.46605098703962 -3.6124703228779254e-8
270	( -10.066438044356440074   101.3331749049438173     )	122.46605098957959 4.07710842864617e-8
271	( -10.066438044499060211   101.33317489850935544    )	122.46605099273619 -5.228713462201995e-8
272	( -10.066438044099060178   101.33317490137828543    )	122.46605098388304 5.69337998967967e-8
273	( -10.066438044252029371   101.33317489794382027    )	122.46605098726869 -8.208047574953525e-9
274	( -10.0664380443460999     101.33317490194380639    )	122.46605098935073 1.2852723330070148e-8
275	( -10.066438044399060203   101.33317489900314001    )	122.4660509905229 -2.7216344733460573e-8
276	( -10.066438044199060187   101.33317490088448665    )	122.46605098609632 3.186286789969017e-8
277	( -10.066438044297850496   101.33317489894379548    )	122.46605098828283 -7.433413884427864e-9
278	( -10.066438044349059311   101.33317489991965488    )	122.46605098941623 -7.98465293883055e-9
279	( -10.066438044300269894   101.33317490094381697    )	122.46605098833638 1.2079794942110311e-8
280	( -10.066438044249059303   101.33317489996795757    )	122.46605098720295 1.2631318213607301e-8
281	( -10.066438044319060197   101.33317490018326623    )	122.46605098875227 6.912159733474255e-10
282	( -10.066438044379060202   101.33317490090162494    )	122.46605099008023 -4.204991910228273e-9
283	( -10.066438044369059313   101.33317490036509412    )	122.46605098985889 -7.556764103355817e-9
284	( -10.066438044269059304   101.33317490000142413    )	122.4660509876456 8.93933815859782e-9
285	( -10.066438044328149815   101.3331748991832626     )	122.46605098895344 -1.1138894251416787e-8
286	( -10.066438044309970579   101.33317490118325566    )	122.46605098855109 1.2521041981017333e-8
287	( -10.066438044301689203   101.33317489968328573    )	122.4660509883678 -8.112976956908824e-10
288	( -10.066438044336429414   101.33317490068326094    )	122.46605098913669 2.1942980765743414e-9
289	( -10.066438044339060198   101.33317489974893988    )	122.46605098919493 -7.67869323681225e-9
290	( -10.066438044299060195   101.3331749006176068     )	122.4660509883096 9.061125183507102e-9
291	( -10.066438044329059309   101.33317490024887775    )	122.46605098897358 -6.657785434072139e-10
292	( -10.0664380443590602     101.33317490044572651    )	122.46605098963758 -4.73733052785974e-9
293	( -10.066438044309059308   101.33317489985701343    )	122.46605098853092 -5.579181561188307e-10
294	( -10.066438044249059303   101.33317489868142047    )	122.46605098720295 -2.34052777159377e-10
295	( -10.066438044069059288   101.3331748951546416     )	122.46605098321902 7.37401251171832e-10
296	( -10.066438044276619479   101.33317490068141353    )	122.46605098781293 1.4217249599823845e-8
297	( -10.066438044221499126   101.3331748966814132     )	122.46605098659296 -1.468549726268975e-8
298	( -10.066438044149059294   101.33317489923267374    )	122.46605098498965 2.5411424076082767e-8
299	( -10.066438044349059311   101.333174898130153      )	122.46605098941623 -2.5879671738948673e-8
300	( -10.066438044199060187   101.33317489839612335    )	122.46605098609632 6.979234967730008e-9
301	( -10.066438044299060195   101.33317489896671759    )	122.4660509883096 -7.447766847690218e-9
302	( -10.066438044234789828   101.33317489968142411    )	122.46605098688713 1.2638849966606358e-8
303	( -10.066438044263330553   101.33317489768141684    )	122.46605098751881 -1.3107239738019416e-8
304	( -10.066438044229059301   101.33317489864910499    )	122.4660509867603 3.469295961622265e-9
305	( -10.066438044269059304   101.33317489871373596    )	122.4660509876456 -3.937543624488171e-9
306	( -10.066438044247769668   101.33317489918141519    )	122.4660509871744 5.025526661484037e-9
307	( -10.066438044250350714   101.33317489818142576    )	122.46605098723153 -5.494058541444247e-9
308	( -10.066438044254249817   101.33317489888142404    )	122.46605098731783 7.209166597021976e-10
309	( -10.066438044243870564   101.3331748984814169     )	122.46605098708811 -1.1894485396624077e-9
310	( -10.06643804423906019    101.33317489878525919    )	122.46605098698164 2.8174440558359493e-9
311	( -10.066438044259060192   101.33317489857758176    )	122.4660509874243 -3.2859759357961593e-9
312	( -10.066438044249569117   101.33317489878142226    )	122.46605098721423 6.633626981056295e-10
313	( -10.066438044244060634   101.33317489869158123    )	122.46605098709232 8.739675649849232e-10
314	( -10.066438044248549488   101.33317489858141869    )	122.46605098719166 -1.1314682524243835e-9
315	( -10.066438044254059747   101.33317489867125971    )	122.46605098731362 -1.3423573363979813e-9
316	( -10.066438044247059125   101.33317489867798145    )	122.46605098715868 1.3429257705865894e-10
317	( -10.066438044241060368   101.33317489866766437    )	122.46605098702591 1.2387602055241587e-9
318	( -10.066438044245490602   101.33317489862797345    )	122.46605098712396 -5.002220859751105e-11
319	( -10.066438044240790362   101.33317489847793524    )	122.46605098701993 -6.041034339432372e-10
320	( -10.066438044235489713   101.33317489854645999    )	122.46605098690262 1.148237060988322e-9
321	( -10.066438044255489714   101.33317489870948691    )	122.46605098734527 -1.24799726108904e-9
322	( -10.066438044237340677   101.33317489872797523    )	122.46605098694357 2.5907809231284773e-9
323	( -10.066438044253640527   101.33317489852798587    )	122.46605098730434 -2.6906832317763474e-9
324	( -10.06643804424144939    101.33317489857797966    )	122.46605098703452 2.6361135496699717e-10
325	( -10.066438044249540695   101.33317489867795302    )	122.4660509872136 -3.6564529182214756e-10
326	( -10.066438044240490157   101.33317489866841754    )	122.46605098701329 1.361115664622048e-9
327	( -10.06643804425048927    101.33317489858751514    )	122.4660509872346 -1.461017973269918e-9
328	( -10.066438044245790806   101.33317489864795391    )	122.4660509871306 8.93862761586206e-11
329	( -10.066438044245190397   101.33317489860797878    )	122.46605098711731 -1.8957280190079473e-10
330	( -10.066438044243490424   101.33317489863100036    )	122.46605098707968 3.82982534574694e-10
331	( -10.06643804424749078    101.33317489862494654    )	122.46605098716823 -4.830269517697161e-10
332	( -10.066438044244589989   101.3331748986179548     )	122.46605098710403 3.112177182629239e-11
333	( -10.066438044241889926   101.33317489858789884    )	122.46605098704427 2.7412738745624665e-10
334	( -10.066438044244099714   101.33317489859796012    )	122.46605098709317 -7.02016222930979e-11
335	( -10.066438044245080263   101.33317489863793526    )	122.46605098711488 1.3216094885137863e-10
336	( -10.066438044246590167   101.33317489861299521    )	122.4660509871483 -4.212097337585874e-10
337	( -10.066438044242589811   101.33317489862290017    )	122.46605098705976 4.831690603168681e-10
338	( -10.066438044244669925   101.33317489860796456    )	122.46605098710579 -8.483880264975596e-11
339	( -10.066438044244510053   101.33317489862795924    )	122.46605098710225 1.4722445484949276e-10
340	( -10.066438044245590078   101.33317489861879324    )	122.46605098712617 -1.6186163520615082e-10
341	( -10.0664380442435899     101.33317489861711636    )	122.46605098708189 2.241051788587356e-10
342	( -10.066438044245089145   101.33317489862257332    )	122.46605098711507 -2.3163693185779266e-11
343	( -10.066438044246590167   101.3331748986364147     )	122.4660509871483 -1.8701484805205837e-10
344	( -10.066438044244449657   101.33317489861255467    )	122.46605098710091 5.4001247917767614e-12
345	( -10.066438044242529415   101.33317489858249871    )	122.46605098705842 9.137579581874888e-11
346	( -10.066438044243840366   101.33317489859256       )	122.46605098708743 -7.190692485892214e-11
347	( -10.066438044245060723   101.33317489863253513    )	122.46605098711444 8.213874025386758e-11
348	( -10.066438044246449834   101.333174898606444      )	122.4660509871452 -4.5844217311241664e-10
349	( -10.066438044242449479   101.33317489861866534    )	122.46605098705665 4.691003141488181e-10
350	( -10.066438044245220595   101.33317489862255911    )	122.46605098711798 -4.988010005035903e-11
351	( -10.066438044243680494   101.33317489860256444    )	122.46605098708389 6.02540239924565e-11
352	( -10.066438044245449746   101.33317489860479554    )	122.46605098712305 -2.7355895326763857e-10
353	( -10.066438044243449568   101.33317489862029959    )	122.46605098707879 2.8407498575688805e-10
354	( -10.066438044244950589   101.33317489861425997    )	122.46605098711201 -7.844391802791506e-11
355	( -10.066438044244620187   101.33317489860756666    )	122.4660509871047 -7.887024366937112e-11
356	( -10.0664380442439505     101.33317489861083516    )	122.46605098708987 8.86757334228605e-11
357	( -10.066438044244279126   101.33317489861755689    )	122.46605098709715 8.967049325292464e-11
358	( -10.066438044244469197   101.33317489861056515    )	122.46605098710135 -1.8474111129762605e-11
359	( -10.066438044244430117   101.3331748986145584     )	122.46605098710049 2.927436071331613e-11
360	( -10.066438044244650385   101.3331748986127252     )	122.46605098710536 -3.339550858072471e-11
361	( -10.066438044244250705   101.33317489861238414    )	122.46605098709652 4.362732397567015e-11
362	( -10.066438044244549133   101.33317489861353522    )	122.46605098710312 -4.831690603168681e-12
363	( -10.066438044244849337   101.33317489861647687    )	122.46605098710977 -3.595346242946107e-11
364	( -10.066438044244529593   101.33317489861553895    )	122.46605098710269 1.9042545318370685e-11
365	( -10.066438044244570449   101.3331748986115457     )	122.4660509871036 -2.913225216616411e-11
366	( -10.066438044244350181   101.33317489861329364    )	122.46605098709871 3.282707439211663e-11
367	( -10.066438044244749861   101.33317489861376259    )	122.46605098710756 -4.305888978706207e-11
368	( -10.066438044244579331   101.33317489861451577    )	122.46605098710378 -1.1368683772161603e-12
369	( -10.066438044244669925   101.33317489861745742    )	122.46605098710579 1.0089706847793423e-11
370	( -10.066438044244570449   101.3331748986165195     )	122.4660509871036 2.0605739337042905e-11
371	( -10.066438044244589989   101.33317489861252625    )	122.46605098710403 -2.3163693185779266e-11
372	( -10.066438044244380379   101.33317489861444471    )	122.4660509870994 3.822719918389339e-11
373	( -10.066438044244780059   101.33317489861458682    )	122.46605098710823 -4.092726157978177e-11
374	( -10.066438044244479855   101.33317489861431682    )	122.46605098710158 1.6910917111090384e-11
375	( -10.066438044244680583   101.33317489861471472    )	122.46605098710603 -1.9610979506978765e-11
376	( -10.066438044244579331   101.33317489861501315    )	122.46605098710378 3.836930773104541e-12
377	( -10.066438044244579331   101.33317489861401839    )	122.46605098710378 -6.110667527536862e-12
378	( -10.066438044244600647   101.3331748986146863     )	122.46605098710427 -3.694822225952521e-12
379	( -10.066438044244600647   101.33317489861431682    )	122.46605098710427 -7.389644451905042e-12
