1	(   2                        2                      )	-0.3905620875658997 25.0
2	(   1                        3                      )	-2.3068528194400546 9.0
3	(  -2                        6                      )	-4.3905620875658995 57.0
4	(   1                        5                      )	-4.306852819440055 25.0
5	(  -1                        3                      )	-2.3068528194400546 9.0
6	(   3                        3                      )	-0.6974149070059541 105.0
7	(   1                        1                      )	-0.3068528194400547 1.0
8	(   1                       -5                      )	5.693147180559945 25.0
9	(   0                        6                      )	-6.0 33.0
10	(   2                       -4                      )	5.6094379124341005 37.0
11	(  -1                       -1                      )	1.6931471805599454 1.0
12	(   0                        3                      )	-3.0 6.0
13	(   0                       -1                      )	1.0 -2.0
14	(   2                       -1                      )	2.6094379124341005 22.0
15	(   2                        3                      )	-1.3905620875658997 30.0
16	(   0.94999999999999995559   2                      )	-1.356831189246296 3.619506249999999
17	(   1.0500000000000000444    0                      )	0.7431271128649661 0.42050624999999986
18	(   1.0500000000000000444   -3                      )	3.743127112864966 9.420506249999999
19	(   0.05000000000000000278  -2                      )	2.002496880198587 1.00500625
20	(   0.05000000000000000278   2                      )	-1.9975031198014128 1.00500625
21	(   2.0499999999999998224   -2                      )	3.6491392792856523 27.066006249999997
22	(   2.0499999999999998224    2                      )	-0.3508607207143477 27.066006249999997
23	(   1.1999999999999999556   -3                      )	3.8919980393051103 10.9536
24	(   1.3999999999999999112   -1                      )	2.085189268335969 5.7616
25	(   0.55000000000000004441  -1                      )	1.264285494645385 -1.3034937500000003
26	(   0.69999999999999995559   1                      )	-0.6012238800426322 -0.7799
27	(   1.5500000000000000444    1                      )	0.22451045554348426 8.577006250000002
28	(   0.88000000000000000444   0.5                    )	0.07346233761396548 -0.6015046399999999
29	(   0.8499999999999999778   -0.41999999999999998446 )	0.9637767239056765 -0.85659375
30	(   1.2199999999999999734   -0.5                    )	1.4116399336587278 2.4421345599999995
31	(   1.25                     0.41999999999999998446 )	0.5209833444645267 2.74280625
32	(   1.0300000000000000266   -0.2000000000000000111  )	0.9231427805953258 0.28730881000000075
33	(   0.96999999999999997335  -0.80000000000000004441 )	1.4631517830245446 0.40709280999999997
34	(   0.93000000000000004885   0.2999999999999999889  )	0.32320743235526356 -0.43214799000000026
35	(   0.82999999999999996003  -0.4500000000000000111  )	0.9740774294417385 -0.9451167900000006
36	(   1.1299999999999998934   -0.69999999999999995559 )	1.5228148686819818 1.6742736099999975
37	(   1.2299999999999999822    0.05000000000000000278 )	0.8714374646936849 2.3171664100000013
38	(   0.93000000000000004885  -0.39000000000000001332 )	1.0132074323552636 -0.3700479900000002
39	(   0.93000000000000004885   0                      )	0.6232074323552635 -0.5221479900000001
40	(   1.1299999999999998934   -0.01000000000000000021 )	0.8328148686819817 1.184373609999997
41	(   1.1299999999999998934   -0.4000000000000000222  )	1.2228148686819817 1.3442736099999975
42	(   0.97999999999999998224  -0.17999999999999999334 )	0.8531485340532554 -0.12443184000000018
43	(   0.82999999999999996003  -0.11999999999999999556 )	0.6440774294417385 -1.1332167900000005
44	(   1.0300000000000000266    0.02000000000000000042 )	0.7031427805953258 0.24770881000000067
45	(   0.93000000000000004885  -0.38000000000000000444 )	1.0032074323552636 -0.37774799000000003
46	(   1.0800000000000000711   -0.28000000000000002665 )	1.053066803735819 0.7716889600000014
47	(   0.88000000000000000444  -0.08000000000000000167 )	0.6534623376139654 -0.8451046399999997
48	(   1.000199999999999978    -0.08000000000000000167 )	0.773347180558612 0.008000320032000907
49	(   1.0602000000000000313    0.22000000000000000111 )	0.5333124215830614 0.5598781224979223
50	(   0.92020000000000001794  -0.28000000000000002665 )	0.8934371058912498 -0.5110478064345578
51	(   0.90020000000000000018   0.08999999999999999667 )	0.5035257426234176 -0.7144965255711986
52	(   1.080200000000000049     0.11999999999999999556 )	0.6532662114746353 0.7095610895705624
53	(   1.1002000000000000668   -0.25                   )	1.0431916088314466 0.9485451704352013
54	(   1.0607999999999999652    0.22000000000000000111 )	0.5339113879279815 0.5652858079952905
55	(   0.96150000000000002132  -0.17999999999999999334 )	0.8346569705242795 -0.2639680694349371
56	(   1.0388999999999999346    0.02000000000000000042 )	0.7120376516893314 0.32394342528050224
57	(   0.95020000000000004459   0                      )	0.6433685490175665 -0.37904755336959806
58	(   1.0502000000000000224   -0.16000000000000000333 )	0.9033268741241989 0.4478726946336007
59	(   0.99060000000000003606  -0.02999999999999999889 )	0.7137473199702177 -0.07359643452850939
60	(   0.96179999999999998828   0.11999999999999999556 )	0.5349567412922109 -0.2797469224906224
61	(   1.0193000000000000949   -0.13000000000000000444 )	0.8424459995935035 0.17430881497679973
62	(   0.96189999999999997726   0.07000000000000000666 )	0.5850566656919047 -0.2885062381924075
63	(   1.0405999999999999694    0.02999999999999999889 )	0.7037363607810545 0.3391572907546889
64	(   0.94059999999999999165  -0.08999999999999999667 )	0.7237837044148965 -0.4396990090117101
65	(   0.99029999999999995808   0.02000000000000000042 )	0.6634473337830216 -0.07645092183907165
66	(   0.98939999999999994618   0.17000000000000001221 )	0.5125473806473989 -0.05500587143923097
67	(   0.98670000000000002149   0.61999999999999999556 )	0.05984757659817752 0.2794057407420718
68	(   1.0102999999999999758    0.36999999999999999556 )	0.3334469998398685 0.2201531021630876
69	(   0.96850000000000002753  -0.02999999999999999889 )	0.6916525144925705 -0.2432860389399365
70	(   1.0394000000000001016    0.08999999999999999667 )	0.6425372832121692 0.33596594175756955
71	(   0.93940000000000001279   0.25                   )	0.3825859979811994 -0.39379781383603074
72	(   1.0068999999999999062    0.27000000000000001776 )	0.43004712609100226 0.12848219630271185
73	(   1.009400000000000075     0.08000000000000000167 )	0.6225470431015455 0.08231021014348983
74	(   0.96940000000000003944   0.26000000000000000888 )	0.4025520669331989 -0.16982285369395056
75	(   0.97189999999999998614   0.07000000000000000666 )	0.5950509573780145 -0.21367124868004783
76	(   0.99939999999999995506   0.21970000000000000639 )	0.4728471805959614 0.04347096913612969
77	(   1.0294000000000000927    0.36969999999999997309 )	0.3528430374877883 0.3788953658542109
78	(   0.98990000000000000213   0.31969999999999998419 )	0.36334735358278847 0.02222005920204051
79	(   0.96140000000000003233   0.6197000000000000286  )	0.03485704774908349 0.08691994015680216
80	(   0.87139999999999995239   1.5197000000000000508  )	-0.9547624208064263 1.4047581474969615
81	(   0.99139999999999994795   0.11970000000000000084 )	0.5648472872553909 -0.05388276875391851
82	(   0.93140000000000000568   1.1196999999999999176  )	-0.49509617054786104 0.7413066006355207
83	(   0.86140000000000005453   0.46970000000000000639 )	0.08533959597998197 -0.7447832092607984
84	(   1.0613999999999998991    0.7697000000000000508  )	-0.015189665699587573 1.1147378847744012
85	(   0.8759000000000000119    1.5197000000000000508  )	-0.9503031685241391 1.4324867928646565
86	(   0.97929999999999994831   0.4197000000000000175  )	0.25274868199090544 0.013940714631679896
87	(   0.94350000000000000533   0.81969999999999998419 )	-0.18302145652481472 0.24473483196006285
88	(   0.91139999999999998792   0.54969999999999996643 )	0.05497107319451611 -0.34655063395199814
89	(   1.0114000000000000767    0.68969999999999997975 )	0.01484693573751883 0.567931713065601
90	(   0.94140000000000001457   0.63970000000000004636 )	-0.00511777258103252 -0.03290535814271811
91	(   0.88139999999999996128   0.69969999999999998863 )	-0.12484888417335316 -0.35316727019327887
92	(   0.89139999999999997016   0.81969999999999998419 )	-0.23492120977635667 -0.1075244287315189
93	(   0.74139999999999994795   1.3596999999999999087  )	-0.9216554395822665 0.2502734723020801
94	(   0.29139999999999999236   3.3597000000000001307  )	-3.2781993156911224 8.464622390602882
95	(   0.87139999999999995239   0.35970000000000001972 )	0.20523757919357377 -0.775345852503039
96	(   0.54139999999999999236   0.35970000000000001972 )	-0.10264676797648303 -2.1984721964531184
97	(   0.61140000000000005453   2.3597000000000001307  )	-2.042112127265032 3.455537896195202
98	(   0.94140000000000001457   2.3597000000000001307  )	-1.7251177725810325 5.126062641857283
99	(   0.29139999999999999236   2.9796999999999997932  )	-2.898199315691122 6.05565039060288
100	(   0.64139999999999997016   1.1996999999999999886  )	-0.8551221598634191 -0.5686869996755188
101	(   0.7713999999999999746    0.85970000000000001972 )	-0.3927899258654277 -0.7167060142406383
102	(   0.84140000000000003677   1.5197000000000000508  )	-0.9844038605004408 1.2265948194796827
103	(   0.71140000000000003233   1.8596999999999999087  )	-1.4501831380105756 1.726791057612802
104	(   0.69140000000000001457   1.3297000000000001041  )	-0.9389872007420167 -0.04731352308671788
105	(   0.54139999999999999236   1.2397000000000000242  )	-0.982646767976483 -0.7910001964531186
106	(   0.78139999999999998348   0.82969999999999999307 )	-0.3531019369069185 -0.7176107754508791
107	(   0.60140000000000004565   1.8297000000000001041  )	-1.520979329085065 1.201979850189442
108	(   0.59140000000000003677   0.8697000000000000286  )	-0.5697776760114006 -1.421786157464318
109	(   0.79139999999999999236   1.7897000000000000686  )	-1.3033839201824673 1.847923186490882
110	(   0.74139999999999994795   1.3496999999999998998  )	-0.9116554395822665 0.22317947230208013
111	(   0.64139999999999997016   1.3097000000000000863  )	-0.9651221598634192 -0.2926529996755187
112	(   0.6875                   1.5297000000000000597  )	-1.1426322570315517 0.5086985206640628
113	(   0.69530000000000002913   1.1296999999999999265  )	-0.735334876076551 -0.523177475616432
114	(   0.6713999999999999968    1.419699999999999962   )	-1.047600063307201 0.12030477922176175
115	(   0.71140000000000003233   1.2397000000000000242  )	-0.8301831380105757 -0.19483694238719762
116	(   0.70860000000000000764   1.4296999999999999709  )	-1.0228265773657652 0.3003884388268814
117	(   0.67420000000000002149   1.2297000000000000153  )	-0.8550064230585974 -0.37213489115698994
118	(   0.70140000000000002345   1.321800000000000086   )	-0.9217079945220112 -0.02689426991295818
119	(   0.68140000000000000568   1.3375999999999999002  )	-0.9562186172250157 -0.0666342955084791
120	(   0.69299999999999994937   1.3796999999999999265  )	-0.9874896831320403 0.09470919200099992
121	(   0.68979999999999996874   1.2797000000000000597  )	-0.8904834950204249 -0.18431131295807823
122	(   0.73140000000000005009   1.3018000000000000682  )	-0.8733048247922841 0.05074234012032175
123	(   0.72140000000000004121   1.3018000000000000682  )	-0.8828147292559392 0.0063540130905614944
124	(   0.78139999999999998348   1.2418000000000000149  )	-0.7652019369069185 0.13605437454912117
125	(   0.6713999999999999968    1.2518000000000000238  )	-0.8797000633072011 -0.32824007077823847
126	(   0.7713999999999999746    1.3517999999999998906  )	-0.8848899258654276 0.3715731357593617
127	(   0.73289999999999999591   1.1017999999999998906  )	-0.6718748852139105 -0.4232299713793921
128	(   0.70989999999999997549   1.5018000000000000238  )	-1.09369969374507 0.5172929358431597
129	(   0.74139999999999994795   1.2518000000000000238  )	-0.8137554395822666 -0.031507377697919114
130	(   0.70140000000000002345   1.3517999999999998906  )	-0.951707994522011 0.053313730087041655
131	(   0.7116000000000000103    1.2017999999999999794  )	-0.7920941897265663 -0.28651244498480644
132	(   0.7311999999999999611    1.401799999999999935   )	-0.973495416438142 0.32020442090383305
133	(   0.73140000000000005009   1.2746999999999999442  )	-0.846204824792284 -0.01908080987967864
134	(   0.71140000000000003233   1.3288999999999999702  )	-0.9193831380105757 0.034282177612801945
135	(   0.7159999999999999698    1.2518000000000000238  )	-0.8379329538998881 -0.14486858566400018
136	(   0.7268000000000000016    1.3517999999999998906  )	-0.9276844051789769 0.16287535819829646
137	(   0.71640000000000003677   1.3091999999999999194  )	-0.8949542481563306 0.003866525382681729
138	(   0.70140000000000002345   1.3313999999999999169  )	-0.9313079945220111 -0.001423549912958677
139	(   0.65639999999999998348   1.401399999999999979   )	-1.0431236669694997 0.011285046852121283
140	(   0.68140000000000000568   1.2914000000000001034  )	-0.9100186172250159 -0.1880940955084789
141	(   0.72140000000000004121   1.3713999999999999524  )	-0.9524147292559391 0.19240873309056106
142	(   0.70969999999999999751   1.2314000000000000501  )	-0.823488493432933 -0.22261827106267162
143	(   0.69310000000000004938   1.4314000000000000057  )	-1.039096047864792 0.24045343584151269
144	(   0.65639999999999998348   1.3979999999999999094  )	-1.0397236669694996 0.0017670868521211247
145	(   0.5213999999999999746    1.598000000000000087   )	-1.3575212079839227 0.17122667041536221
146	(   0.63639999999999996572   1.4179999999999999272  )	-1.077959166971412 -0.015237062375399013
147	(   0.67640000000000000124   1.3779999999999998916  )	-1.001265724461555 0.02323968868764137
148	(   0.65139999999999997904   1.2980000000000000426  )	-0.944304117060335 -0.28650295426175854
149	(   0.66139999999999998792   1.4979999999999999982  )	-1.1351293173513115 0.3102663875040008
150	(   0.5213999999999999746    1.5978000000000001091  )	-1.3573212079839228 0.1705875104153618
151	(   0.6463999999999999746    1.3963000000000000966  )	-1.0471703785469086 -0.0400960075376382
152	(   0.66639999999999999236   1.3996999999999999442  )	-1.0322213547787777 0.04455301439388126
153	(   0.65669999999999995044   1.348000000000000087   )	-0.9894483950915375 -0.1344054398510881
154	(   0.65610000000000001652   1.4479999999999999538  )	-1.089998888809912 0.1429404388851836
155	(   0.65904300000000004545   1.3779999999999998916  )	-1.017296807266381 -0.04379143164008914
156	(   0.65139999999999997904   1.3873999999999999666  )	-1.033704117060335 -0.046428194261758815
157	(   0.65375700000000003254   1.4179999999999999272  )	-1.0621466429370545 0.04818966432507121
158	(   0.66139999999999998792   1.4086000000000000743  )	-1.0457293173513116 0.05041634750400181
159	(   0.65792099999999997806   1.3879999999999999005  )	-1.0283275235853109 -0.02036809934911954
160	(   0.6548789999999999889    1.4079999999999999183  )	-1.0511185241417527 0.024123488084988765
161	(   0.6543999999999999817    1.3904000000000000803  )	-1.0339575310814912 -0.026920170546789635
162	(   0.65839999999999998526   1.4055999999999999606  )	-1.0454875789611768 0.030606545609114022
163	(   0.65739999999999998437   1.3944559999999999178  )	-1.0352618998015666 -0.004367920882942133
164	(   0.65539999999999998259   1.401543999999999901   )	-1.044184878164351 0.007936384792705198
165	(   0.65569100000000002382   1.393000000000000016   )	-1.0353740271959135 -0.014849229000114317
166	(   0.65710900000000005416   1.4030000000000000249  )	-1.0440730272660645 0.01843801245628196
167	(   0.65590000000000003855   1.3984099999999999309  )	-1.040592342207506 0.0010363266471360433
168	(   0.6543999999999999817    1.3996399999999999952  )	-1.0431975310814912 -0.0011402009467902374
169	(   0.64990000000000003322   1.4033400000000000318  )	-1.051015498528009 -0.007500399052599249
170	(   0.65239999999999997993   1.4042399999999999327  )	-1.0496291528441088 0.004298785175577358
171	(   0.65639999999999998348   1.3950400000000000578  )	-1.0367636669694997 -0.006500311547878557
172	(   0.65531700000000003836   1.4096400000000000041  )	-1.052356981633701 0.03038470238372959
173	(   0.65348300000000003607   1.3896399999999999864  )	-1.0340376091384353 -0.03245741949868952
174	(   0.64990000000000003322   1.4033299999999999663  )	-1.0510054985280088 -0.0075284657525998
175	(   0.65339999999999998082   1.4024950000000000472  )	-1.0469686234122872 0.003125901949033505
176	(   0.65539999999999998259   1.3967849999999999433  )	-1.039425878164351 -0.005380862918293872
177	(   0.65497099999999996989   1.4046400000000001107  )	-1.0476741907779759 0.015017406752296125
178	(   0.65382899999999999352   1.3946400000000001018  )	-1.038720688610948 -0.01724482899859403
179	(   0.65390000000000003677   1.401596000000000064   )	-1.0456116474646278 0.002470879026744477
180	(   0.65490000000000003766   1.3976839999999999264  )	-1.0407832745518308 -0.004741344330120079
181	(   0.65488911999999999125   1.401639999999999997   )	-1.0447492477035045 0.006292056692700498
182	(   0.65391087999999997216   1.3976399999999999935  )	-1.041645680345773 -0.00856227221721051
183	(   0.65459999999999995968   1.3999269999999999214  )	-1.0433012452710368 0.00041116945034502805
184	(   0.65520000000000000462   1.4007879999999999221  )	-1.0436122534838148 0.005068463655961253
185	(   0.65410000000000001474   1.4012929999999998998  )	-1.0451254177474434 0.0023685846761765106
186	(   0.65510000000000001563   1.3985609999999999431  )	-1.0414769327636184 -0.0015402283598802136
187	(   0.6542586099999999627    1.3979269999999999197  )	-1.0416140914567809 -0.006460936783304838
188	(   0.65494138999999995665   1.4019269999999999232  )	-1.0449883338044468 0.007292341159526039
189	(   0.6543999999999999817    1.39963700000000002    )	-1.0431945310814912 -0.0011485987777901663
190	(   0.65480000000000004867   1.4002170000000000449  )	-1.0434079370556235 0.0019714715590417597
191	(   0.65465808999999997031   1.3989270000000000316  )	-1.0422480057077568 -0.0021703900182803437
192	(   0.65454190999999994904   1.4009270000000000334  )	-1.0443544829442082 0.002994759768222721
193	(   0.65449999999999997069   1.4000156500000000559  )	-1.0434815409780391 0.000285391329985174
194	(   0.65420000000000000373   1.4002816499999999333  )	-1.0440224444685047 -9.116033330824891e-5
195	(   0.65329999999999999183   1.4010796500000000098  )	-1.045644851724116 -0.0012150346510853005
196	(   0.65059999999999995612   1.403473650000000017   )	-1.0505093299187709 -0.004534730593948044
197	(   0.65249400000000001842   1.4060796499999999032  )	-1.0513827671095255 0.009818539379272906
198	(   0.65410599999999996523   1.3960796499999998943  )	-1.0399065705089647 -0.012192682953924283
199	(   0.65429999999999999272   1.4051096499999999878  )	-1.0487588155790832 0.013826987733202678
200	(   0.65229999999999999094   1.3970496500000000317  )	-1.0425303247386921 -0.0162154536226935
201	(   0.6528000000000000469    1.4027916499999999456  )	-1.0478146587674313 0.0017220748463877555
202	(   0.65129999999999999005   1.407927649999999975   )	-1.0543232323057907 0.01058223749957854
203	(   0.65180000000000004601   1.4011886499999999245  )	-1.0471268493481456 -0.006492108537480057
204	(   0.65380000000000004778   1.4043946499999999666  )	-1.0485019038982488 0.009950511224335656
205	(   0.65312099999999995159   1.3977916500000000521  )	-1.0425207628391269 -0.011084981747057299
206	(   0.65247900000000003118   1.407791650000000061   )	-1.053108496550919 0.014580070532249856
207	(   0.65326236000000004189   1.4007916499999999438  )	-1.0453913203420893 -0.002162308469482177
208	(   0.6523376400000000519    1.4047916499999999473  )	-1.0502378765610634 0.005616406475531299
209	(   0.65229999999999999094   1.400942649999999956   )	-1.0464233247386923 -0.005322869598793911
210	(   0.65329999999999999183   1.4046406499999999351  )	-1.0492058517241158 0.008776135337214441
211	(   0.6525999999999999579    1.4022566499999999934  )	-1.047462742100803 -0.0005232351874795427
212	(   0.65200000000000002398   1.4006516499999999148  )	-1.0464068564863354 -0.007253544536276912
213	(   0.65210000000000001297   1.4037156500000000925  )	-1.049379351562125 0.0017107495029708986
214	(   0.65310000000000001386   1.4007976499999998943  )	-1.0455459914515548 -0.0027506848555249874
215	(   0.65296483000000005159   1.4042566499999999952  )	-1.0491287536707028 0.006448344295160169
216	(   0.65223516999999997523   1.4002566499999999916  )	-1.0457966553619318 -0.007485602035288252
217	(   0.65239999999999997993   1.4024826500000000529  )	-1.047871802844109 -0.0006336088734002487
218	(   0.65180000000000004601   1.4031606500000000093  )	-1.049098849348146 -0.0009619317178799491
219	(   0.6500000000000000222    1.4051946500000001006  )	-1.0527787629816512 -0.0019217456113773679
220	(   0.64459999999999995079   1.4112946500000000949  )	-1.063805353239535 -0.004581228837471585
221	(   0.65200000000000002398   1.4049946499999999006  )	-1.0507498564863353 0.004931377344622234
222	(   0.64800000000000002043   1.4053946500000000785  )	-1.0548053863059974 -0.008738508535377498
223	(   0.65004700000000004145   1.4151946500000001095  )	-1.0627358098029218 0.026455986906707807
224	(   0.64995300000000000296   1.3951946500000000917  )	-1.0428217148995023 -0.030099458093832077
225	(   0.64459999999999995079   1.4112966499999999304  )	-1.063807353239535 -0.004575583654871984
226	(   0.64925200000000005129   1.410194649999999994   )	-1.0584621883764234 0.009391259151453113
227	(   0.65100000000000002309   1.4089346499999999551  )	-1.0556045939667755 0.012306135571622967
228	(   0.65074799999999999311   1.4001946499999999851  )	-1.0470950182266938 -0.013179675672300828
229	(   0.64900000000000002132   1.401454650000000024   )	-1.049952361204778 -0.016112581592377495
230	(   0.64949999999999996625   1.405948650000000022   )	-1.053989633587725 -0.0016502601381152004
231	(   0.64800000000000002043   1.4082106500000000082  )	-1.0576213863059973 -0.0008153960105774516
232	(   0.64349999999999996092   1.4150106499999999254  )	-1.068522844201068 0.0019120311234850362
233	(   0.63000000000000000444   1.4354106499999998992  )	-1.1011551542486318 0.011733344133421753
234	(   0.63849999999999995648   1.4154106500000001034  )	-1.0734660924484292 -0.015043374901514639
235	(   0.64849999999999996536   1.4146106499999999695  )	-1.0635649455414162 0.0190919860734855
236	(   0.64341199999999998393   1.3950106499999999077  )	-1.0486029328876532 -0.05460866901361916
237	(   0.64358800000000004893   1.4350106499999999432  )	-1.0884427509764347 0.059232800717353484
238	(   0.64149999999999995914   1.4147106499999999585  )	-1.0700419180405347 -0.006198714531515215
239	(   0.6454999999999999627    1.4153106499999998924  )	-1.0670014263232184 0.010058833238484333
240	(   0.64356199999999996741   1.4050106499999999166  )	-1.0584664153559404 -0.02606249248328485
241	(   0.64343799999999995443   1.4250106499999999343  )	-1.0785792707935797 0.03008658920750129
242	(   0.64249999999999996003   1.4152796500000000002  )	-1.069701675303042 -0.0009620122568145817
243	(   0.63949999999999995737   1.4160866500000000023  )	-1.0732346289789245 -0.009529613611714893
244	(   0.64168599999999997863   1.4202796499999998936  )	-1.0754418435396944 0.01026318677323168
245	(   0.64449999999999996181   1.4173156499999999269  )	-1.0699174270904834 0.012084903824984394
246	(   0.64331400000000005246   1.4102796500000001068  )	-1.063961117218511 -0.01213127861674268
247	(   0.64049999999999995826   1.4132436500000000734  )	-1.0694835700537406 -0.013964823014615213
248	(   0.64189200000000001811   1.417279650000000002   )	-1.0722545651522992 0.002497166157357178
249	(   0.64310800000000001297   1.4132796499999999984  )	-1.0671485679566939 -0.004409880819398637
250	(   0.64349999999999996092   1.4164956500000001061  )	-1.070007844201068 0.006116817978985445
251	(   0.64149999999999995914   1.4140636499999998943  )	-1.0693949180405347 -0.0080289315036155
252	(   0.64200363000000004732   1.41627964999999989    )	-1.0711530698093659 6.837392592462521e-5
253	(   0.64051462999999997372   1.4192796500000000037  )	-1.0755062807439877 0.003185147288770729
254	(   0.64100363000000004643   1.4167626499999999012  )	-1.0725450196242496 -0.002185265824190097
255	(   0.64300363000000004821   1.4157966500000001009  )	-1.069760530459156 0.0023314262799702945
256	(   0.64224563000000001178   1.4182796499999998918  )	-1.072933015268021 0.006615360169279327
257	(   0.64176162999999997183   1.4142796500000001103  )	-1.0693730898251825 -0.006470088402478424
258	(   0.64051451999999997611   1.4192796500000000037  )	-1.0755063806640834 0.0031847498405586094
259	(   0.64150362999999999136   1.4171806499999999307  )	-1.0725086185562414 0.0008092047752938925
260	(   0.64000363000000004554   1.4198836500000000527  )	-1.07657437754205 0.0030548387269409005
261	(   0.64050362999999999047   1.416691649999999969   )	-1.0729282727180485 -0.004194090722487331
262	(   0.6417486300000000421    1.4151806499999999289  )	-1.0702859081044278 -0.0039678598833710055
263	(   0.64125863000000005165   1.4191806499999999325  )	-1.0747312935503626 0.005594805956796733
264	(   0.64250362999999999225   1.4176696499999998924  )	-1.0720883736787203 0.005821916839962249
265	(   0.64100363000000004643   1.4177136500000000474  )	-1.0734960196242498 0.0005103211371100258
266	(   0.63950362999999998959   1.4193126499999999535  )	-1.0764573338004215 -0.00036953245446857963
267	(   0.6350036300000000411    1.4241096499999998937  )	-1.085333205738814 -0.002858366078498875
268	(   0.6215036299999999736    1.4385096500000000841  )	-1.1118952987021689 -0.008954451144851383
269	(   0.64000363000000004554   1.4256096499999999505  )	-1.08230037754205 0.019348133362740327
270	(   0.63427663000000000793   1.4341096499999999025  )	-1.0959910241614916 0.023134971169068486
271	(   0.63000363000000003666   1.4226096500000000589  )	-1.088350879994434 -0.024839395386703877
272	(   0.63573062999999996325   1.4141096500000001068  )	-1.0746750669484348 -0.028647031786996457
273	(   0.6215036299999999736    1.4385006499999999363  )	-1.1118862987021687 -0.008980344237552007
274	(   0.63700363000000004288   1.4234776499999999277  )	-1.082889876236527 0.002488103763822913
275	(   0.63300363000000003932   1.4247416500000000816  )	-1.087774110637746 -0.008168682019534579
276	(   0.63525662999999998881   1.4291096500000000091  )	-1.0901042061172306 0.012309761909482297
277	(   0.63475062999999998237   1.4191096500000000002  )	-1.0805621665613705 -0.017975928306583455
278	(   0.63471663000000000388   1.4261096499999998954  )	-1.0875929330404743 0.0018195043124054067
279	(   0.63385563000000000322   1.4321096499999999008  )	-1.0943718148132633 0.015905480120710358
280	(   0.63565762999999997351   1.421109650000000002   )	-1.081741166854743 -0.009061130804956186
281	(   0.6327166300000000021    1.4237576499999999857  )	-1.0870494884408661 -0.01198911008604675
282	(   0.63377563000000003424   1.4311096500000000109  )	-1.0934441618852484 0.012757962109101406
283	(   0.63671663000000000565   1.4284616500000000272  )	-1.088133950295617 0.015674520080477095
284	(   0.63371663000000000299   1.4260616500000000695  )	-1.0884495153533573 -0.0018746727460232648
285	(   0.63071663000000000032   1.4259176499999999255  )	-1.0910155973594429 -0.012904322058873596
286	(   0.63571663000000000476   1.4251036500000000551  )	-1.0856817438924473 0.0025172909530395415
287	(   0.63171663000000000121   1.4270196500000000839  )	-1.0912148499088903 -0.006229524240263462
288	(   0.63467463000000001738   1.4280616500000000713  )	-1.0895829377226138 0.007241263607189907
289	(   0.63275862999999998859   1.4240616500000000677  )	-1.0873155338590093 -0.010974515188887146
290	(   0.63389863000000001847   1.4270616499999999593  )	-1.0892849266517772 0.0016252172831663358
291	(   0.6344446299999999539    1.430061650000000073   )	-1.0917910396113826 0.012138641043286214
292	(   0.63216163000000002992   1.4290616499999999611  )	-1.0928549297363808 0.0011766516858742193
293	(   0.62695062999999995323   1.4350616499999999665  )	-1.1035537923583054 3.786338842814985e-5
294	(   0.61135063000000000599   1.4530616499999999824  )	-1.1355177196782555 -0.0014238975772733475
295	(   0.56455063000000005324   1.5070616500000000304  )	-1.230402041952422 0.010250434448165535
296	(   0.59135062999999998823   1.4596616499999999217  )	-1.1597825884602926 -0.047709742316421
297	(   0.63135063000000002376   1.4464616500000000432  )	-1.1109873268421309 0.04834338520732029
298	(   0.61795062999999994524   1.4730616500000000002  )	-1.1496290749261897 0.07945592328338158
299	(   0.60475062999999995572   1.4330616499999999647  )	-1.1213774536668566 -0.08113410825583323
300	(   0.62135063000000001487   1.4452616499999999533  )	-1.118784479907287 0.009989593001781927
301	(   0.60135062999999999711   1.4608616500000000116  )	-1.1521845877213641 -0.011867188644968163
302	(   0.61915063000000003512   1.4630616499999999913  )	-1.1385553616133364 0.05419970473171176
303	(   0.60355062999999997686   1.4430616499999999736  )	-1.1324396979215847 -0.056331265380535456
304	(   0.60997263000000001565   1.4580616500000000979  )	-1.1417435727864977 0.008510555691504607
305	(   0.61272862999999999634   1.448061650000000089   )	-1.1292906063055703 -0.011292238817379285
306	(   0.61635063000000001043   1.4544396500000000838  )	-1.132437241726348 0.019485861533789617
307	(   0.60635063000000000155   1.4516836500000001031  )	-1.138581605278731 -0.022117732792495737
308	(   0.61335063000000000777   1.4524906500000001053  )	-1.1331653022522477 0.0036527630610452277
309	(   0.61192162999999999418   1.4550616499999999842  )	-1.1370093949081035 0.006311933385122259
310	(   0.60935063000000000422   1.4536326500000000816  )	-1.1378674823540447 -0.006465966121137701
311	(   0.61077963000000001781   1.4510616499999999807  )	-1.1340258280594246 -0.009148962083164847
312	(   0.61141562999999998773   1.4540616500000000944  )	-1.1364598652423317 0.0017016027444958226
313	(   0.61161063000000004397   1.457061649999999986   )	-1.1392862851169134 0.011090318844727776
314	(   0.61193463000000003493   1.4520616500000000926  )	-1.1339978193240474 -0.0023657009626489867
315	(   0.61041562999999998684   1.4530236499999999999  )	-1.1363116228779981 -0.004671633538896103
316	(   0.61089663000000005155   1.4560616500000000961  )	-1.1389217324327539 0.005779192235459973
317	(   0.61241562999999998862   1.4550996499999999667  )	-1.1366074440810505 0.008085479866757339
318	(   0.6109156300000000428    1.4539596500000000479  )	-1.1368028271557065 -0.0002739161260230105
319	(   0.60941562999999998596   1.4536536499999999084  )	-1.1378307145092195 -0.006187637292990544
320	(   0.61191563000000004369   1.4538226499999999941  )	-1.135775737447611 0.0026876405820575044
321	(   0.60991563000000004191   1.4540966500000001016  )	-1.1378292520992364 -0.0032269566792191284
322	(   0.61098463000000002854   1.4559596500000000496  )	-1.1387414322893834 0.005777484656166898
323	(   0.61084662999999994604   1.4519596500000000461  )	-1.1348642188570872 -0.006317276541527583
324	(   0.61075820999999996808   1.4549596499999999377  )	-1.1379428845805801 0.0021068568953070965
325	(   0.61141562999999998773   1.454274649999999891   )	-1.1366728652423315 0.0023210783763953913
326	(   0.61041562999999998684   1.4536446499999999826  )	-1.136932622877998 -0.00286659252459609
327	(   0.6110730500000000065    1.4529596499999999359  )	-1.135662753257272 -0.002652479038319555
328	(   0.6107156299999999538    1.4543671799999999816  )	-1.1373882954049062 0.00024034763354130462
329	(   0.61011563000000001988   1.4555901799999999557  )	-1.139144950410715 0.0017883591594438641
330	(   0.6103112400000000326    1.4553671800000000935  )	-1.1387479963293585 0.0017944565738785556
331	(   0.61112001999999998603   1.4533671800000000918  )	-1.136028485689616 -0.0013103752675234226
332	(   0.61021563000000000887   1.453558179999999922   )	-1.1370240245639855 -0.0037880976782762588
333	(   0.61121563000000000976   1.4551761800000000413  )	-1.1377523999307833 0.004272220828226203
334	(   0.61011563000000001988   1.455589770000000005   )	-1.1391445404107148 0.0017871655756644955
335	(   0.61051562999999997583   1.4542916800000000865  )	-1.1374907070437017 -0.0006498837565311888
336	(   0.6109156300000000428    1.4544426800000000988  )	-1.1372858571557067 0.0011309294514365575
337	(   0.61074583000000004507   1.4538671800000000367  )	-1.1368614284345027 -0.00111247531313019
338	(   0.61068542999999997356   1.4548671799999999266  )	-1.1379151617685657 0.0015936783103756014
339	(   0.61080577000000002563   1.4541671800000000037  )	-1.1371081019287668 -3.899653216032917e-5
340	(   0.61107619000000001908   1.4535671800000000697  )	-1.1362674890862008 -0.0008761357211879428
341	(   0.61100577000000000361   1.4542908100000000449  )	-1.1370537816927422 0.0009916956405602306
342	(   0.61060577000000004766   1.4540435499999999625  )	-1.1371623955633268 -0.0010693190559525334
343	(   0.6107563200000000192    1.4546671799999999486  )	-1.1376520960236773 0.0012495386363848837
344	(   0.61085522000000003207   1.4536671800000000587  )	-1.1365641062076406 -0.0013270109718659384
345	(   0.61090577000000001462   1.4541504100000000044  )	-1.1370023601346981 0.0002477483452114626
346	(   0.61070577000000003665   1.4541839500000000029  )	-1.1372138370724696 -0.0003256560770239503
347	(   0.61081414999999994464   1.4543671799999999816  )	-1.1373006463476891 0.0005708234404666612
348	(   0.6107973899999999956    1.4539671800000000257  )	-1.136915557463143 -0.0006487359094959899
349	(   0.61075577000000003114   1.4542598300000000311  )	-1.137245235332069 6.274233832037623e-5
350	(   0.61085577000000002013   1.4540745299999999762  )	-1.1369709668628734 -0.00014069704208585776
351	(   0.61085209529999995315   1.4542671799999999926  )	-1.1371668863049045 0.00040726578905569966
352	(   0.61075944469999998709   1.4540671800000000147  )	-1.1370493161254385 -0.00048522066144318643
353	(   0.61079296630000001755   1.4542171800000001092  )	-1.1371694931301586 6.347017118457643e-5
354	(   0.61082577000000004563   1.454199189299999917   )	-1.137122317401903 0.00012119493006323978
355	(   0.61081857370000003371   1.4541171799999998981  )	-1.1370467106183528 -0.00014145684582977935
356	(   0.61078577000000000563   1.4541351707000000903  )	-1.1370938861896163 -0.0001991825543918857
357	(   0.61080271389999996057   1.4541871799999999126  )	-1.1371308208910516 8.918143887370888e-6
358	(   0.61079354559999998742   1.4542471800000000837  )	-1.137198977740637 0.00015266744706643465
359	(   0.61081820360000005365   1.4541371800000000292  )	-1.1370670398937635 -8.453339110436886e-5
360	(   0.6107872241999999785    1.4542371800000000182  )	-1.137194601728775 0.00010237671276325244
361	(   0.61078271390000005159   1.4541484558999999699  )	-1.1371098903112504 -0.00017079731778624208
362	(   0.61082271389999998057   1.4542259041000000774  )	-1.1371517512048348 0.0001886399954571516
363	(   0.61079271390000000608   1.4541939995999999535  )	-1.1371465372844045 -4.794674498764806e-6
364	(   0.61076271390000003159   1.4542144584000000762  )	-1.1371936860654124 -4.592748554443915e-5
365	(   0.61081271390000002608   1.4541895626000000963  )	-1.1371243066311942 4.9395304689170416e-5
366	(   0.61077271389999998608   1.4541984366000000328  )	-1.1371687676715874 -5.8981223586940246e-5
367	(   0.61079448869999997118   1.454243999600000059   )	-1.1371949582863745 0.00014658105225784368
368	(   0.61079093910000004097   1.4541439996000000701  )	-1.1370981162803395 -0.00015616537455276358
369	(   0.61078312059999995132   1.4542139996000000846  )	-1.1371750721826674 2.11918164296776e-5
370	(   0.61080230719999994982   1.4541739996000000446  )	-1.1371180023249345 -3.077958529384972e-5
371	(   0.61080271389999996057   1.4542131862000000631  )	-1.1371568270910517 8.455458549150308e-5
372	(   0.61078271390000005159   1.4541748130000000661  )	-1.1371362474112505 -9.414235055515974e-5
373	(   0.61079771390000003883   1.4541928421000001048  )	-1.1371409313960412 8.61216911118845e-6
374	(   0.61078771389999997332   1.4541951571000000243  )	-1.137152143156141 -1.8201303507936473e-5
375	(   0.61079329263199999556   1.454203999600000019   )	-1.1371560224003165 2.6230743898736364e-5
376	(   0.6107921351680000166    1.4541839996000001101  )	-1.1371370521682698 -3.581989005674302e-5
377	(   0.61079204367499995154   1.4541989995999999863  )	-1.137152133567359 7.498929421423384e-6
378	(   0.61079003300000000998   1.4542139996000000846  )	-1.1371689224144297 4.4380064029070354e-5
379	(   0.61078704367500002981   1.4541993637999999223  )	-1.1371569461368667 -8.214892945446195e-6
380	(   0.61077204367500004256   1.4542004563999999522  )	-1.1371713837456263 -5.535508695331259e-5
381	(   0.6107970436749999843    1.4541974087000000271  )	-1.1371460942812244 1.964523454667244e-5
382	(   0.61078899877500003601   1.4542093637999999878  )	-1.1371652067374014 2.7427771430943437e-5
383	(   0.6107770436749999643    1.4542013189000000395  )	-1.1371677979260009 -3.607416512085848e-5
384	(   0.6107850885750000236    1.4541893638000000788  )	-1.13714868553379 -4.385732492062644e-5
385	(   0.61078731654499995862   1.454204363799999955   )	-1.137161703371978 7.242493258452498e-6
386	(   0.61078813515499996711   1.4542193638000000533  )	-1.1371759750770154 5.3614955660030716e-5
387	(   0.61078231654500003689   1.454212136900000063   )	-1.1371739248257662 1.3077044862974674e-5
388	(   0.61076731654500004964   1.4542354561999999429  )	-1.1372105890873652 3.058269621725174e-5
389	(   0.61077231654499997138   1.4542122493000000372  )	-1.1371829338834603 -2.014113388515426e-5
390	(   0.61079231654499999138   1.4542120245000000889  )	-1.137164915701563 4.629607130102187e-5
391	(   0.61078226034500004982   1.454192136899999932   )	-1.1371539748251682 -4.527956636302122e-5
392	(   0.61078237274500002396   1.454232136899999972   )	-1.137193874826362 7.143445611568211e-5
393	(   0.61077731654500000413   1.4542140268999999009  )	-1.1371802631629269 1.8013215301593277e-6
394	(   0.61076231654500001689   1.4542196969000000806  )	-1.137199278074642 -3.20245341187686e-5
395	(   0.61076731654500004964   1.4542333109000000757  )	-1.1372084437873653 2.4343158171902246e-5
396	(   0.61078731654499995862   1.4541947428999999481  )	-1.137152082471978 -2.0738923707241952e-5
397	(   0.61076767454500002774   1.4541940268999999919  )	-1.1371688412893581 -8.871061710280514e-5
398	(   0.61078695854499998052   1.4542340269000000319  )	-1.137191684974662 9.231484821636826e-5
399	(   0.61077231654499997138   1.4542164543000000165  )	-1.1371871388834602 -7.911191186593669e-6
400	(   0.61075731654499998413   1.4542237364999999194  )	-1.1372077659452904 -3.704738716070466e-5
401	(   0.61078231654500003689   1.4542137789000000314  )	-1.1371755668257661 1.785268021681219e-5
402	(   0.61076231654500001689   1.4542191297000000016  )	-1.137198710874642 -3.367420062172499e-5
403	(   0.61077365424499996394   1.4542364542999999255  )	-1.137205948781414 5.474514398073893e-5
404	(   0.61077097884499997882   1.4541964543000001076  )	-1.1371683289843162 -7.056671118554902e-5
405	(   0.61076731654500004964   1.4542258925000000058  )	-1.1372010253873652 2.7670444175953435e-6
406	(   0.61075231654499995138   1.4542542070999999737  )	-1.1372426847993096 3.48040916415826e-5
407	(   0.61075731654499998413   1.4542229238999999641  )	-1.1372069533452902 -3.9410790916960536e-5
408	(   0.61077731654500000413   1.4542288611000000476  )	-1.137195097362927 4.494574502000859e-5
409	(   0.61076880084499995949   1.4542058925000000968  )	-1.1371797048656036 -5.042261069920784e-5
410	(   0.61076583224500002878   1.4542458924999999148  )	-1.1372223459076616 5.595751820841599e-5
411	(   0.61076445237099996621   1.4542358925000000713  )	-1.1372135735231523 2.2244043603514285e-5
412	(   0.61077018071900002205   1.4542158924999999403  )	-1.1371884772461218 -1.6709685232818572e-5
413	(   0.61076231654500001689   1.4542201642000001094  )	-1.137199745374642 -3.0665420172049096e-5
414	(   0.61077231654499997138   1.4542316207999999023  )	-1.1372023053834601 3.619978654434419e-5
415	(   0.61076531654499999213   1.4542293954600000738  )	-1.1372063076642716 6.246416306865399e-6
416	(   0.61075931654500004164   1.4542399043400000558  )	-1.1372221544790264 1.6684882655937372e-5
417	(   0.61076031654499995938   1.4542283402600000297  )	-1.137209700744897 -1.3594516575565763e-5
418	(   0.61076584416799994948   1.4542193954600000083  )	-1.1371958382602676 -2.106820821934363e-5
419	(   0.61077031654500002489   1.4542304506599998959  )	-1.1372029145670175 2.6087563325560836e-5
420	(   0.61076478892200003479   1.4542393954599999173  )	-1.1372167770680899 3.356124319164877e-5
421	(   0.61076331654500004564   1.4542288933700000531  )	-1.137207584888517 -1.922688256605909e-6
422	(   0.61075731654499998413   1.4542273870999999907  )	-1.1372114165452905 -2.6429795488169816e-5
423	(   0.61075831654500001289   1.4542367564700000582  )	-1.1372198962624909 4.175024479025069e-6
424	(   0.61074331654500002564   1.4542603457700000735  )	-1.1372568302846384 2.247017606471502e-5
425	(   0.61074831654499994738   1.4542406235700000572  )	-1.137232659860552 -1.8120653955122634e-5
426	(   0.61076831654499996738   1.4542328893700000592  )	-1.1372071325979145 2.6471580452103183e-5
427	(   0.61075638294500000924   1.4542167564699999271  )	-1.137201616494543 -6.0479996284001913e-5
428	(   0.61076025014500001653   1.4542567564699999672  )	-1.1372381760279515 6.883087693321244e-5
429	(   0.61076120175799997192   1.4542267564699999927  )	-1.1372073294209408 -1.5231568321283362e-5
430	(   0.61075543133200005386   1.4542467564699999016  )	-1.137232463098504 2.3581887839796423e-5
431	(   0.61075331654499998013   1.454230986070000009   )	-1.137218574119836 -2.9379629390646755e-5
432	(   0.61076331654500004564   1.4542425268700001073  )	-1.137221218388517 3.7729956851251245e-5
433	(   0.61075631654499995538   1.4542365167760000766  )	-1.1372214358734247 -3.2307971862266527e-6
434	(   0.61075031654500000489   1.4542357976939999098  )	-1.137226054690261 -2.5448058060817402e-5
435	(   0.61075131654500003364   1.4542405002770000255  )	-1.1372298676251178 -8.416422924817368e-6
436	(   0.6107363165450000464    1.4542524507800000944  )	-1.1372551627804215 -2.397183830016303e-5
437	(   0.61076131654499998813   1.4542359759770000505  )	-1.1372164468071022 1.196806254988303e-5
438	(   0.61074131654499996813   1.4542450245770000006  )	-1.1372432883766166 -2.880001984273406e-5
439	(   0.6107558408450000087    1.454250500277000091   )	-1.1372358425817113 3.5844379837612905e-5
440	(   0.61074679224499994756   1.45423050027699996    )	-1.1372238926549092 -5.267685218646179e-5
441	(   0.61074991222099994648   1.4542455002770000583  )	-1.1372361169791683 1.4155080432232126e-6
442	(   0.61074569924900001805   1.4542605002769999345  )	-1.1372548650334477 3.091170124669418e-5
443	(   0.61073991222099999199   1.4542552748769999038  )	-1.1372547880213255 -3.697399225011111e-6
444	(   0.6107099122210000175    1.4542845986770001065  )	-1.1373108007486679 -1.902988894908475e-5
445	(   0.610619912220999983     1.4543725700770000486  )	-1.1374788353379457 -6.497127284976756e-5
446	(   0.61075991222100001199   1.4542681086769999599  )	-1.137249828870493 0.00010071553368362629
447	(   0.610659912221000023     1.4543010886770000312  )	-1.1373717709636566 -0.00013875357874448824
448	(   0.61072640222100005314   1.45433459867699999    )	-1.1373461308090391 0.0001817086483502095
449	(   0.61069342222099998185   1.454234598677000001   )	-1.1372754705073949 -0.0002197611215644102
450	(   0.6107299122210000375    1.4542655174770000581  )	-1.137273926996963 -7.44807549768467e-6
451	(   0.61068991222099999749   1.4543036798769999329  )	-1.137347674234263 -3.06075839779929e-5
452	(   0.6107289934209999549    1.4543045986770000155  )	-1.1373138255926198 0.00010314058521743164
453	(   0.61069083102099996907   1.4542645986769999755  )	-1.1373077756624947 -0.0001411964772177754
454	(   0.61071991222099997199   1.4542775243770000859  )	-1.137294830206078 -6.06613379927623e-6
455	(   0.61074991222099994648   1.454256301477000024   )	-1.137246918179168 3.283081770533158e-5
456	(   0.61070504842100004073   1.4542975243769999949  )	-1.137328053379091 2.2527913037251324e-6
457	(   0.6106604570210000249    1.4543575243769999439  )	-1.1374277220161975 2.7225601544778044e-5
458	(   0.61052668282099997743   1.4545375243770000129  )	-1.1377267199882146 0.00010228833534942083
459	(   0.61068769702100000885   1.4542575243769999549  )	-1.137303489391445 -0.0001722829261225911
460	(   0.61063321702100004096   1.4544575243769999329  )	-1.1375519541472137 0.00022676041771685362
461	(   0.61056045702100003592   1.454330284377000071   )	-1.137489437491636 -0.0003873164919303562
462	(   0.61076045702100001389   1.4543847643770000388  )	-1.13736599988679 0.0004418539277981637
463	(   0.61061045702100003041   1.4543712741770000729  )	-1.137485950385818 -0.00010044527067964992
464	(   0.6107104570210000194    1.4543437745770000369  )	-1.1373694919830848 0.00015491803906986235
465	(   0.61064670722100000688   1.4543075243770000604  )	-1.13738995361077 -0.00016431705288422194
466	(   0.61067420682100004292   1.4544075243770000494  )	-1.1374654902958272 0.00021877485820720466
467	(   0.61064339002099998766   1.4543775243770000749  )	-1.1374629045181663 2.8167043472748787e-5
468	(   0.61059218902099998694   1.4544375243770000239  )	-1.1375684508610386 3.1010980022116996e-5
469	(   0.61043858602099998478   1.4546175243770000929  )	-1.1378850794194637 3.971926952317517e-5
470	(   0.60997777702099997832   1.4551575243770000778  )	-1.1388348707850966 6.743199654213328e-5
471	(   0.60859535002099995893   1.4567775243770000326  )	-1.1416833939898876 0.00016484849100617538
472	(   0.60444835002099994714   1.4616375243769998971  )	-1.150220999802226 0.0005861961050657172
473	(   0.60767735002099998454   1.4577775243769999225  )	-1.1434984866475681 2.046804592836793e-5
474	(   0.60492335002099995034   1.4607775243770000362  )	-1.1489403549407522 -0.00035808700369521773
475	(   0.60783735002100003353   1.4557775243769999207  )	-1.1413564633127904 -0.005274005842679674
476	(   0.60751735002100004657   1.4597775243769999243  )	-1.1456404927583885 0.005323157774822285
477	(   0.60567735002099998276   1.4576175243769999845  )	-1.1451123217586412 -0.007085755554272488
478	(   0.60967735002099998631   1.4579375243770000825  )	-1.141881960288303 0.007160467922691538
479	(   0.60778235002100000628   1.4567775243770000326  )	-1.1424052857762264 -0.0025445688397218724
480	(   0.60757235002099996279   1.4587775243770000344  )	-1.1445916801011708 0.0025875978862321958
481	(   0.60667735002099998365   1.4576725243769999008  )	-1.1442807418549916 -0.0036097427508337
482	(   0.60867735002099998542   1.4578825243769999442  )	-1.1427155586290176 0.003659132155830136
483	(   0.6071773500210000396    1.457906304376999973   )	-1.1440709785083751 -0.0012671474579901698
484	(   0.60817735002100004049   1.457648744377000094   )	-1.1429258265840374 0.0013102245338334484
485	(   0.60754857002100004504   1.4572775243769999776  )	-1.1431127851690188 -0.0018656082688064402
486	(   0.60780613002100003506   1.4582775243770000895  )	-1.1438841769680292 0.0019071841871296513
487	(   0.6077986500209999754    1.4575775243769999445  )	-1.1431908167855331 -0.00015881793063687866
488	(   0.60755605002099999368   1.4579775243769999005  )	-1.1438061466100735 0.00019995807745587513
489	(   0.60747735002100000656   1.4576562243769999316  )	-1.1435546915936547 -0.0009986658105178847
490	(   0.60787735002099996251   1.4578988243769999134  )	-1.1434422547890484 0.0010399685802022773
491	(   0.60770537002100000201   1.4576775243769999335  )	-1.1433736160548307 -0.00017781513429149243
492	(   0.60764933002099996706   1.4578775243769999115  )	-1.1436233567120682 0.0002187778457027889
493	(   0.60757735002099999555   1.457749504376999905   )	-1.143559222485911 -0.00039401304179298435
494	(   0.60777735002099997352   1.45780554437699994    )	-1.1434377440811172 0.00043503501650121734
495	(   0.60762735002099999004   1.4578214386770000921  )	-1.1435867797079091 -1.790001488100046e-5
496	(   0.60747735002100000656   1.4579531815769999348  )	-1.143851648793655 -0.0001328546050327617
497	(   0.60763322002099995345   1.4579214386770000811  )	-1.1436815697285987 0.000293209074859746
498	(   0.60772735002099997903   1.4578155686770000177  )	-1.1434921505052007 0.00029781537074313746
499	(   0.60762148002100002664   1.4577214386770001031  )	-1.143491989664032 -0.00032898881413157
500	(   0.60752735002100000106   1.4578273086769999445  )	-1.1436814021812636 -0.00033353102627309283
501	(   0.60767735002099998454   1.4577904545769999611  )	-1.1435114168475682 5.816692300975035e-5
502	(   0.60757735002099999555   1.457852422777000001   )	-1.1436621408859111 -9.394395641315612e-5
503	(   0.60765833412100000999   1.4578714386769999756  )	-1.1436092791871673 0.00023100004860765466
504	(   0.6075963659209999701    1.4577714386769999866  )	-1.1435642795826229 -0.00026678698493842745
505	(   0.60762494642099995623   1.4578414386770000011  )	-1.143608913041298 3.241437417500492e-5
506	(   0.60764735002100001005   1.4578238422770000149  )	-1.1435714320056358 5.566732019524068e-5
507	(   0.60762975362100002386   1.4578014386769999611  )	-1.1435646463706322 -6.821355523234374e-5
508	(   0.60760735002099997004   1.4578190350769999473  )	-1.1436021271410077 -9.146396619019725e-5
509	(   0.60763735002099994453   1.4578169149769999446  )	-1.1435733803904178 2.1897354036681804e-6
510	(   0.60766735002100003005   1.4578033438769999464  )	-1.1435331820342083 6.246429029133083e-5
511	(   0.60762831042099996193   1.4578369149770000757  )	-1.1436014035965263 3.0419688527238975e-5
512	(   0.60764638962100003816   1.4577969149770000357  )	-1.1435453571293233 -2.6038728811794698e-5
513	(   0.60761735002100003555   1.4578078753770000731  )	-1.1435820919581066 -9.072395040909953e-5
514	(   0.60765735002099996453   1.4578259545770000383  )	-1.1435646685535652 9.510695691794524e-5
515	(   0.6076282117210000111    1.4578269149770000102  )	-1.1435914911985994 9.345876934574449e-7
516	(   0.60760079682099998877   1.4578569149769999846  )	-1.1436458232859614 -2.825431346220597e-6
517	(   0.60751855212100003278   1.4579469149769999081  )	-1.1438088165129694 -1.4056674265017222e-5
518	(   0.60727181802100005381   1.4582169149769999006  )	-1.1442977688662694 -4.7311145494166595e-5
519	(   0.60653161572100000587   1.4590269149770001     )	-1.1457643796521957 -0.0001431231386139764
520	(   0.60718369802100002897   1.4584169149770001006  )	-1.144575956798078 0.00024305957077785934
521	(   0.60735993802099996763   1.4580169149769999226  )	-1.144019575702149 -0.0003375364378004342
522	(   0.60747181802100003178   1.4583050349769999254  )	-1.1442084115977782 0.0008748380542007439
523	(   0.60707181802099996482   1.4581287949770000978  )	-1.1443870991819116 -0.0009691078009672616
524	(   0.60723390802099996844   1.4583169149769998896  )	-1.1444314066444659 0.00011830194701101249
525	(   0.60730972802100002816   1.4581169149769999116  )	-1.144164130119679 -0.00021289212935693413
526	(   0.6073718180210000428    1.458254824976999986   )	-1.1442469435998839 0.0003957828068683611
527	(   0.6071718180209999538    1.4581790049770000373  )	-1.144348587394443 -0.0004903179700321836
528	(   0.60726143832099999109   1.4582669149770000061  )	-1.144356978934756 6.40022035369725e-5
529	(   0.6073218180210000483    1.4582272946770000743  )	-1.1442637817751977 0.0001492153922226791
530	(   0.60728219772100000551   1.4581669149770000171  )	-1.144238558725187 -0.00015861858679366847
531	(   0.6072218180209999483    1.4582065352769999489  )	-1.1443317542727884 -0.00024381640436210716
532	(   0.60729181802099996279   1.4582104822769998975  )	-1.1442735896519696 4.2771298236488065e-7
533	(   0.6073518180210000228    1.4581911841770001104  )	-1.1442010503920985 0.00014366500697082785
534	(   0.60727634132099994613   1.458260482277000003   )	-1.144337322549448 9.479143327872919e-5
535	(   0.60730729472099997945   1.4581604822770000141  )	-1.1442098565931043 -9.392898913507253e-5
536	(   0.6072418180209999683    1.4581950055770001029  )	-1.1443024787323475 -0.00021095070334320454
537	(   0.60734181802099995728   1.4582259589769999142  )	-1.1442446988871637 0.00021182767246497036
538	(   0.60728761162099997861   1.4582304822770000285  )	-1.1442973221212387 4.477010679782012e-5
539	(   0.60729602442099994697   1.4581904822769999885  )	-1.1442498571707793 -4.391373175138824e-5
540	(   0.60727181802100005381   1.4582062758770000244  )	-1.1442871297662696 -7.833926346378917e-5
541	(   0.60731181802099998279   1.4582146886769999927  )	-1.1442600492681612 7.919809507228592e-5
542	(   0.60728942712099998058   1.458220482276999963   )	-1.1442857111732054 2.1642179153680274e-5
543	(   0.607294208920999945     1.4582004822770000541  )	-1.1442614681268826 -2.078650502479462e-5
544	(   0.6072818180210000083    1.4582080913769999153  )	-1.1442800720428095 -3.9795253957475296e-5
545	(   0.6073018180210000283    1.4582128731770001018  )	-1.144267107193753 4.0651533919522365e-5
546	(   0.60729086614299998548   1.4582154822769999303  )	-1.144279434283905 1.1844802483729211e-5
547	(   0.60729276989900005113   1.4582054822770000868  )	-1.1442677450194239 -1.0989318884213617e-5
548	(   0.60728681802100004106   1.4582095303989999202  )	-1.1442770744278117 -1.8973519272158512e-5
549	(   0.60729681802099999555   1.4582114341550000969  )	-1.1442701048592834 1.9829157690054444e-5
550	(   0.6072898180210000163    1.4582110771679999139  )	-1.144275959206528 -4.487421838561545e-6
551	(   0.6072938180210000203    1.4582098873860001031  )	-1.1442712200947165 5.342882214875999e-6
552	(   0.60729122312999994637   1.4582084822770000621  )	-1.144272117517941 -7.38316714610221e-6
553	(   0.60729241291199997921   1.458212482276999955   )	-1.1442750617857602 8.23860409315813e-6
554	(   0.60729081802100004506   1.458211179729000051   )	-1.1442751744360857 -8.632709889155876e-7
555	(   0.60729281802099999155   1.4582097848249999661  )	-1.14427200486718 1.7187063523493862e-6
556	(   0.60729112056900003136   1.4582094822769999798  )	-1.1442732085235998 -4.807769313330823e-6
557	(   0.60729251547300000524   1.4582114822770000373  )	-1.144273970780012 5.663201377181792e-6
558	(   0.60729131802100000392   1.4582107469259000254  )	-1.144274297967012 -4.6298444722481236e-7
559	(   0.6072898180210000163    1.458211540872599965   )	-1.144276422911128 -3.135063255221837e-6
560	(   0.60729136380000003914   1.4582117469258999432  )	-1.1442752573458344 2.605655432752485e-6
561	(   0.60729231802100003268   1.4582107011469001012  )	-1.1442733648555592 2.728557001674403e-6
562	(   0.60729127224199996871   1.4582097469259001077  )	-1.1442733385881882 -3.5316223079284725e-6
563	(   0.60729031802099997517   1.4582107927048999496  )	-1.144275231077791 -3.6545174646462897e-6
564	(   0.60729181802099996279   1.4582106591231700499  )	-1.1442737664981397 9.434708916344903e-7
565	(   0.60729140582372997947   1.4582112469259000953  )	-1.1442747200568273 1.2871748831244645e-6
566	(   0.60729081802100004506   1.458210834728630001   )	-1.1442748294357157 -1.8694376624495135e-6
567	(   0.60729123021827002837   1.4582102469258999555  )	-1.1442738758771915 -2.2131432109162574e-6
568	(   0.60729119814037002545   1.4582109469258999201  )	-1.14427460434094 -2.783089074753775e-7
569	(   0.607290838498479979     1.4582115469259000484  )	-1.144275523462667 2.7571891703104257e-7
570	(   0.60728975957280995068   1.4582133469258999892  )	-1.144278280827324 1.937813247643305e-6
571	(   0.60729079664648000225   1.4582105469258999086  )	-1.1442745605992763 -2.779862913637743e-6
572	(   0.60728983849847995025   1.4582115887778999141  )	-1.1442764526461227 -2.9272627815046803e-6
573	(   0.60729088035047995575   1.4582125469258999662  )	-1.144276486326056 3.3313027616443946e-6
574	(   0.60729183849848000776   1.4582115050738999606  )	-1.1442745942785368 3.4787090443799684e-6
575	(   0.60729033849848002014   1.4582119427575099824  )	-1.1442763629600892 -2.323894507938462e-7
576	(   0.60728883849848003251   1.4582131302523400063  )	-1.1442788814513452 -1.7567000343277073e-6
577	(   0.60729024125447994553   1.4582129427575099001  )	-1.1442774492477459 2.3606952996857444e-6
578	(   0.60729043574247998372   1.4582109427575100646  )	-1.1442752766724258 -2.8254721220477563e-6
579	(   0.60729133849848004889   1.458212040001509946   )	-1.144275572872296 3.3762593361075233e-6
580	(   0.60728933849847999138   1.4582118455135100188  )	-1.1442771530472082 -3.841029792006623e-6
581	(   0.60729020118276000328   1.4582124427575100523  )	-1.1442769848046406 7.692425825212013e-7
582	(   0.60729047581420003699   1.4582114427575099125  )	-1.1442757411155249 -1.234020824636417e-6
583	(   0.607290838498479979     1.4582120800732301102  )	-1.144276056609997 1.8306023870096055e-6
584	(   0.60728983849847995025   1.4582118054417900765  )	-1.1442766693100128 -2.2953791436464144e-6
585	(   0.60729031833559998788   1.4582121427575100991  )	-1.1442765808512467 2.838529891135977e-7
586	(   0.60729053849848002589   1.4582119629203900146  )	-1.1442762056566644 4.914221909402272e-7
587	(   0.60729035866136005239   1.4582117427575100876  )	-1.1442761450689314 -7.486318063243402e-7
588	(   0.60729013849848001438   1.4582119225946299501  )	-1.1442765202634868 -9.56200754576031e-7
589	(   0.60729031970091995607   1.4582120427575100408  )	-1.1442764796397553 -3.2496867419240516e-9
590	(   0.60729026330823998592   1.4582123427575099939  )	-1.1442768296787524 6.841697430814975e-7
591	(   0.60729011970091995032   1.4582120859556699788  )	-1.1442767003041903 -5.422732982651723e-7
592	(   0.60729051970091996182   1.4582119995593501027  )	-1.1442762589752933 5.357742658418374e-7
593	(   0.60729036289908000512   1.4582122427575099355  )	-1.144276641308669 7.236707748603521e-7
594	(   0.60729027650276001804   1.458211842757509924   )	-1.1442763179708402 -7.301700519768417e-7
595	(   0.60729021970092000871   1.4582120677191099389  )	-1.144276593334496 -2.6295499999662297e-7
596	(   0.60729041970092001446   1.4582120177959099205  )	-1.1442763659450073 2.564557126660816e-7
597	(   0.60729034466251996527   1.4582121427575100991  )	-1.1442765574905427 3.713910450287017e-7
598	(   0.60729029473931994687   1.4582119427575099824  )	-1.1442764017889675 -3.778903931994648e-7
599	(   0.60729030161328001469   1.4582120927575099589  )	-1.1442765456894866 8.242940108260655e-8
600	(   0.60729033778856000847   1.4582119927575099005  )	-1.1442764135900232 -8.892876612875966e-8
601	(   0.6072902697009200379    1.4582120246698699884  )	-1.1442765059186866 -2.222528880935215e-7
602	(   0.60729036970091998526   1.4582120608451500932  )	-1.1442764533608223 2.1575353770231231e-7
603	(   0.60729031432165003768   1.4582120627575099192  )	-1.1442765044129506 3.719250951661479e-8
604	(   0.60729032508018998548   1.4582120227575099403  )	-1.1442764548665596 -4.3691881668195265e-8
605	(   0.60729033970091994554   1.4582120481367799592  )	-1.1442764672723962 7.893934128588853e-8
606	(   0.6072902997009199666    1.4582120373782399003  )	-1.1442764920071138 -8.543871166111217e-8
607	(   0.60729032970092000632   1.4582120373689699822  )	-1.1442764653779007 1.428544305071e-8
608	(   0.60729030970092001684   1.4582120481460500994  )	-1.1442764939016095 -2.0784813870022845e-8
609	(   0.60729032508946001467   1.45821205275750998    )	-1.1442764848583342 4.383166363197688e-8
610	(   0.60729031431238000849   1.4582120327575101015  )	-1.1442764744211762 -5.0331035783557354e-8
611	(   0.6072903247009200367    1.4582120407714100896  )	-1.144276473216998 7.583202510375031e-9
612	(   0.60729031470091998646   1.4582120447436099919  )	-1.1442764860625123 -1.4082574661955505e-8
613	(   0.60729032168702001826   1.4582120477575100104  )	-1.1442764828774261 1.7936295115816847e-8
614	(   0.6072903177148200049    1.4582120377575100711  )	-1.1442764764020843 -2.443566815557574e-8
615	(   0.60729031961737001133   1.4582120447575099842  )	-1.1442764817138917 2.3053541298168057e-9
616	(   0.60729031936671995506   1.4582120507575100365  )	-1.1442764879363014 1.8970478521396217e-8
617	(   0.6072903211085199926    1.4582120397575100146  )	-1.1442764753907475 -7.3186328108931775e-9
618	(   0.60729031812622003006   1.4582120497575099538  )	-1.144276488037036 1.1929341958705209e-8
619	(   0.60729031761736995687   1.4582120410296199875  )	-1.1442764797606646 -1.5216833126885376e-8
620	(   0.60729032161736995477   1.4582120484853999809  )	-1.1442764836671189 1.9827542274697407e-8
621	(   0.60729031861737003961   1.4582120442615800204  )	-1.144276482105293 -2.4660273822973977e-9
622	(   0.60729031986533998921   1.4582120427575100408  )	-1.1442764794938602 -2.7029836147107744e-9
623	(   0.60729032061736998305   1.458212045253439948   )	-1.1442764813224902 7.076736530109429e-9
624	(   0.60729031936940003344   1.4582120467575099276  )	-1.1442764839339232 7.3136927625228054e-9
625	(   0.60729031911736996996   1.4582120449522200101  )	-1.1442764823522675 1.2106919911047953e-9
626	(   0.60729031761736995687   1.4582120455363500877  )	-1.1442764842673947 -2.073296201388075e-9
627	(   0.60729031811736999824   1.4582120458044700584  )	-1.144276484091849 3.7117509066320054e-10
628	(   0.60729031511736997206   1.4582120483612199813  )	-1.1442764893105934 -2.147377831107633e-9
629	(   0.60729030611737000456   1.458212056031469972   )	-1.1442765049668262 -9.703031711438825e-9
630	(   0.6072903201173700527    1.4582120439760200004  )	-1.144276480488736 1.6887184983715997e-9
631	(   0.60729031011737000245   1.4582120527464199622  )	-1.1442764981324505 -5.983472384230026e-9
632	(   0.60729031730996996252   1.4582120583612199205  )	-1.1442764973650301 3.4307345408990386e-8
633	(   0.60729031292476998161   1.458212038361220042   )	-1.144276481256156 -3.860210018302723e-8
634	(   0.6072903132277900351    1.4582120533612199509  )	-1.1442764959872769 6.151815057364729e-9
635	(   0.60729031700695002005   1.4582120433612200117  )	-1.1442764826339094 -1.0446568943223156e-8
636	(   0.60729031711737002652   1.4582120530851701012  )	-1.1442764922598805 1.827974394075227e-8
637	(   0.60729031311737002863   1.4582120436372700834  )	-1.1442764863613062 -2.2574497826610695e-8
638	(   0.6072903161173700548    1.4582120487503700268  )	-1.1442764888124117 2.312589231223683e-9
639	(   0.60729031492279994531   1.4582120503612199247  )	-1.1442764914832413 3.0385178817482483e-9
640	(   0.60729031411737000035   1.4582120479720699358  )	-1.1442764898087745 -6.6073431170821095e-9
641	(   0.60729031531193999882   1.4582120463612200378  )	-1.1442764871379452 -7.333272211695885e-9
642	(   0.60729031490661000703   1.458212049361220064   )	-1.1442764904976073 6.826184062447282e-11
643	(   0.6072903142743300009    1.4582120523612200902  )	-1.1442764940586492 6.715178635374741e-9
644	(   0.60729031390661003531   1.4582120504309499243  )	-1.1442764924546687 -1.3699175127612762e-10
645	(   0.60729031090661000913   1.4582120536401399491  )	-1.144276498325853 -7.527516387995092e-10
646	(   0.60729030190661004163   1.4582120632677100236  )	-1.144276515939406 -2.6000304131912344e-9
647	(   0.60729027490661002808   1.458212092150420025   )	-1.1442765687800642 -8.141861407295892e-9
648	(   0.60729029190660999138   1.4582120752634100125  )	-1.1442765368084202 -8.658762595814551e-10
649	(   0.60729026190660995166   1.4582121112505099791  )	-1.1442765994154627 4.3365933066752405e-9
650	(   0.60729017190661005454   1.4582122192118101012  )	-1.1442767872365864 1.9944062401577867e-8
651	(   0.60729021190661003349   1.4582121502613198949  )	-1.144276682792842 -4.814328313784699e-8
652	(   0.60729031190660998085   1.4582120722397000634  )	-1.1442765160380817 5.6816493732014806e-8
653	(   0.60729024240119999778   1.4582120112505099208  )	-1.1442765167232254 -3.5216207106003594e-7
654	(   0.60729028141202001656   1.4582122112505100375  )	-1.1442766821076997 3.608352798778469e-7
655	(   0.60729024190660996219   1.4582121205176399314  )	-1.1442766264292206 -3.513730639781443e-8
656	(   0.60729028190661005215   1.4582121019833800268  )	-1.1442765724017043 4.381049656387859e-8
657	(   0.60729025819976001355   1.458212061250510061   )	-1.144276552704667 -1.538100367071138e-7
658	(   0.60729026561346000079   1.4582121612505098973  )	-1.1442766461262581 1.6248322776135637e-7
659	(   0.60729025190661001243   1.4582121230856799343  )	-1.1442766201239465 5.602577957120047e-9
660	(   0.60729022190660997271   1.4582121585911900219  )	-1.1442766822493984 9.400539902060245e-9
661	(   0.60729013190660996457   1.4582122651077200626  )	-1.1442768686257496 2.07944870211918e-8
662	(   0.60729017190661005454   1.4582121942486701016  )	-1.1442767622734464 -5.2859048693676414e-8
663	(   0.60729027190661000191   1.4582121229337099422  )	-1.1442766022253483 7.166015336679266e-8
664	(   0.60729020407787004388   1.4582120585911899635  )	-1.1442765980693985 -3.41523133773336e-7
665	(   0.60729023973535001257   1.4582122585911900803  )	-1.1442767664293978 3.603242362260062e-7
666	(   0.60729023072256005378   1.4582121085911901037  )	-1.144276624426729 -1.0710729636542737e-7
667	(   0.60729020190660998324   1.4582121365513101008  )	-1.1442766779561457 -1.213778766384621e-7
668	(   0.60729021309066000267   1.4582122085911899401  )	-1.1442767400720673 1.259083823867968e-7
669	(   0.60729024190660996219   1.458212180631079935   )	-1.1442766865426606 1.4017899019336255e-7
670	(   0.60729023190661002296   1.4582121463026100905  )	-1.1442766610875044 6.812216568619078e-9
671	(   0.60729026190660995166   1.4582121094368700742  )	-1.1442765976018228 -9.527503230799539e-10
672	(   0.60729021190661003349   1.4582121549692299567  )	-1.144276687500752 -3.441301998918789e-8
673	(   0.60729025190661001243   1.4582121376359900022  )	-1.1442766346742566 4.80374557909613e-8
674	(   0.60729022843995994485   1.4582120963026099503  )	-1.1442766141635716 -1.5053574253798274e-7
675	(   0.60729023537325999005   1.4582121963026100087  )	-1.144276708011437 1.6416017878384537e-7
676	(   0.60729023524667002931   1.45821212630260999    )	-1.1442766381237643 -4.0410439439142465e-8
677	(   0.60729022190660997271   1.4582121396224900778  )	-1.1442766632806984 -4.592023739036222e-8
678	(   0.60729022856655001661   1.4582121663026099689  )	-1.1442766840512446 5.403487257638062e-8
679	(   0.60729024190660996219   1.4582121529827301032  )	-1.1442766588943107 5.9544670527600374e-8
680	(   0.6072902333656700069    1.4582121363026099292  )	-1.1442766497928347 -1.750059652749769e-8
681	(   0.60729022690661005335   1.4582121433844899006  )	-1.1442766626060412 -1.83234551975886e-8
682	(   0.60729023044755003902   1.4582121563026100297  )	-1.1442766723821742 3.112502788837901e-8
683	(   0.60729023690660999257   1.4582121492207300584  )	-1.1442766595689675 3.194788700255913e-8
684	(   0.60729023280615002101   1.4582121413026098988  )	-1.1442766552893142 -4.778900830615385e-9
685	(   0.60729023550477001514   1.45821212630260999    )	-1.144276637894744 -3.9552246811069836e-8
686	(   0.60729023780614999062   1.4582121405691499394  )	-1.1442766501191972 9.707214587706403e-9
687	(   0.60729022780615005139   1.4582121420360700803  )	-1.1442766604594312 -1.9265013584401913e-8
688	(   0.60729023317288000072   1.4582121513026100601  )	-1.1442766649639033 2.560473433277366e-8
689	(   0.60729023243942004129   1.4582121313026099596  )	-1.1442766456147253 -3.516253421764759e-8
690	(   0.60729023480614996444   1.458212143023609908   )	-1.1442766552356516 6.8903434069511604e-9
691	(   0.60729023211775001734   1.4582121463026100905  )	-1.1442766609001533 7.514264765973167e-9
692	(   0.60729023080614996655   1.4582121395816098897  )	-1.144276655342977 -1.644814506818193e-8
693	(   0.60729023349455002467   1.4582121363026099292  )	-1.1442766496784753 -1.7072065094936306e-8
694	(   0.6072902329910200292    1.4582121433026100643  )	-1.1442766571252734 1.6686492188000557e-9
695	(   0.60729023354563005377   1.4582121493026098946  )	-1.1442766626331504 2.101129403797586e-8
696	(   0.60729023499101997263   1.4582121400370799957  )	-1.1442766520850807 -1.2049445885509158e-9
697	(   0.60729023099101997474   1.4582121465681399108  )	-1.144276662165466 4.542240361615768e-9
698	(   0.60729023168481000017   1.4582121383026100947  )	-1.1442766532843147 -1.7256671647203348e-8
699	(   0.6072902342972299472    1.4582121483026100339  )	-1.1442766609662325 2.059396830844662e-8
700	(   0.60729023365552003977   1.4582121413026098988  )	-1.1442766545356415 -1.9547119478602326e-9
701	(   0.60729023232652001862   1.4582121453026100077  )	-1.1442766597149052 5.2920086091035046e-9
702	(   0.60729023199101994646   1.4582121419736000512  )	-1.144276656683595 -5.532347913117519e-9
703	(   0.60729023399102000091   1.4582121446316200775  )	-1.144276657566952 8.869644574360791e-9
704	(   0.60729023249101998783   1.4582121429022600889  )	-1.1442766571685892 -1.161461149479237e-9
705	(   0.60729023099101997474   1.4582121417012099407  )	-1.1442766572985361 -9.651791810227905e-9
706	(   0.60729023349101995954   1.4582121431462100603  )	-1.1442766565252078 2.8750388736398236e-9
707	(   0.60729023236904999816   1.4582121449022600324  )	-1.1442766592768168 4.2658321319777315e-9
708	(   0.60729023149102001611   1.4582121426583201096  )	-1.1442766578119805 -5.1979323067996575e-9
709	(   0.60729023261298997749   1.4582121409022599234  )	-1.1442766550603611 -6.588755319114625e-9
710	(   0.6072902329910200292    1.4582121428993199963  )	-1.1442766567219833 4.92484275582683e-10
711	(   0.60729023449102004228   1.4582121428904999405  )	-1.1442766553821664 5.454319662590024e-9
712	(   0.60729023199101994646   1.4582121432203700717  )	-1.144276657930365 -1.896237833420855e-9
713	(   0.60729023399102000091   1.4582121425782699209  )	-1.144276655513602 2.881204608229382e-9
714	(   0.60729023266996995378   1.4582121418993199136  )	-1.1442766560068611 -3.491444466874327e-9
715	(   0.60729023331206999359   1.458212143899320079   )	-1.1442766574371057 4.4764121298612736e-9
716	(   0.60729023249101998783   1.4582121432822299223  )	-1.144276657548559 -5.3308024661191666e-11
717	(   0.60729023099101997474   1.4582121444309599223  )	-1.1442766600282863 -1.6906827049467665e-9
718	(   0.60729023219466005123   1.458212144282230005   )	-1.1442766588115287 1.8777077670506515e-9
719	(   0.60729023278738003544   1.4582121422822300616  )	-1.1442766562855895 -1.984322928194615e-9
720	(   0.60729023149102001611   1.4582121429858700967  )	-1.1442766581395305 -4.242657780650916e-9
721	(   0.60729023349101995954   1.4582121435785899699  )	-1.1442766569575877 4.136042619506952e-9
722	(   0.60729023199101994646   1.4582121434939598892  )	-1.1442766582039547 -1.0983338682990507e-9
723	(   0.6072902329910200292    1.4582121430704999554  )	-1.1442766568931633 9.917169307982476e-10
724	(   0.60729023270274995472   1.4582121437822299637  )	-1.1442766578606844 2.1089139323748896e-9
725	(   0.60729023227929002093   1.458212142782230103   )	-1.1442766572364338 -2.215529981697273e-9
726	(   0.60729023237005996805   1.4582121434822299388  )	-1.1442766578558907 1.2777956470699792e-10
727	(   0.6072902326119800076    1.4582121430822299057  )	-1.1442766572412273 -2.3439650220780095e-10
728	(   0.60729023269102000437   1.4582121434031900531  )	-1.1442766574920529 9.644711695955266e-10
729	(   0.60729023229101997128   1.4582121431612700135  )	-1.1442766576050654 -1.0710863307394902e-9
730	(   0.60729023247443003619   1.4582121433822299306  )	-1.14427665766328 1.8317258820843563e-10
731	(   0.60729023250761005048   1.458212143182229914   )	-1.144276657433838 -2.8978774935239926e-10
732	(   0.6072902325910199961    1.4582121432988199849  )	-1.144276657476416 3.275797411106396e-10
733	(   0.60729023239101997955   1.4582121432656400817  )	-1.1442766576207024 -4.3419534634381307e-10
734	(   0.60729023254101999196   1.458212143263700078   )	-1.1442766574856627 5.89031046160926e-11
735	(   0.6072902325095500542    1.4582121433322299264  )	-1.1442766575821168 1.5412648934898243e-10
736	(   0.60729023244101998369   1.4582121433007599887  )	-1.1442766576114556 -1.6551826576005624e-10
737	(   0.60729023247249003248   1.4582121432322299182  )	-1.1442766575150012 -2.6074253867136576e-10
738	(   0.6072902324910900429    1.4582121433022299239  )	-1.1442766575684968 5.253575352526241e-12
739	(   0.60729023249129998607   1.4582121433622299289  )	-1.1442766576283105 1.809370431260504e-10
740	(   0.60729023247109004124   1.4582121433138999222  )	-1.1442766575979135 -2.7212898601192137e-11
741	(   0.60729023251109004455   1.4582121432905599256  )	-1.1442766575390801 3.771916112782492e-11
742	(   0.60729023248642000077   1.4582121432522299198  )	-1.1442766575226406 -1.5609602499466746e-10
743	(   0.60729023249575997401   1.4582121433522299281  )	-1.1442766576143533 1.666027316105101e-10
744	(   0.6072902324962099474    1.4582121432822299223  )	-1.1442766575439538 -3.605116205562808e-11
745	(   0.60729023248597002738   1.4582121433222299256  )	-1.1442766575930399 4.6557424582260865e-11
746	(   0.60729023248109004207   1.4582121432919898929  )	-1.1442766575671302 -5.786127132978436e-11
747	(   0.60729023250109004373   1.458212143312469955   )	-1.1442766575698635 6.836842203483684e-11
748	(   0.60729023248609004249   1.4582121433051300485  )	-1.1442766575758336 -2.914113395036111e-12
749	(   0.60729023249609004331   1.4582121433024599622  )	-1.1442766575642902 2.254907371934678e-11
750	(   0.60729023247609004166   1.4582121433077999129  )	-1.1442766575873768 -2.837774459862885e-11
751	(   0.60729023248741997865   1.4582121433251300502  )	-1.1442766575946535 5.983658013519744e-11
752	(   0.6072902324847599953    1.4582121432851300469  )	-1.1442766575570138 -6.566480692526966e-11
753	(   0.60729023248463998019   1.4582121433151300494  )	-1.1442766575871204 2.142819255368522e-11
754	(   0.6072902324910900429    1.4582121433080399431  )	-1.1442766575743069 2.219824324356523e-11
755	(   0.60729023248109004207   1.4582121433022199319  )	-1.1442766575773602 -2.8026025944427602e-11
756	(   0.60729023248754998576   1.4582121432951300477  )	-1.1442766575645382 -2.722355674222854e-11
757	(   0.60729023248488001041   1.4582121433101300489  )	-1.1442766575819074 7.644551658358978e-12
758	(   0.60729023248125002521   1.4582121433251300502  )	-1.1442766576001284 3.9321434996963944e-11
759	(   0.60729023248842994853   1.4582121433001300481  )	-1.1442766575687573 -9.71578373309967e-12
760	(   0.60729023248132996127   1.4582121433201300498  )	-1.1442766575950576 2.5004887049817626e-11
761	(   0.60729023247988001      1.4582121433030199587  )	-1.144276657579234 -2.971667356632679e-11
762	(   0.60729023248988001082   1.4582121433172399172  )	-1.1442766575845806 4.5005776883044746e-11
763	(   0.60729023248687996617   1.4582121433065899918  )	-1.1442766575765926 3.97015753605956e-12
764	(   0.60729023248288005465   1.4582121433136800981  )	-1.1442766575872318 1.13491438469282e-11
765	(   0.60729023248346003516   1.4582121433051300485  )	-1.1442766575781673 -1.1658674026193694e-11
766	(   0.60729023248629998566   1.4582121433151300494  )	-1.1442766575856473 2.69482214321215e-11
767	(   0.6072902324910900429    1.4582121433065300398  )	-1.144276657572797 1.779465463869201e-11
768	(   0.60729023248109004207   1.4582121433037300573  )	-1.1442766575788703 -2.362199325034453e-11
769	(   0.60729023248539004687   1.4582121433151300494  )	-1.1442766575864547 2.3923085734622873e-11
770	(   0.6072902324867900381    1.4582121432951300477  )	-1.1442766575652126 -2.9750424346275395e-11
771	(   0.60729023248808999824   1.4582121433060200033  )	-1.144276657574949 6.331823954042193e-12
772	(   0.60729023248572999716   1.4582121433101300489  )	-1.1442766575811532 1.0470735389844776e-11
773	(   0.60729023248408997571   1.4582121433042400938  )	-1.1442766575767185 -1.2159162565694714e-11
774	(   0.60729023248644997679   1.4582121433001300481  )	-1.144276657570514 -1.6298962179916998e-11
775	(   0.60729023248508995358   1.4582121433069099581  )	-1.1442766575785008 -1.0480505352461478e-12
776	(   0.60729023248209001995   1.4582121433122499088  )	-1.1442766575865029 4.551026222543442e-12
777	(   0.60729023248709002036   1.4582121433082999573  )	-1.1442766575781163 9.656275778979762e-12
778	(   0.60729023248452995709   1.4582121433119099585  )	-1.144276657583998 1.1671552613279346e-11
779	(   0.60729023248308999783   1.4582121433055199589  )	-1.1442766575788856 -1.1751488671052357e-11
780	(   0.60729023248564995008   1.4582121433019099577  )	-1.1442766575730041 -1.3768097772981491e-11
781	(   0.60729023248609004249   1.4582121433072599004  )	-1.1442766575779635 3.297806472346565e-12
782	(   0.60729023248490998643   1.4582121433089099138  )	-1.1442766575806607 4.18598489204669e-12
783	(   0.60729023248408997571   1.4582121433065600158  )	-1.1442766575790384 -5.3934634536290105e-12
784	(   0.60729023248527003176   1.4582121433049100023  )	-1.1442766575763412 -6.282530051748836e-12
785	(   0.60729023248558999803   1.4582121433069499261  )	-1.1442766575780972 7.318590178329032e-13
786	(   0.60729023248709002036   1.4582121433070700522  )	-1.1442766575768863 6.069811320230656e-12
787	(   0.60729023248614999453   1.4582121433059500593  )	-1.1442766575766004 -3.232969447708456e-13
788	(   0.60729023248782998401   1.4582121433029500146  )	-1.1442766575721097 -3.4861002973229915e-12
789	(   0.60729023248814995029   1.4582121433040700076  )	-1.1442766575729457 8.43769498715119e-13
790	(   0.60729023248415003877   1.4582121433078301109  )	-1.1442766575802552 -1.48991929904696e-12
791	(   0.6072902324880300462    1.458212143307950015   )	-1.144276657576932 1.1761258633669058e-11
792	(   0.60729023248427005388   1.4582121433039501035  )	-1.1442766575762686 -1.24065202555812e-11
793	(   0.60729023248560998205   1.4582121433069499261  )	-1.1442766575780796 7.975842208907125e-13
794	(   0.60729023248669000701   1.4582121433049499704  )	-1.144276657575121 -1.4437340212225536e-12
795	(   0.60729023248714997241   1.4582121433064900717  )	-1.144276657576253 4.5776715751344454e-12
796	(   0.60729023248515001665   1.4582121433054100468  )	-1.1442766575769476 -5.2229331970465864e-12
797	(   0.60729023248665003898   1.4582121433055799109  )	-1.1442766575757866 2.5934809855243657e-13
798	(   0.60729023248564995008   1.4582121433063199856  )	-1.144276657577414 -9.063860773039778e-13
799	(   0.60729023248652003186   1.4582121433064501037  )	-1.1442766575767722 2.3661073100811336e-12
800	(   0.60729023248577995719   1.4582121433054500148  )	-1.1442766575764287 -3.0118130212031247e-12
801	(   0.60729023248601998741   1.4582121433061498994  )	-1.1442766575769157 -1.723066134218243e-13
802	(   0.60729023248562996606   1.458212143306750086   )	-1.1442766575778618 2.815525590449397e-13
803	(   0.60729023248446001304   1.4582121433085499795  )	-1.1442766575807 1.6404655411861313e-12
804	(   0.60729023248629998566   1.4582121433057499971  )	-1.1442766575762673 -4.0811798385220754e-13
805	(   0.60729023248495994647   1.4582121433077499528  )	-1.1442766575794563 9.690026558928366e-13
806	(   0.60729023248462998819   1.4582121433060799554  )	-1.144276657578079 -4.997779967652605e-12
807	(   0.60729023248663005496   1.4582121433074199945  )	-1.1442766575776444 5.559996907322784e-12
808	(   0.60729023248513003264   1.4582121433071399963  )	-1.1442766575786953 -2.438049762076844e-13
809	(   0.60729023248363001031   1.4582121433083099493  )	-1.1442766575811962 -1.8194334927557065e-12
810	(   0.60729023248613001051   1.4582121433062800175  )	-1.144276657576948 5.728750807065808e-13
811	(   0.60729023248413005476   1.4582121433079999751  )	-1.1442766575804426 -1.0604850331219495e-12
812	(   0.60729023248599001139   1.4582121433081400852  )	-1.1442766575789325 5.53246337631208e-12
813	(   0.60729023248427005388   1.4582121433061399074  )	-1.1442766575784584 -6.020073328727449e-12
814	(   0.60729023248562996606   1.4582121433070101002  )	-1.1442766575781218 1.0400569294688466e-12
815	(   0.60729023248462998819   1.4582121433072698924  )	-1.1442766575792689 -1.5276668818842154e-12
816	(   0.60729023248526003975   1.4582121433076400407  )	-1.1442766575790801 1.6466827901240322e-12
817	(   0.60729023248500002552   1.4582121433066399518  )	-1.1442766575783108 -2.134292742539401e-12
818	(   0.6072902324853299838    1.4582121433070101002  )	-1.1442766575783883 4.1744385725905886e-14
819	(   0.60729023248592994833   1.4582121433066199678  )	-1.1442766575774657 8.988365607365267e-13
820	(   0.60729023248483005037   1.4582121433073200745  )	-1.1442766575791417 -7.16315895488151e-13
821	(   0.60729023248583002825   1.4582121433066999039  )	-1.1442766575776342 8.002487561498128e-13
822	(   0.60729023248502000953   1.4582121433065100558  )	-1.144276657578163 -2.446931546273845e-12
823	(   0.60729023248563995807   1.4582121433075099226  )	-1.144276657578613 2.5304203177256568e-12
824	(   0.60729023248522995271   1.458212143306810038   )	-1.1442766575782768 -8.739675649849232e-13
825	(   0.6072902324854300149    1.4582121433072099403  )	-1.1442766575784993 9.57456336436735e-13
826	(   0.60729023248534996782   1.4582121433069099581  )	-1.1442766575782701 -1.8385293287792592e-13
827	(   0.60729023248522995271   1.4582121433069898941  )	-1.1442766575784566 -3.4994229736184934e-13
828	(   0.6072902324854300149    1.4582121433070300842  )	-1.1442766575783194 4.334310688136611e-13
