1	(  34.969999999999998863   -37.590000000000003411   )	44.69979849574222 1.4993424211208096e6
2	(  32.969999999999998863   -33.590000000000010516   )	40.58211563679022 1.18491376693681e6
3	(  26.969999999999998863   -21.59000000000002828    )	28.180824125653558 531000.8635848098
4	(   8.9700000000000006395   14.409999999999920206   )	-10.00987684947339 6839.5263288099995
5	( -45.030000000000001137   122.409999999999755      )	-114.79484908355872 4.13060754976081e6
6	( -11.029999999999999361    13.409999999999920206   )	-8.60057636247371 15221.524488809993
7	(   8.9700000000000006395   64.409999999999925535   )	-60.00987684947339 10780.526328809992
8	(  28.969999999999998863    15.409999999999920206   )	-8.67628756114918 706271.8481688098
9	(   8.9700000000000006395  -35.59000000000008157    )	39.990123150526614 7898.526328810008
10	(  11.970000000000000639    -5.5900000000000797939  )	10.56176209388677 20844.226204810002
11	(   5.9699999999999997513   34.40999999999991843    )	-30.808834897176887 2522.603652809994
12	(  -3.0299999999999998046   94.409999999999925535   )	-92.08948658414096 9012.898824809987
13	( -14.029999999999999361   -14.590000000000079794   )	19.877463172333503 39349.88981280999
14	(  25.969999999999998863    83.409999999999911324   )	-76.8946343371748 463173.6374928099
15	( -14.029999999999999361    84.409999999999911324   )	-79.1225368276665 46262.069812809976
16	(  25.969999999999998863   -15.590000000000079794   )	22.1053656628252 456459.4574928099
17	(   6.9699999999999997513   14.409999999999920206   )	-10.50639432107679 2661.9137448099978
18	(  15.970000000000000639    36.40999999999991843    )	-30.864662802656525 66878.63057281001
19	(   4.9699999999999997513   54.40999999999991843    )	-51.16347398925666 3616.984360809991
20	(  -4.0300000000000002487   32.40999999999991843    )	-29.562715531950627 1343.6567328099948
21	( -34.030000000000001137    26.40999999999991843    )	-19.35465186824053 1.34406929597281e6
22	(  15.970000000000000639    51.40999999999991843    )	-45.864662802656525 68195.93057281
23	(  14.970000000000000639    12.409999999999920206   )	-6.993451253872214 50820.42328081001
24	( -24.030000000000001137    13.409999999999920206   )	-7.049663619345543 334769.70289281005
25	( -23.030000000000001137    52.40999999999991843    )	-46.134520910112784 285108.46898480994
26	( -11.029999999999999361    42.40999999999991843    )	-37.60057636247371 16840.30448880999
27	(   5.9699999999999997513   39.40999999999991843    )	-35.80883489717689 2891.7036528099934
28	(   2.9700000000000001954   22.40999999999991843    )	-20.12548723213862 594.6581768099963
29	(  23.969999999999998863    -7.5900000000000797939  )	13.945345043588564 331323.95770880993
30	( -14.029999999999999361    42.40999999999991843    )	-37.122536827666494 40935.62981280998
31	( -17.030000000000001137     5.4099999999999202061  )	0.263395085898388 84718.43233681003
32	(  19.969999999999998863     2.4099999999999202061  )	3.5809666731894083 159842.56774080996
33	(  22.969999999999998863    39.40999999999991843    )	-33.13972846020802 280989.2040168099
34	(  -7.0300000000000002487   24.40999999999991843    )	-20.489594228339953 3134.1152568099965
35	(  12.970000000000000639    20.40999999999991843    )	-15.278795037997437 29048.281096810006
36	(   4.9699999999999997513   32.40999999999991843    )	-29.16347398925666 1706.9443608099946
37	(   0.96999999999999997335  12.409999999999920206   )	-11.746848216975376 153.77519280999803
38	(  -5.0300000000000002487  -17.59000000000008157    )	20.85960315913061 997.145440810003
39	(  -9.0299999999999993605   32.40999999999991843    )	-27.996706071930713 7859.408272809993
40	(  10.970000000000000639    -7.5900000000000797939  )	12.388603939661605 14777.222112810006
41	( -19.030000000000001137     2.4099999999999202061  )	3.4847909132225228 131873.12135281003
42	(  20.969999999999998863    22.40999999999991843    )	-16.321542825560154 194750.74903280995
43	(  -9.0299999999999993605    2.4099999999999202061  )	2.0032939280692856 6814.808272809998
44	(  10.970000000000000639     2.4099999999999202061  )	2.3886039396616052 14725.422112810005
45	(  10.970000000000000639    22.40999999999991843    )	-17.611396060338393 15221.822112810001
46	(  -9.0299999999999993605   22.40999999999991843    )	-17.996706071930713 7311.208272809995
47	(   5.9699999999999997513   11.409999999999920206   )	-7.808834897176887 1468.743652809998
48	(  -4.0300000000000002487   13.409999999999920206   )	-10.56271553195063 473.07673280999796
49	(   1.9699999999999999734   17.40999999999991843    )	-15.82467037090978 322.9312848099971
50	(  -0.02999999999999999889   7.4099999999999202061  )	-7.409100404757084 51.90990080999882
51	(  -3.0299999999999998046   -7.5900000000000797939  )	9.910513415859043 157.2588248100012
52	(   9.9700000000000006395    2.4099999999999202061  )	2.199171171360957 10082.148820810002
53	( -10.029999999999999361    12.409999999999920206   )	-7.788947606627056 10472.750980809993
54	(   4.9699999999999997513   17.40999999999991843    )	-14.163473989256659 959.6443608099969
55	(  -5.0300000000000002487   -2.5900000000000797939  )	5.859603159130609 694.4454408100005
56	(  -5.0300000000000002487    9.4099999999999202061  )	-6.140396840869391 776.2854408099986
57	(   4.9699999999999997513    5.4099999999999202061  )	-2.16347398925666 685.8043608099989
58	(  -2.0299999999999998046    2.4099999999999202061  )	-0.7766697951462176 28.0317168099996
59	(  -8.0299999999999993605  -12.590000000000079794   )	16.771758497063413 4442.25636481
60	( -10.029999999999999361    -7.5900000000000797939  )	12.211052393372944 10376.350980809997
61	(   7.9699999999999997513   -5.5900000000000797939  )	9.756989202322849 4190.194636810001
62	(   5.9699999999999997513   12.409999999999920206   )	-8.808834897176887 1492.5636528099976
63	( -12.029999999999999361    10.409999999999920206   )	-5.428306851650247 21338.948796809993
64	(  -6.0300000000000002487   -2.5900000000000797939  )	6.210624703006324 1398.5449488100005
65	(   1.9699999999999999734    7.4099999999999202061  )	-5.824670370909782 74.73128480999883
66	(   2.9700000000000001954   -1.590000000000080016   )	3.874512767861379 94.97817681000028
67	(  -7.0300000000000002487    6.4099999999999202061  )	-2.4895942283399566 2579.3552568099994
68	(  -0.02999999999999999889   3.4099999999999202061  )	-3.4091004047570843 8.629900809999455
69	(   5.9699999999999997513    6.4099999999999202061  )	-2.808834897176887 1379.6436528099987
70	(   4.9699999999999997513    6.4099999999999202061  )	-3.16347398925666 697.6243608099987
71	(  -5.0300000000000002487    0.40999999999991998401 )	2.859603159130609 687.9054408100001
72	(  -3.0299999999999998046    8.4099999999999202061  )	-6.089486584140957 170.37882480999866
73	(  -2.0299999999999998046    3.4099999999999202061  )	-1.7766697951462176 33.851716809999445
74	(   1.9699999999999999734    3.4099999999999202061  )	-1.8246703709097825 31.451284809999464
75	(  -0.02999999999999999889   5.4099999999999202061  )	-5.409100404757084 26.269900809999136
76	(  -0.02999999999999999889   1.409999999999919984   )	-1.409100404757084 -1.0100991900002256
77	(  -0.02999999999999999889  -4.5900000000000797939  )	4.590899595242916 18.069900810000732
78	(   1.9699999999999999734   -0.59000000000008001599 )	2.1753296290902178 20.1712848100001
79	(  -1.0300000000000000266   -3.5900000000000797939  )	4.313142780595405 13.135408810000573
80	(   0.96999999999999997335   6.4099999999999202061  )	-5.746848216975375 40.855192809998975
81	(  -1.0300000000000000266   -0.59000000000008001599 )	1.3131427805954057 0.5954088100000954
82	(  -4.0300000000000002487   -6.5900000000000797939  )	9.43728446804937 336.67673281000117
83	(   0.96999999999999997335   4.4099999999999202061  )	-3.746848216975376 19.215192809999298
84	(  -3.0299999999999998046   -5.5900000000000797939  )	7.910513415859043 130.8988248100009
85	(  -3.0299999999999998046    4.4099999999999202061  )	-2.089486584140957 119.09882480999929
86	(   0.96999999999999997335  -5.5900000000000797939  )	6.253151783024625 31.01519281000089
87	(  -1.0300000000000000266    1.409999999999919984   )	-0.6868572194045942 2.2354088099997753
88	(  -1.0300000000000000266   -2.5900000000000797939  )	3.3131427805954057 6.955408810000414
89	(  -0.02999999999999999889   0.40999999999991998401 )	-0.409100404757084 -2.830099190000066
90	(  -2.0299999999999998046   -1.590000000000080016   )	3.2233302048537826 24.751716810000243
91	(  -0.88000000000000000444  -1.590000000000080016   )	2.1634623376140456 1.6765953600002543
92	(  -1.1799999999999999378    0.40999999999991998401 )	0.4622970461883449 1.8916777599999337
93	(  -0.53000000000000002665  -0.59000000000008001599 )	0.8375629558550333 -2.0111951899999054
94	(  -1.5300000000000000266   -0.59000000000008001599 )	1.7962402317684176 7.509712810000094
95	(  -0.95999999999999996447  -1.090000000000080016   )	1.743158172343662 0.8806465600001747
96	(  -1.1000000000000000888   -0.09000000000008000212 )	0.8829925155297415 0.8922000000000141
97	(  -0.82999999999999996003  -0.41000000000008002266 )	0.9340774294418186 -0.9795167899999351
98	(  -1.2299999999999999822   -0.77000000000007995382 )	1.6914374646937649 2.9075664100001237
99	(  -1.0100000000000000089   -0.39000000000008000489 )	1.0931470151383589 0.23290401000006256
100	(  -0.94999999999999995559   0.20999999999992000066 )	0.4331688107537838 -0.33639375000003424
101	(  -0.81000000000000005329  -0.84000000000008001599 )	1.3444654406133885 -0.551732789999865
102	(  -0.82999999999999996003   0.10999999999991999511 )	0.4140774294418185 -1.1355167900000183
103	(  -1.2099999999999999645    0.05999999999991999927 )	0.8418266292634127 2.0753888099999918
104	(  -1.1899999999999999467   -0.89000000000007994938 )	1.7721546699445527 2.6296392100001436
105	(  -0.94999999999999995559  -0.59000000000008001599 )	1.2331688107537837 -0.03239374999990652
106	(  -0.77000000000000001776  -1.1900000000000801048  )	1.6555562543185356 -0.04656958999980931
107	(  -1.0100000000000000089   -0.09000000000008000212 )	0.793147015138359 0.08890401000001447
108	(  -0.89000000000000001332  -1.090000000000080016   )	1.673388116567286 0.39972241000017483
109	(  -0.75                    -0.43000000000007998491 )	0.8762871026284995 -1.3736937499999313
110	(  -1.1499999999999999112   -0.75000000000008004708 )	1.5926441917059364 1.9565062500001194
111	(  -0.96999999999999997335  -0.39000000000008000489 )	1.0531517830246244 -0.08080718999993719
112	(  -0.93000000000000004885  -0.79000000000007997158 )	1.4132074323553434 0.10195201000012588
113	(  -0.8499999999999999778   -0.56000000000007998935 )	1.1037767239057565 -0.7193937499999103
114	(  -1.0500000000000000444   -0.62000000000008004264 )	1.3631271128650462 0.8049062500000987
115	(  -0.99619999999999997442  -0.49000000000007998269 )	1.1793471897314625 0.2098153007205914
116	(  -0.90380000000000004778  -0.69000000000007999379 )	1.2871066761335845 -0.2229399438521753
117	(  -1                       -0.68000000000007998491 )	1.3731471805600253 0.46240000000010895
118	(  -0.9000000000000000222   -0.50000000000008004708 )	1.0933268452778144 -0.47389999999992005
119	(  -0.94840000000000002078  -0.64000000000007994938 )	1.2815709830012512 0.017558016841855206
120	(  -0.94359999999999999432  -0.79000000000007997158 )	1.4267783748974725 0.19764017393064748
121	(  -0.92840000000000000302  -0.73000000000008002932 )	1.3516117366163258 -0.00032948516644903947
122	(  -0.96840000000000003855  -0.55000000000007998047 )	1.2115525658578266 0.05756325913816163
123	(  -0.93120000000000002771  -0.54000000000007997158 )	1.1644043349568545 -0.2222127172336803
124	(  -0.96560000000000001386  -0.7400000000000800382  )	1.3987541426075072 0.281705450005008
125	(  -0.9384000000000000119   -0.6479000000000799675  )	1.2794879821629146 -0.04358969089830289
126	(  -0.94679999999999997495  -0.59000000000008001599 )	1.229973297921723 -0.05545234481344785
127	(  -0.95840000000000002967  -0.63210000000008004228 )	1.283659559689368 0.0803099196540158
128	(  -0.94999999999999995559  -0.69000000000007999379 )	1.3331688107537838 0.09560625000010958
129	(  -0.86839999999999994973  -1.0000000000000799361  )	1.5619664857363904 0.07693192253663206
130	(  -0.90839999999999998526  -0.75000000000008004708 )	1.3516843980218742 -0.10617941968676625
131	(  -0.94840000000000002078  -0.71000000000008001155 )	1.3515709830012512 0.11205801684186678
132	(  -0.92490000000000005542  -0.63000000000008005152 )	1.2481218700878292 -0.16044236929109834
133	(  -0.93189999999999995062  -0.83000000000008000711 )	1.455102578965886 0.1799591024626448
134	(  -0.93069999999999997176  -0.68000000000007998491 )	1.3039056120791113 -0.054888266317690615
135	(  -0.92610000000000003428  -0.7800000000000799627  )	1.399318282538418 0.05930517113878864
136	(  -0.91839999999999999414  -0.71850000000007996359 )	1.3301434594592854 -0.08541828756261172
137	(  -0.9384000000000000119   -0.74150000000007998402 )	1.3730879821629145 0.08645814910171268
138	(  -0.93340000000000000746  -0.72020000000007999841 )	1.3467989399551397 0.02021056100862939
139	(  -0.92339999999999999858  -0.7398000000000799492  )	1.3564265248400034 -0.02031887212352812
140	(  -0.92595799999999994778  -0.71000000000008001155 )	1.3291767008267104 -0.04597186064700276
141	(  -0.93084199999999994724  -0.75000000000008004708 )	1.3740472474300378 0.046198423623049045
142	(  -0.9304000000000000048   -0.72460000000007995791 )	1.348206387562924 0.005673291742221309
143	(  -0.92640000000000000124  -0.7354000000000799897  )	1.3550174042957623 -0.006216569568240793
144	(  -0.92948399999999997689  -0.7400000000000800382  )	1.362692798509478 0.021874210861991372
145	(  -0.92731600000000002915  -0.72000000000008002043 )	1.340530768323085 -0.02231632722441823
146	(  -0.92940000000000000391  -0.72814700000008003578 )	1.3507560228759785 0.003890194189725804
147	(  -0.92740000000000000213  -0.73185300000008002286 )	1.3524675300123257 -0.0045279541839047255
148	(  -0.92877100000000001323  -0.73500000000008003376 )	1.3569817205900487 0.009561763249370081
149	(  -0.92802899999999999281  -0.72500000000008002488 )	1.3462417636064523 -0.010168759381027126
150	(  -0.92819165999999997396  -0.73200000000008003109 )	1.3534039719826036 0.0011542694738988502
151	(  -0.92860834000000003208  -0.72800000000008002754 )	1.3498195047075336 -0.0018046172357566448
152	(  -0.92889999999999994795  -0.73083300000008000197 )	1.352943369866048 0.004346407313260414
153	(  -0.92789999999999994706  -0.72916700000007994564 )	1.3502801232804627 -0.005000404088355559
154	(  -0.92859999999999998099  -0.72975100000007997458 )	1.3515621875351607 0.0006902138212776521
155	(  -0.92820000000000002505  -0.73024900000007997303 )	1.3516612888837054 -0.001348486427426021
156	(  -0.92844983000000003148  -0.7310000000000800302  )	1.3526614295151074 0.0014760797082802313
157	(  -0.92835016999999997456  -0.72900000000008002843 )	1.3505620439153305 -0.0021330144268003615
158	(  -0.92849999999999999201  -0.73001691000007995491 )	1.3517283716780812 0.00038672048612742316
159	(  -0.92839662000000000575  -0.73050000000007997425 )	1.352108365923148 0.00037739407288128746
160	(  -0.92840338000000000029  -0.72950000000007997336 )	1.351115107310413 -0.001035864241919704
161	(  -0.92830000000000001403  -0.7299830900000799927  )	1.3514951023511237 -0.0010455468159427106
162	(  -0.92844999999999999751  -0.73010572000008000515 )	1.351767319047711 0.0001706176632927381
163	(  -0.92859999999999998099  -0.73042288000008004367 )	1.3522340675351607 0.0016712754477721248
164	(  -0.92852604000000005247  -0.72960572000007994919 )	1.3513431502147282 -3.336723667324293e-5
165	(  -0.92875415999999999528  -0.72810572000008000337 )	1.3500706464716823 -0.0006418242014447628
166	(  -0.92872604000000003044  -0.72889672000007998953 )	1.3508336031364623 0.000316093173005072
167	(  -0.92832603999999996347  -0.73031472000008001988 )	1.3518527004730085 -0.00038124844725828666
168	(  -0.928667789999999993    -0.73060572000007995008 )	1.3524845121453706 0.002407367976975827
169	(  -0.92838429000000000091  -0.72860572000007994831 )	1.350201789881491 -0.0024718141967099427
170	(  -0.92862604000000004145  -0.72950327000007997302 )	1.351340426278708 0.0005088446263403767
171	(  -0.92842603999999995246  -0.72970817000008003639 )	1.3513458749457516 -0.0005754146484098221
172	(  -0.92854652999999998109  -0.73010572000008000515 )	1.3518635840205184 0.000838205630637745
173	(  -0.92850555000000001282  -0.72910572000008000426 )	1.3508227164423152 -0.0009044340809891693
174	(  -0.92857604000000004696  -0.72951403000007997157 )	1.3513013231474194 0.00017867692916695432
175	(  -0.92847603999999994695  -0.72969741000008003784 )	1.3513849774807876 -0.0002453587235837773
176	(  -0.92854896279999998843  -0.72980572000008003819 )	1.351566010150735 0.00041705882979403697
177	(  -0.92850311720000000548  -0.72940572000007997122 )	1.351120290320495 -0.000483705765006448
178	(  -0.92854603999999996145  -0.72954862000008002809 )	1.3513059953639632 2.1643088864209403e-5
179	(  -0.92860604000000002145  -0.72937732000008004274 )	1.351194531002371 0.00018674762241044363
180	(  -0.92849603999999996695  -0.72974427000008001976 )	1.351451782550504 -3.86555936988664e-5
181	(  -0.92859603999999995594  -0.72935297000008003643 )	1.351160208376112 8.205419520646018e-5
182	(  -0.92849712780000004386  -0.72934862000008005012 )	1.351057217363758 -0.0006084226493445755
183	(  -0.92859495219999999005  -0.72974862000008000606 )	1.3515547735543063 0.0006518231493846116
184	(  -0.92855177950000000742  -0.72944862000008003911 )	1.351211719129036 -8.455888662828315e-5
185	(  -0.9285403005000000265   -0.72964862000008001708 )	1.3514002716015086 0.00012786553695498526
186	(  -0.92852604000000005247  -0.72951992000008003547 )	1.3512573502147283 -0.00015856021658500197
187	(  -0.92856603999999998145  -0.72957732000008002071 )	1.3513546405449886 0.00020185378024528688
188	(  -0.92853604000000000696  -0.72958275910007996945 )	1.3513301618853713 2.2917844448855362e-6
189	(  -0.92850604000000003246  -0.72968517640008001557 )	1.3514026614972932 -5.5739535475218815e-5
190	(  -0.92854184890000002195  -0.72948275910007998046 )	1.3512359548555821 -0.00010343783823341113
191	(  -0.92853023109999999196  -0.72968275910007995844 )	1.3514243689178427 0.00010804189121049745
192	(  -0.92851603999999998695  -0.72955371910008004477 )	1.351281176752035 -0.00017840670802682368
193	(  -0.92855604000000002696  -0.72961179910008000515 )	1.3513791470505028 0.00018299770202112597
194	(  -0.92852604000000005247  -0.72959162410008004951 )	1.3513290543147283 -5.3935936516147365e-5
195	(  -0.92854603999999996145  -0.72957389410008000041 )	1.3513312694639632 5.8521097198394045e-5
196	(  -0.92853426699999996874  -0.72953275910007997496 )	1.3512783937480164 -8.292674951526635e-5
197	(  -0.92853781300000004517  -0.72963275910007996394 )	1.351381930022976 8.751536350359856e-5
198	(  -0.92854007011499994917  -0.72956275910007994945 )	1.3513141809482723 9.82885698164182e-7
199	(  -0.92855216045999999785  -0.72950275910008000047 )	1.3512662381447207 -2.9376124826008265e-6
200	(  -0.92858843149500003289  -0.72932275910008004249 )	1.3511224098037564 -1.4643324135477087e-5
201	(  -0.92857216046000001786  -0.729417139100079992   )	1.351200563335473 1.0485198900234138e-5
202	(  -0.92853216045999997785  -0.72958837910008000893 )	1.3513319129857562 -1.6340023691885364e-5
203	(  -0.92856928406000005527  -0.72960275910007998945 )	1.3513833148161822 0.0002614127027174007
204	(  -0.92853503686000005146  -0.72940275910008001148 )	1.351149161496561 -0.0002672637210316964
205	(  -0.92854895546000004725  -0.72955275910007999496 )	1.3513130419308577 4.78474277487706e-5
206	(  -0.92855536545999994846  -0.72945275910008000597 )	1.3512194343594004 -5.3717505345662886e-5
207	(  -0.92856216045999995234  -0.72951878420007998383 )	1.351292235836124 8.961040284649613e-5
208	(  -0.92854216046000004336  -0.7294867340000800171  )	1.3512402404612645 -9.548367955325432e-5
209	(  -0.92855678402399999261  -0.72948275910007998046 )	1.351250849035193 -1.3767329765101977e-7
210	(  -0.92857065471599997686  -0.72942275910008003148 )	1.3512046817168013 8.268784420728537e-6
211	(  -0.92856213002400000978  -0.72943275910007998597 )	1.3512061803835327 -3.610656856789518e-5
212	(  -0.92855143802399997544  -0.72953275910007997496 )	1.3512955176891244 3.583663199435705e-5
213	(  -0.92854678402400003812  -0.72945602890007998909 )	1.3512141462480622 -0.00010830167675113245
214	(  -0.9285667840239999471   -0.72950948930007997184 )	1.35128755183027 0.00010802919382424392
215	(  -0.92856178402400002536  -0.72946816580008000397 )	1.3512412420317383 1.3155095097694414e-5
216	(  -0.92855178402399995985  -0.72949735240007995696 )	1.3512604560406343 -1.342965709882904e-5
217	(  -0.92855313569999997636  -0.72946275910007996046 )	1.3512272107113752 -5.455084903882579e-5
218	(  -0.92856043234800000885  -0.72950275910008000047 )	1.3512744873600686 5.4276493401062e-5
219	(  -0.92855878402400005012  -0.72948050160008004461 )	1.3512505860535728 1.0402144873467023e-5
220	(  -0.92855478402400004612  -0.72948501660008002734 )	1.351251112017131 -1.0677423888161286e-5
221	(  -0.92855633253100000601  -0.72947275910008002597 )	1.3512403987796935 -1.785006843313397e-5
222	(  -0.9285572355169999792   -0.72949275910008004598 )	1.3512612992907087 1.7574924762620014e-5
223	(  -0.92855778402400002136  -0.72948264262408002434 )	1.3512517298183433 6.609098941012803e-6
224	(  -0.92855578402399996385  -0.72948287557608004761 )	1.3512499682521226 -6.88443116114712e-6
225	(  -0.92855676072899995255  -0.72947775910007994771 )	1.351245825804042 -7.593600399591338e-6
226	(  -0.92855680731900003266  -0.72948775910008001322 )	1.3512558722663441 7.318303813619309e-6
227	(  -0.92855640999341004793  -0.72948475910008003797 )	1.3512524760297853 1.932055404552102e-7
228	(  -0.9285571580545900483   -0.72948075910008003397 )	1.3512492220406123 -4.6854212820690577e-7
229	(  -0.92855728402399995147  -0.7294842552220800469  )	1.3512528437867581 5.503470902112895e-6
230	(  -0.92855628402400003374  -0.72948126297808002505 )	1.3512488542836478 -5.778809434975329e-6
231	(  -0.92855698402399999836  -0.72948238199507997592 )	1.3512506713820167 6.954838438488764e-7
232	(  -0.92855658402399998685  -0.729483136205079985   )	1.3512510266883724 -9.708295811705625e-7
233	(  -0.9285568594450900326   -0.72948375910008000922 )	1.3512519242495624 1.8429582784307286e-6
234	(  -0.92855670860290995261  -0.72948175910007995171 )	1.351249773820824 -2.1183027918425523e-6
235	(  -0.92855688402400005099  -0.72948275028348996685 )	1.3512509399445145 5.411336259086852e-7
236	(  -0.92855678578732003814  -0.72948325910008005035 )	1.35125135079368 6.040060664957991e-7
237	(  -0.92855668402400004524  -0.72948276791666999408 )	1.3512507581258724 -8.164800768817315e-7
238	(  -0.92855678226067994707  -0.7294822591000800216  )	1.351250347276706 -8.793521617533884e-7
239	(  -0.92855678247861994645  -0.72948295910007998621 )	1.3512510474940487 1.4343091603308267e-7
240	(  -0.9285568340240000218   -0.72948276528160005405 )	1.3512509050796688 2.171803208383949e-7
241	(  -0.92855678556938003876  -0.72948255910007997471 )	1.3512506505763373 -4.187774313990644e-7
242	(  -0.92855673402399996341  -0.7294827529185600179  )	1.3512507929907178 -4.925268797251192e-7
243	(  -0.92855680402399998208  -0.72948275372110005232 )	1.3512508636013951 -7.1870505102822335e-9
244	(  -0.9285568640239999505   -0.72948273758416004586 )	1.351250907300002 3.8427172555088873e-7
245	(  -0.92855682438276998525  -0.72948265372109999394 )	1.3512507839043641 -1.2268088322997528e-8
246	(  -0.92855688545907999476  -0.72948235372110004082 )	1.3512505448132712 -2.7511043221295495e-8
247	(  -0.92855706868801002329  -0.72948145372109995943 )	1.3512498275399936 -7.323851125562442e-8
248	(  -0.92855761837479999787  -0.72947875372110004832 )	1.3512476757201775 -2.1040830322505144e-7
249	(  -0.92855737263904003509  -0.7294804537211000417  )	1.3512491306579382 5.70139429001415e-7
250	(  -0.9285567647369800115   -0.72948245372109998819 )	1.3512505244220567 -7.166131248403929e-7
251	(  -0.92855756868800998216  -0.72948206162310003098 )	1.3512509340715702 4.272021921991609e-6
252	(  -0.92855656868800995341  -0.72948084581909999891 )	1.351248721008437 -4.418494619962132e-6
253	(  -0.92855726723719000937  -0.72948095372110000056 )	1.3512495255449783 5.705863967975233e-7
254	(  -0.92855687013883003722  -0.72948195372110002932 )	1.3512501295350123 -7.170623526064901e-7
255	(  -0.92855726868801002905  -0.72948195009406002765 )	1.351250523364782 2.034292480246336e-6
256	(  -0.92855686868801001754  -0.72948095734814000224 )	1.3512491317152087 -2.180768435167124e-6
257	(  -0.92855709284421994454  -0.72948165372109996518 )	1.3512500516299946 3.8563545867731364e-7
258	(  -0.92855704453179999103  -0.72948125372109995368 )	1.3512496034499926 -5.321123937029881e-7
259	(  -0.92855716868800997066  -0.72948140540868000592 )	1.3512498789534872 5.479458939916526e-7
260	(  -0.92855696868800996491  -0.72948150203352002396 )	1.3512497761265005 -6.944227690652838e-7
261	(  -0.92855711868801005249  -0.72948136366521998397 )	1.3512497873470704 1.412085062213464e-7
262	(  -0.9285570186880099941   -0.72948154377698004591 )	1.3512498677329172 -2.876854772182469e-7
263	(  -0.92855711371594995551  -0.72948155372110001782 )	1.3512499724445182 3.841027185202961e-7
264	(  -0.92855702366006998005  -0.72948135372110001207 )	1.3512496826354692 -5.305796926258211e-7
265	(  -0.92855706379630997827  -0.72948150372109998862 )	1.3512498726617013 -3.412480253928152e-8
266	(  -0.9285570491212099542   -0.72948165372109996518 )	1.3512500080268235 8.321635647234871e-8
267	(  -0.92855711379631000746  -0.72948145037181999495 )	1.3512498691753778 2.338757694175797e-7
268	(  -0.92855709047095003061  -0.72948160372110004701 )	1.3512499992632296 2.9627209130467236e-7
269	(  -0.92855701379630994907  -0.7294815570703799823  )	1.3512498761480245 -3.02125332751757e-7
270	(  -0.92855703712167003694  -0.72948140372110004126 )	1.351249746060173 -3.645216644088123e-7
271	(  -0.92855706089029999006  -0.72948155372110001782 )	1.351249919763656 1.8723340211579398e-8
272	(  -0.92855705217227002546  -0.72948170372109999438 )	1.351250061069521 1.772678022149421e-7
273	(  -0.92855705456996995295  -0.72948145372109995943 )	1.3512498134606492 -1.7088880843729726e-7
274	(  -0.92855706721063002718  -0.72948165372109996518 )	1.351250026066663 2.0833551150900576e-7
275	(  -0.92855701089029996087  -0.72948156636175998102 )	1.3512498825413595 -3.086695592458e-7
276	(  -0.92855711089030001926  -0.72948154108044005461 )	1.3512499569859528 3.461162778606308e-7
277	(  -0.92855706662812997898  -0.72948150372109998862 )	1.3512498754857594 -1.4537943293646549e-8
278	(  -0.92855708384161994573  -0.72948135372110001207 )	1.3512497426520695 -1.1432176227899049e-7
279	(  -0.92855709014495002585  -0.72948140372110004126 )	1.3512497989381231 2.224643580461816e-9
280	(  -0.92855716069541005542  -0.72948110372109997712 )	1.351249569295214 5.2512570292151395e-8
281	(  -0.92855709255967000537  -0.72948120372110003551 )	1.3512496013462245 -2.7286597514830646e-7
282	(  -0.92855708773023004632  -0.72948160372110004701 )	1.3512499965300218 2.7731534224528787e-7
283	(  -0.92855699014494996746  -0.72948139889165997118 )	1.35124969438277 -6.964916492435691e-7
284	(  -0.92855719014494997321  -0.72948140855054000031 )	1.351249903493477 7.009410794012183e-7
285	(  -0.92855704014494999665  -0.72948145160959998456 )	1.3512497969636663 -2.737429918298062e-7
286	(  -0.92855714014495005504  -0.72948135583259998693 )	1.35124980091258 2.7819231895875873e-7
287	(  -0.92855706620069999868  -0.72948130372109998287 )	1.3512496750595009 -3.0928691074905146e-7
288	(  -0.92855711408920005301  -0.72948150372109998862 )	1.3512499228167452 3.137362263316845e-7
289	(  -0.92855708650823998163  -0.72948135372110001207 )	1.3512497453113808 -9.587754057349684e-8
290	(  -0.92855709378165995904  -0.72948145372109995943 )	1.351249852564865 1.0032683217531257e-7
291	(  -0.92855707014495003637  -0.72948141281288003679 )	1.3512497880847205 -1.22844862282534e-7
292	(  -0.92855711014495001532  -0.72948139462932004573 )	1.3512498097915258 1.2729415566070656e-7
293	(  -0.92855708145837001499  -0.72948142372110003073 )	1.3512498102753518 -2.8678601271536763e-8
294	(  -0.9285570988315300367   -0.72948138372110005179 )	1.3512497876008944 3.3127889764728025e-8
295	(  -0.9285570801449499756   -0.72948138634794001955 )	1.3512497715923717 -9.228918873560588e-8
296	(  -0.92855710014494996507  -0.72948142109425995194 )	1.3512498262838744 9.673847767288635e-8
297	(  -0.92855708850475005001  -0.72948139372109999101 )	1.3512497873024187 -2.3709761709511668e-8
298	(  -0.92855708514494994521  -0.72948140700150998494 )	1.3512497972322373 -2.7572879979231857e-8
299	(  -0.92855709178515000168  -0.72948141372109998049 )	1.3512498105738273 2.815904931452451e-8
300	(  -0.92855709514494999546  -0.72948140044068998655 )	1.3512498006440088 3.202216714015549e-8
301	(  -0.92855708814494997139  -0.72948140763971003331 )	1.351249800862215 -5.891658716450365e-9
302	(  -0.92855709214494996928  -0.72948139980249004921 )	1.3512497970140314 1.0340944989195577e-8
303	(  -0.92855708857750995922  -0.72948139872109996062 )	1.351249792374979 -1.5911689299485943e-8
304	(  -0.92855709171238998145  -0.72948140872110001087 )	1.351249805501267 2.0360976016320365e-8
305	(  -0.92855709042058998115  -0.7294814017210999868  )	1.3512497972130075 1.2132383986340756e-9
306	(  -0.92855709124750995809  -0.72948139572110004547 )	1.351249792037661 -1.820978479116775e-9
307	(  -0.92855708984998996947  -0.72948139672110001719 )	1.3512497916439714 -1.0028247565685433e-8
308	(  -0.92855708842059003771  -0.72948140314761000802 )	1.3512497966449992 -1.0538944827942487e-8
309	(  -0.92855709099118999283  -0.72948140672109995641 )	1.3512498027820437 1.2454722586596745e-8
310	(  -0.92855709242059003561  -0.72948140029458996558 )	1.3512497977810158 1.2965421625210638e-8
311	(  -0.92855709035596001311  -0.72948139972110004337 )	1.3512497951485547 -2.151713918152609e-9
312	(  -0.92855709048521994919  -0.72948140372110004126 )	1.3512497992774604 4.578189383153131e-9
313	(  -0.92855708942059000943  -0.72948140185037002592 )	1.3512497963450185 -5.514865453193352e-9
314	(  -0.92855709142058995287  -0.72948140159182994768 )	1.3512497980809965 7.941341806372293e-9
315	(  -0.92855709016097998099  -0.72948140272109995852 )	1.3512497979541092 8.765557168999294e-10
316	(  -0.92855708938214998049  -0.7294814057210999847  )	1.3512498001774138 -1.3349321648092882e-10
317	(  -0.92855708704565997902  -0.7294814147210999522  )	1.3512498068473278 -3.1636364639098247e-9
318	(  -0.92855708917887003206  -0.72948141072109995431 )	1.351249804974691 5.755294019138546e-9
319	(  -0.92855708958543003995  -0.72948140072110001508 )	1.3512497953801366 -6.022278231654354e-9
320	(  -0.92855709138215003495  -0.7294814062293000223  )	1.351249802680132 1.4441360107753098e-8
321	(  -0.92855708738215003706  -0.72948140521289994709 )	1.3512497976746956 -1.4708344764358117e-8
322	(  -0.92855708945079995509  -0.72948140772110003915 )	1.3512498022458757 3.2592648580020978e-9
323	(  -0.9285570893135000059   -0.72948140372110004126 )	1.351249798108952 -3.5262504027855357e-9
324	(  -0.92855709038214995221  -0.72948140558380003551 )	1.351249801037373 6.5828960060798636e-9
325	(  -0.92855708838215000878  -0.72948140585840004491 )	1.3512497993174546 -6.849880662684882e-9
326	(  -0.92855708922473001454  -0.72948140672109995641 )	1.3512498010204252 2.3664270543122257e-10
327	(  -0.92855708953956994645  -0.72948140472110001298 )	1.3512497993344024 -5.036282502146605e-10
328	(  -0.92855708988215002186  -0.72948140603594002762 )	1.3512498009908835 3.7841996203269446e-9
329	(  -0.92855708888215005015  -0.72948140540626005279 )	1.3512497993639445 -4.051183388753543e-9
330	(  -0.92855708958214999704  -0.72948140531356997496 )	1.3512497999693356 6.552767217726796e-10
331	(  -0.92855708918214996395  -0.72948140612862999443 )	1.3512498003854918 -9.222627106453274e-10
332	(  -0.9285570895451600304   -0.72948140622110002607 )	1.3512498008399771 1.723480913540243e-9
333	(  -0.92855708921914004161  -0.72948140522110005435 )	1.3512497995148505 -1.990466014234471e-9
334	(  -0.92855708946302994988  -0.72948140552109996815 )	1.351249800058072 1.3413714583521141e-10
335	(  -0.92855708930127001111  -0.72948140592110000124 )	1.3512498002967552 -4.0112357879706906e-10
336	(  -0.92855708948214998877  -0.7294814058828600345  )	1.3512498004388998 7.941789448295822e-10
337	(  -0.92855708928214997222  -0.72948140555934004592 )	1.3512497999159279 -1.0611653777914398e-9
338	(  -0.92855708937460001984  -0.72948140582109999297 )	1.3512498002698843 -3.9817926733576314e-11
339	(  -0.92855708935195002685  -0.72948140612110001779 )	1.3512498005472966 2.412079425084812e-10
340	(  -0.92855708946474002641  -0.72948140562109997642 )	1.3512498001597772 2.9186164596239905e-10
341	(  -0.92855708928446001327  -0.72948140602110000952 )	1.3512498003799915 -3.71496611251132e-10
342	(  -0.92855708947460002811  -0.72948140600138000611 )	1.3512498005498903 9.148743984610519e-10
343	(  -0.92855708927460001156  -0.72948140564081997983 )	1.3512497999898785 -9.945098078389947e-10
344	(  -0.92855708936224001793  -0.72948140592110000124 )	1.3512498003575586 2.0588863947068603e-11
345	(  -0.92855708932516001219  -0.72948140622110002607 )	1.3512498006205802 2.0180657145374425e-10
346	(  -0.92855708935386005454  -0.7294814057210999847  )	1.3512498001492013 -3.29166027768224e-10
347	(  -0.92855708937061998132  -0.72948140612110001779 )	1.3512498005659155 3.703428674839415e-10
348	(  -0.92855708926224000965  -0.72948140593787003105 )	1.3512498002746025 -6.46615205823764e-10
349	(  -0.9285570894622400262   -0.72948140590432997143 )	1.3512498004405145 6.877920455394815e-10
350	(  -0.92855708931224001379  -0.72948140601375000003 )	1.3512498004003453 -1.900746227079253e-10
351	(  -0.92855708941224002206  -0.72948140582845000246 )	1.3512498003147713 2.312505742452231e-10
352	(  -0.92855708931590996702  -0.72948140582109999297 )	1.3512498002113553 -4.4575898527909885e-10
353	(  -0.92855708940856995781  -0.72948140602110000952 )	1.3512498005037612 4.869349368163967e-10
354	(  -0.92855708934944003463  -0.72948140597110000538 )	1.3512498003947935 5.002220859751105e-12
355	(  -0.92855708931103997372  -0.72948140612110001779 )	1.3512498005064986 -4.175415568852259e-11
356	(  -0.92855708936472003412  -0.72948140587109999711 )	1.3512498003100317 -3.5205616200073564e-11
357	(  -0.92855708933416003514  -0.72948140607110001365 )	1.3512498004795552 4.5211834276415175e-11
358	(  -0.92855708929944003049  -0.72948140594054000641 )	1.3512498003143705 -3.854183638907216e-10
359	(  -0.92855708939944003877  -0.72948140600166000436 )	1.3512498004752165 3.9542413787785335e-10
360	(  -0.92855708933394998095  -0.72948140602110000952 )	1.3512498004293458 -2.9189095585024916e-11
361	(  -0.92855708936492997729  -0.72948140592110000124 )	1.351249800360241 3.9194425482946826e-11
362	(  -0.92855708932944003298  -0.7294814059323799782  )	1.3512498003361282 -1.8982238003673046e-10
363	(  -0.92855708936944003629  -0.72948140600982003257 )	1.3512498004534588 1.9982770993465238e-10
364	(  -0.92855708934602998461  -0.72948140595110000373 )	1.3512498003713929 -4.7762238608584084e-11
365	(  -0.9285570893394400338   -0.7294814059779199944  )	1.3512498003916409 -5.4214410738495644e-11
366	(  -0.92855708935284997363  -0.72948140599110000704 )	1.351249800418194 5.7768012595715845e-11
367	(  -0.92855708935944003546  -0.72948140596428001636 )	1.351249800397946 6.421974063641755e-11
368	(  -0.92855708934900005325  -0.72948140596110000455 )	1.3512498003843545 -1.2630341217345631e-11
369	(  -0.92855708934988001602  -0.72948140598110000621 )	1.3512498004052322 2.263522702605769e-11
370	(  -0.92855708934444003422  -0.72948140597198996016 )	1.3512498003906972 -2.8282265418511088e-11
371	(  -0.92855708935444003505  -0.7294814059702100506  )	1.3512498003988898 3.8287595316433e-11
372	(  -0.92855708934752001493  -0.72948140597610000579 )	1.3512498003978788 -9.823253321883385e-13
373	(  -0.92855708934175995584  -0.72948140599110000704 )	1.3512498004071345 -1.893862844326577e-11
374	(  -0.92855708934809999544  -0.72948140598610000662 )	1.351249800408457 1.7617907133171684e-11
375	(  -0.92855708934694003442  -0.72948140596610000497 )	1.3512498003873004 -1.958389006517791e-11
376	(  -0.92855708935252001535  -0.72948140597494004478 )	1.351249800401705 3.19086979061467e-11
377	(  -0.92855708934252001452  -0.72948140597725996681 )	1.3512498003940525 -3.3873792659733226e-11
378	(  -0.92855708934684999534  -0.72948140598110000621 )	1.3512498004022104 1.6777690348135366e-12
379	(  -0.92855708934819003453  -0.72948140597110000538 )	1.351249800393547 -3.6424196991902136e-12
380	(  -0.92855708934951997069  -0.72948140597777999528 )	1.3512498004015532 1.5301537814593758e-11
381	(  -0.92855708934551994815  -0.72948140597442001631 )	1.3512498003942042 -1.7267076657390135e-11
382	(  -0.92855708934755998296  -0.72948140597809996155 )	1.3512498003999185 2.211564265053312e-12
383	(  -0.9285570893474800469   -0.72948140597410005004 )	1.351249800395839 -4.176214929429989e-12
384	(  -0.92855708934851999281  -0.72948140597602995072 )	1.3512498003988058 5.831779503751022e-12
385	(  -0.92855708934652003705  -0.72948140597616994985 )	1.3512498003969515 -7.7973183465474e-12
386	(  -0.92855708934762004603  -0.72948140597709998367 )	1.3512498003989784 1.1679546219056647e-12
387	(  -0.92855708934801994836  -0.72948140597590005463 )	1.3512498003981772 2.184030734042608e-12
388	(  -0.92855708934741998384  -0.72948140597510002792 )	1.351249800396779 -3.133493464702042e-12
389	(  -0.92855708934701997048  -0.72948140597629995696 )	1.35124980039758 -4.149125487629135e-12
390	(  -0.92855708934753000694  -0.72948140597660005024 )	1.3512498003983888 -1.8340884366807586e-13
391	(  -0.92855708934772995811  -0.72948140597582000755 )	1.3512498003978082 6.128431095930864e-14
392	(  -0.92855708934833003365  -0.72948140597347999048 )	1.3512498003960665 7.975842208907125e-13
393	(  -0.92855708934772995811  -0.72948140597382005179 )	1.3512498003958082 -2.8563817977556027e-12
394	(  -0.92855708934772995811  -0.7294814059778199633  )	1.3512498003998081 2.97895041967422e-12
395	(  -0.92855708934723002468  -0.72948140597582999956 )	1.3512498003973195 -3.382627511427927e-12
396	(  -0.92855708934823000256  -0.72948140597581001554 )	1.3512498003982967 3.5056402225563943e-12
397	(  -0.9285570893479300203   -0.72948140597563004839 )	1.3512498003978175 1.1679546219056647e-12
398	(  -0.92855708934768999008  -0.72948140597482002967 )	1.3512498003967683 -1.673772231924886e-12
399	(  -0.92855708934777003716  -0.72948140597681998543 )	1.351249800398848 1.7976731214730535e-12
400	(  -0.9285570893478299892   -0.72948140597533994711 )	1.3512498003974276 5.240252676230739e-14
401	(  -0.92855708934812997146  -0.72948140597389998785 )	1.351249800396287 2.6645352591003757e-14
402	(  -0.92855708934903002927  -0.72948140596957999904 )	1.3512498003928646 -5.062616992290714e-14
403	(  -0.92855708935172998064  -0.7294814059566200326  )	1.3512498003825972 -2.8421709430404007e-13
404	(  -0.92855708935982994578  -0.72948140591774002228 )	1.3512498003517948 -9.841016890277388e-13
405	(  -0.92855708935373004742  -0.72948140595418997645 )	1.3512498003821616 1.000444171950221e-11
406	(  -0.92855708934973002489  -0.72948140595904997774 )	1.3512498003830327 -1.057154364048074e-11
407	(  -0.92855708935222003308  -0.72948140596662003343 )	1.351249800393086 1.7696066834105295e-11
408	(  -0.92855708935124003922  -0.72948140594662003178 )	1.3512498003721087 -1.8262280576664125e-11
409	(  -0.92855708935272995852  -0.72948140595595001301 )	1.3512498003829245 5.655031998230697e-12
410	(  -0.92855708935073000276  -0.7294814059572900522  )	1.35124980038227 -6.2230220976289274e-12
411	(  -0.92855708935185998776  -0.72948140596162003302 )	1.351249800387727 7.910117005849315e-12
412	(  -0.92855708935159997353  -0.72948140595162003219 )	1.3512498003774676 -8.477663016037695e-12
413	(  -0.92855708935223002509  -0.72948140595472998893 )	1.351249800381206 4.1744385725905886e-13
414	(  -0.92855708935123004721  -0.72948140595850996526 )	1.3512498003839886 -9.841016890277388e-13
415	(  -0.92855708935220004907  -0.72948140595861998836 )	1.351249800385066 5.88507020893303e-12
416	(  -0.92855708935126002324  -0.72948140595461996583 )	1.3512498003801285 -6.45261621912141e-12
417	(  -0.92855708935170000462  -0.72948140595762001048 )	1.3512498003835671 9.681144774731365e-13
418	(  -0.92855708935193004283  -0.72948140595677002374 )	1.3512498003829467 1.318944953254686e-12
419	(  -0.92855708935175995666  -0.72948140595562005473 )	1.3512498003816271 -1.5347723092418164e-12
420	(  -0.92855708935153002948  -0.72948140595647004147 )	1.3512498003822477 -1.886046874233216e-12
421	(  -0.9285570893516700286   -0.72948140595711996603 )	1.3512498003830373 3.108624468950438e-14
422	(  -0.92855708935148995042  -0.72948140595861998836 )	1.3512498003843576 9.734435479913373e-13
423	(  -0.92855708935146996641  -0.72948140595781996165 )	1.3512498003835378 -3.3173463975799677e-13
424	(  -0.92855708935186997977  -0.72948140595641997042 )	1.3512498003825368 3.9257486150745535e-13
425	(  -0.92855708935153002948  -0.72948140595611998815 )	1.3512498003818978 -2.396749465560788e-12
426	(  -0.92855708935181002772  -0.72948140595812005493 )	1.3512498003841769 2.4575896873102465e-12
427	(  -0.92855708935168002061  -0.7294814059566200326  )	1.3512498003825475 -6.292744103575387e-13
428	(  -0.9285570893515699975   -0.729481405957070006   )	1.3512498003828877 -7.345235530920036e-13
429	(  -0.92855708935168002061  -0.72948140595692001487 )	1.3512498003828473 -1.9184653865522705e-13
430	(  -0.9285570893516700286   -0.72948140595732002822 )	1.3512498003832374 3.2240876635114546e-13
431	(  -0.92855708935169001261  -0.72948140595721999713 )	1.3512498003831572 3.1441516057384433e-13
