1	(  12.660000000000000142   -14.689999999999999503     9.3399999999999998579  )	370.1858000000001 -400.6122 -47.59559999999999
2	(  11.660000000000000142   -13.689999999999999503    10.339999999999999858   )	280.50580000000025 -346.8522 -71.2756
3	(   8.6600000000000001421  -10.689999999999999503    13.339999999999999858   )	107.46580000000006 -209.57219999999998 -154.31560000000002
4	(  -0.34000000000000002442  -1.6899999999999999467   22.339999999999999858   )	452.34580000000017 -13.732199999999999 -511.4356
5	(   4.6600000000000001421  -15.689999999999999503    17.339999999999999858   )	359.58579999999995 -485.37219999999996 -293.0356
6	(  13.660000000000000142   -10.689999999999999503    18.339999999999999858   )	585.6657999999999 -194.57219999999995 -292.7156
7	(   3.6600000000000001421  -10.689999999999999503     8.3399999999999998579  )	-70.73420000000004 -224.57219999999998 -65.9156
8	( -11.339999999999999858   -10.689999999999999503    -6.6600000000000001421  )	1194.6657999999998 -269.57219999999995 -100.7156
9	(  13.660000000000000142    -9.6899999999999995026    4.3399999999999998579  )	261.8657999999999 -153.81219999999996 24.8044
10	(  43.659999999999996589    -6.6900000000000003908   -7.6600000000000001421  )	6467.6658 34.46779999999998 104.96439999999998
11	( 133.65999999999999659      2.3100000000000000533  -43.659999999999996589   )	71957.0658 383.30780000000004 -1382.5555999999997
12	(  -6.3399999999999998579   -5.6900000000000003908  -14.660000000000000142   )	1125.3858 -90.7722 -251.2756
13	(  93.659999999999996589    -7.6900000000000003908   -0.66000000000000003109 )	32009.945799999998 155.70780000000002 363.20439999999996
14	(  47.659999999999996589   -26.690000000000001279   -54.659999999999996589   )	15798.065799999998 -1288.7322000000001 -2808.0755999999997
15	(  34.659999999999996589   -25.690000000000001279    42.340000000000010516   )	7139.585799999999 -1222.9722000000002 -1665.035600000001
16	(  39.659999999999996589    13.310000000000000497    39.340000000000010516   )	7701.265799999999 -242.33220000000003 -1399.9956000000006
17	(  52.659999999999996589    12.310000000000000497   -57.659999999999996589   )	17887.7458 -152.09220000000002 -3125.0355999999997
18	(  36.659999999999996589    -4.6900000000000003908   12.339999999999999858   )	4143.385799999999 58.98779999999999 -16.63560000000001
19	(  15.660000000000000142     1.3100000000000000533   72.340000000000003411   )	9218.545799999998 36.5478 -5181.4356
20	( -13.339999999999999858    -5.6900000000000003908   -5.6600000000000001421  )	1325.6658 -111.7722 -96.3956
21	(  34.659999999999996589    15.310000000000000497    12.339999999999999858   )	4383.625799999999 -371.8122000000001 -24.63560000000001
22	(  86.659999999999996589    -3.6899999999999999467   30.339999999999999858   )	28261.105799999998 225.7478 -584.8756
23	(  38.659999999999996589   -24.690000000000001279    12.339999999999999858   )	5535.145799999999 -1110.2122000000002 -8.63560000000001
24	(  54.659999999999996589    -4.6900000000000003908  -37.659999999999996589   )	13856.425799999997 112.9878 -1210.6355999999996
25	(  18.660000000000000142    -4.6900000000000003908   62.340000000000003411   )	7022.345799999999 4.9878 -3822.6356000000005
26	(  28.660000000000000142     1.3100000000000000533   -7.6600000000000001421  )	2665.385800000001 75.54780000000001 44.9644
27	(  48.659999999999996589     5.3099999999999996092   18.339999999999999858   )	8239.305799999996 82.5878 -152.7156
28	(  56.659999999999996589    -8.6899999999999995026   -0.66000000000000003109 )	11000.345799999996 11.9478 215.2044
29	(  24.660000000000000142   -14.689999999999999503     6.3399999999999998579  )	1743.4657999999997 -364.6122 47.4444
30	(  16.660000000000000142    -0.68999999999999994671  25.339999999999999858   )	1226.4258 42.027800000000006 -586.4756
31	(  44.659999999999996589   -10.689999999999999503    32.340000000000010516   )	7877.385799999998 -101.57219999999998 -878.2356000000008
32	(  45.659999999999996589    -9.6899999999999995026   13.339999999999999858   )	6901.0658 -57.81219999999999 -6.315600000000018
33	(  72.659999999999996589   -24.690000000000001279    16.339999999999999858   )	19686.1058 -1008.2122000000002 12.644400000000019
34	(  25.660000000000000142    -4.6900000000000003908   14.339999999999999858   )	1823.0258000000003 25.9878 -113.99559999999998
35	(  44.659999999999996589    -8.6899999999999995026    3.3399999999999998579  )	6458.425799999999 -24.0522 156.4844
36	(  55.659999999999996589     0.30999999999999999778  14.339999999999999858   )	10627.625799999996 159.78779999999998 6.004400000000004
37	(  65.659999999999996589   -14.689999999999999503    12.339999999999999858   )	15283.105800000001 -241.6122 99.36439999999999
38	(  46.659999999999996589   -10.689999999999999503    23.339999999999999858   )	7755.705799999998 -95.57219999999998 -369.1156
39	(  35.659999999999996589   -19.690000000000001279    12.339999999999999858   )	4378.5058 -675.4122000000001 -20.63560000000001
40	(  35.659999999999996589    -6.6900000000000003908   12.339999999999999858   )	3900.6258 10.467799999999983 -20.63560000000001
41	(   5.6600000000000001421    2.3100000000000000533    9.3399999999999998579  )	-60.694199999999995 -0.6921999999999997 -75.59559999999999
42	(  55.659999999999996589    -9.6899999999999995026   15.339999999999999858   )	10690.585799999997 -27.81219999999999 -23.675600000000003
43	(  15.660000000000000142    -3.6899999999999999467    9.3399999999999998579  )	382.6658000000001 12.747800000000005 -35.59559999999999
44	(  42.659999999999996589     3.3100000000000000533   10.339999999999999858   )	5912.265799999998 99.06779999999999 52.72439999999999
45	(  40.659999999999996589    -9.6899999999999995026    2.3399999999999998579  )	5258.7058 -72.81219999999999 146.1644
46	(  30.660000000000000142    -3.6899999999999999467   22.339999999999999858   )	3178.545800000001 57.74780000000001 -387.4356
47	(  28.660000000000000142   -16.690000000000001279    14.339999999999999858   )	2696.9858000000004 -478.1322 -101.99559999999998
48	(  30.660000000000000142    -5.6900000000000003908    7.3399999999999998579  )	2653.6658000000007 20.227800000000002 57.764399999999995
49	(  45.659999999999996589    -7.6900000000000003908    9.3399999999999998579  )	6778.105799999999 11.707799999999978 84.4044
50	(  37.659999999999996589    -1.6899999999999999467   13.339999999999999858   )	4444.745799999999 100.2678 -38.31560000000002
51	(  25.660000000000000142    -5.6900000000000003908   15.339999999999999858   )	1863.1458000000002 5.227800000000002 -143.67559999999997
52	(  40.659999999999996589    -7.6900000000000003908   17.339999999999999858   )	5451.5858 -3.2922000000000224 -149.0356
53	(  33.659999999999996589   -11.689999999999999503    11.339999999999999858   )	3492.5058 -179.33219999999997 -4.955600000000004
54	(  40.659999999999996589    -6.6900000000000003908   12.339999999999999858   )	5262.025799999999 25.467799999999983 -0.6356000000000108
55	(  30.660000000000000142    -6.6900000000000003908   12.339999999999999858   )	2739.225800000001 -4.532200000000003 -40.6356
56	(  35.659999999999996589    -5.6900000000000003908   10.339999999999999858   )	3849.1457999999993 35.22779999999999 24.72439999999999
57	(  35.659999999999996589    -8.6899999999999995026   11.339999999999999858   )	3906.7857999999997 -51.0522 3.044399999999996
58	(  35.659999999999996589    -4.6900000000000003908   13.339999999999999858   )	3914.4658 55.987799999999986 -46.31560000000002
59	(  35.659999999999996589    -7.6900000000000003908   14.339999999999999858   )	3972.1058000000003 -18.292200000000022 -73.9956
60	(  36.659999999999996589    -6.6900000000000003908   11.339999999999999858   )	4133.5458 13.467799999999983 7.044399999999996
61	(  39.659999999999996589    -6.6900000000000003908    8.3399999999999998579  )	4904.3058 22.467799999999983 78.08439999999999
62	(  31.660000000000000142    -6.6900000000000003908    9.3399999999999998579  )	2897.4258 -1.5322000000000031 28.40440000000001
63	(  41.659999999999996589    -6.6900000000000003908   13.339999999999999858   )	5585.665799999999 28.467799999999983 -22.315600000000018
64	(  32.659999999999996589    -5.6900000000000003908   12.339999999999999858   )	3171.0257999999994 26.227799999999988 -32.63560000000001
65	(  40.659999999999996589    -7.6900000000000003908   10.339999999999999858   )	5232.065799999999 -3.2922000000000224 44.72439999999999
66	(  33.659999999999996589    -7.6900000000000003908   13.339999999999999858   )	3452.1857999999993 -24.292200000000022 -54.31560000000002
67	(  39.659999999999996589    -5.6900000000000003908    9.3399999999999998579  )	4906.9057999999995 47.22779999999999 60.404399999999995
68	(  34.659999999999996589    -6.9400000000000003908   11.339999999999999858   )	3631.800799999999 0.652799999999985 -0.955600000000004
69	(  28.660000000000000142    -7.9400000000000003908   11.339999999999999858   )	2323.880800000001 -47.107200000000006 -24.95559999999999
70	(  39.659999999999996589    -6.9400000000000003908   11.339999999999999858   )	4953.2008 15.652799999999985 19.044399999999996
71	(  29.660000000000000142    -6.9400000000000003908   11.339999999999999858   )	2510.4008000000003 -14.3472 -20.95559999999999
72	(  33.659999999999996589    -5.9400000000000003908   10.339999999999999858   )	3362.4007999999994 23.412799999999976 16.72439999999999
73	(  35.659999999999996589    -7.9400000000000003908   12.339999999999999858   )	3917.2007999999996 -26.10720000000002 -20.63560000000001
74	(  37.659999999999996589    -6.9400000000000003908   10.339999999999999858   )	4381.280799999999 9.652799999999985 32.72439999999999
75	(  31.660000000000000142    -6.9400000000000003908   12.339999999999999858   )	2958.3208000000004 -8.3472 -36.6356
76	(  28.660000000000000142    -7.6900000000000003908   11.339999999999999858   )	2320.0658000000003 -39.29220000000001 -24.95559999999999
77	(  33.659999999999996589    -6.4400000000000003908   10.970000000000000639   )	3378.511399999999 11.03279999999998 3.2990999999999673
78	(  35.659999999999996589    -7.4400000000000003908   11.710000000000000853   )	3894.6377999999995 -10.727200000000025 -5.484100000000041
79	(  36.659999999999996589    -7.1100000000000003197   10.890000000000000568   )	4129.210799999999 1.875799999999984 17.04789999999997
80	(  32.659999999999996589    -7.3899999999999996803   10.949999999999999289   )	3156.9115999999995 -18.244200000000006 -0.26250000000000284
81	(  36.659999999999996589    -6.4900000000000002132   11.730000000000000426   )	4140.108399999999 18.73979999999999 -1.952900000000028
82	(  32.659999999999996589    -6.7699999999999995737   11.789999999999999147   )	3167.3163999999992 -0.6858000000000004 -19.364100000000008
83	(  34.659999999999996589    -6.9199999999999999289   11.140000000000000568   )	3627.374399999999 1.207199999999986 3.540399999999977
84	(  35.659999999999996589    -7.1399999999999996803   11.330000000000000071   )	3882.2994 -1.9792000000000058 3.27109999999999
85	(  34.659999999999996589    -6.9599999999999999645   11.539999999999999147   )	3636.3887999999993 0.09679999999998756 -5.531599999999997
86	(  33.659999999999996589    -6.7400000000000002132   11.349999999999999645   )	3389.4625999999994 3.124799999999979 -5.1825000000000045
87	(  33.659999999999996589    -7.0599999999999996092   11.320000000000000284   )	3392.5344 -5.7072 -4.502400000000023
88	(  35.659999999999996589    -6.8200000000000002842   11.359999999999999432   )	3879.1263999999996 6.9551999999999765 2.5903999999999883
89	(  34.329999999999998295    -6.9199999999999999289   11.240000000000000213   )	3549.2735999999986 0.21719999999999118 -0.017600000000015825
90	(  33.329999999999998295    -6.8600000000000003197   10.939999999999999503   )	3304.8319999999994 -1.1292000000000115 2.636400000000009
91	(  35.329999999999998295    -7.1200000000000001066   11.310000000000000497   )	3798.8065999999985 -2.3988000000000085 2.403899999999979
92	(  33.329999999999998295    -6.7199999999999997513   11.169999999999999929   )	3307.9201999999996 2.6732000000000085 -2.448900000000009
93	(  34.329999999999998295    -6.9400000000000003908   11.039999999999999147   )	3545.3959999999993 -0.33720000000000994 4.438400000000016
94	(  34.329999999999998295    -6.9000000000000003553   11.439999999999999503   )	3553.3127999999992 0.7699999999999818 -4.553599999999989
95	(  33.329999999999998295    -7.1100000000000003197   11.210000000000000853   )	3313.2979999999993 -8.114200000000011 -3.344100000000026
96	(  35.329999999999998295    -6.7300000000000004263   11.269999999999999574   )	3793.3971999999994 8.404199999999989 3.3071000000000055
97	(  33.340000000000010516    -6.8600000000000003197   10.939999999999999503   )	3307.1688000000017 -1.0991999999999678 2.676400000000058
98	(  33.829999999999998295    -6.9500000000000001776   11.230000000000000426   )	3429.5963999999994 -2.115000000000009 -1.7929000000000173
99	(  34.420000000000001705    -7.0199999999999995737   11.330000000000000071   )	3574.1442000000006 -2.300799999999981 -1.6888999999999896
100	(  34.829999999999998295    -6.8899999999999996803   11.25                   )	3670.9548 2.5458 1.7574999999999932
101	(  34.24000000000000199     -6.8200000000000002842   11.150000000000000355   )	3524.540200000001 2.6951999999999856 1.6375000000000028
102	(  34.520000000000003126    -7                       11.140000000000000568   )	3594.200800000001 -1.4399999999999977 2.980400000000003
103	(  34.140000000000000568    -6.8399999999999998579   11.339999999999999858   )	3504.700800000001 1.8488000000000113 -3.035599999999988
104	(  34.200000000000002842    -6.9221000000000003638   11.189999999999999503   )	3516.90953682 -0.2309368199999966 0.5839000000000283
105	(  34.460000000000000853    -6.9179000000000003823   11.289999999999999147   )	3581.7828808200006 0.6653191799999831 -0.6240999999999843
106	(  34.320000000000000284    -6.9699999999999997513   11.243299999999999628   )	3547.5157897799995 -1.2017999999999915 -0.13179488999999478
107	(  34.130000000000002558    -6.9161000000000001364   11.272700000000000387   )	3501.747609000001 -0.2748784199999932 -1.5537652900000012
108	(  34.340000000000003411    -6.8700000000000001066   11.236700000000000799   )	3551.0422537800005 1.6262000000000114 0.09657310999999424
109	(  34.530000000000001137    -6.9238999999999997215   11.20730000000000004    )	3597.123929000001 0.7092175800000149 1.5164267100000046
110	(  34.310000000000002274    -6.9400000000000003908   11.235799999999999343   )	3544.58880328 -0.397199999999998 -0.003201639999971917
111	(  34.350000000000001421    -6.9249000000000000554   11.259999999999999787   )	3554.58528002 0.14151998000001242 -0.38759999999999195
112	(  34.310000000000002274    -6.9150999999999998025   11.220000000000000639   )	3543.96681602 0.29278398000001005 0.3515999999999906
113	(  34.229999999999996874    -6.9166999999999996263   11.24409999999999954    )	3525.197047399999 0.008522220000003244 -0.5097848099999993
114	(  34.429999999999999716    -6.9233000000000002316   11.235900000000000887   )	3573.4302634 0.4258342199999845 0.47455118999998547
115	(  34.350000000000001421    -6.9000000000000003553   11.244199999999999307   )	3553.9632672800008 0.8299999999999983 -0.03203363999998032
116	(  34.305100000000003035    -6.9230999999999998096   11.230000000000000426   )	3543.0860712600006 0.056672780000013745 0.1075000000000017
117	(  34.235100000000009857    -6.9324000000000003396   11.199999999999999289   )	3525.687927560003 -0.41103951999998856 0.5004000000000559
118	(  34.205100000000001614    -6.9261999999999996902   11.227800000000000225   )	3518.9722426000008 -0.3291928799999795 -0.24309284000000275
119	(  34.285099999999999909    -6.9158999999999997144   11.25                   )	3538.59397366 0.19595438000000343 -0.42210000000000036
120	(  34.315100000000001046    -6.9431000000000002714   11.237600000000000477   )	3545.8946347800006 -0.4679752199999996 -0.0232537600000029
121	(  34.29510000000001213     -6.9031000000000002359   11.222400000000000375   )	3540.280138780003 0.5797207800000166 0.23813824000004047
122	(  34.325100000000013267    -6.9302999999999999048   11.210000000000000853   )	3547.583176220003 -0.08281617999996627 0.6363000000000341
123	(  34.405100000000011562    -6.9199999999999999289   11.232200000000000628   )	3567.2799577200035 0.4425000000000381 0.45808316000002947
124	(  34.230400000000017258    -6.9324000000000003396   11.199999999999999289   )	3524.555876160005 -0.42513951999995925 0.4816000000000855
125	(  34.255100000000012983    -6.9225000000000003197   11.221899999999999764   )	3530.8476957600033 -0.07671249999997087 0.0893603900000528
126	(  34.105100000000049931    -6.9207000000000000739   11.197599999999999554   )	3494.254152540011 -0.476876979999858 0.034154240000205505
127	(  34.245100000000022078    -6.9124999999999996447   11.222599999999999909   )	3528.3356100600054 0.1699875000000759 0.03364924000008784
128	(  34.265100000000010994    -6.9227999999999996206   11.241899999999999338   )	3533.680562940003 -0.05501967999995827 -0.3199156099999385
129	(  34.265100000000010994    -6.9325000000000001066   11.221199999999999619   )	3533.3609834200024 -0.3238124999999741 0.14507056000005036
130	(  34.155100000000011562    -6.9233000000000002316   11.223399999999999821   )	3506.824304940003 -0.39886577999996575 -0.34430755999994744
131	(  34.245100000000022078    -6.9222000000000001307   11.20190000000000019    )	3528.0172289400048 -0.09840567999994221 0.4978363900000886
132	(  34.35510000000002151     -6.9217000000000004079   11.220399999999999707   )	3554.9510981400053 0.24543822000005378 0.5230238400000928
133	(  34.272500000000022169    -6.9275000000000002132   11.229599999999999582   )	3535.2624698200057 -0.16301249999993672 -0.013916159999908473
134	(  34.237700000000010903    -6.9175000000000004263   11.214199999999999946   )	3526.435680940003 0.009487500000020077 0.19251836000005085
135	(  34.305100000000010141    -6.9189540000000002706   11.226599999999999469   )	3542.9665240682352 0.1714510917680201 0.1838524400000523
136	(  34.205100000000022931    -6.9260460000000003689   11.21720000000000006    )	3518.749006108238 -0.32492638823192976 -0.005175839999907339
137	(  34.214400000000011914    -6.9200450000000000017   11.231899999999999551   )	3521.2243502640536 -0.13084560404996637 -0.29797760999994694
138	(  34.295800000000021157    -6.9249549999999997496   11.211899999999999977   )	3540.4847172840555 -0.022603504049925505 0.47649839000008853
139	(  34.248900000000020327    -6.9220750000000004221   11.226900000000000546   )	3529.452916671255 -0.08354461124994828 -0.04768360999993604
140	(  34.23030000000004236     -6.9207999999999998408   11.241899999999999338   )	3525.2710288600106 -0.10404527999986612 -0.45911560999981305
141	(  34.257700000000021134    -6.9170749999999996405   11.226200000000000401   )	3531.5009231512545 0.0812468887500728 0.0032335600000692466
142	(  34.287700000000022271    -6.9020749999999999602   11.224099999999999966   )	3538.517905391255 0.5858213887500625 0.17037919000009083
143	(  34.197700000000018861    -6.9197749999999995651   11.216200000000000614   )	3516.8742981412547 -0.17347210124994206 -0.01234243999994078
144	(  34.237700000000018008    -6.9270750000000003155   11.230399999999999494   )	3526.8860095912537 -0.2556361112499559 -0.17108415999992133
145	(  34.317700000000030514    -6.9143749999999997158   11.236200000000000188   )	3546.1567773212573 0.335936718750105 0.018609560000115266
146	(  34.277700000000031366    -6.9070749999999998536   11.221999999999999531   )	3536.119507271258 0.4177298887500882 0.17751600000013923
147	(  34.157700000000019713    -6.912474999999999703    11.231400000000000716   )	3507.4898903312546 -0.09152125124992949 -0.5135459599999308
148	(  34.357700000000029661    -6.9216749999999995779   11.221000000000000085   )	3555.5921487712567 0.2539303887501063 0.5199590000001137
149	(  34.284100000000030661    -6.9020749999999999602   11.224099999999999966   )	3537.649271471257 0.5750213887501019 0.1559791900001244
150	(  34.277000000000022339    -6.9204429999999996781   11.231199999999999406   )	3536.2987975125034 0.04593736750207711 -0.03185343999989243
151	(  34.337000000000031719    -6.9305430000000001201   11.246199999999999974   )	3551.218669429705 -0.05385254969790765 -0.12901443999987805
152	(  34.187000000000018929    -6.9250429999999996156   11.221199999999999619   )	3514.466487983703 -0.3514411036979226 -0.1673294399999179
153	(  34.367000000000032855    -6.9158429999999997406   11.241199999999999193   )	3558.196391681306 0.44323119870210803 0.10342256000015482
154	(  34.377000000000030866    -6.9298429999999999751   11.226200000000000401   )	3560.465808889305 0.0855519907020863 0.4804335600001082
155	(  34.177000000000020918    -6.9110430000000002693   11.236200000000000188   )	3512.2122395757024 0.005969304302055889 -0.5441904399999231
156	(  34.227000000000032287    -6.9304430000000003531   11.240299999999999514   )	3524.5555965325066 -0.38108035249791783 -0.4363440899998636
157	(  34.327000000000019497    -6.9104429999999998913   11.222099999999999298   )	3548.062729732503 0.47255508750205877 0.3724715900000888
158	(  34.33490000000003306     -6.930546999999999791    11.246199999999999974   )	3550.7111723584258 -0.06026343841789128 -0.13741443999987268
159	(  34.291900000000019588    -6.9254429999999995715   11.231730000000000658   )	3539.963353518303 -0.04782149249793122 0.015841207100066867
160	(  34.331900000000018736    -6.9404430000000001399   11.233330000000000481   )	3549.832626290302 -0.3437980724979468 0.13989711110006908
161	(  34.301900000000017599    -6.9206430000000001002   11.241730000000000445   )	3542.5304522927017 0.11510093310205605 -0.1688933928999461
162	(  34.281900000000021578    -6.930242999999999931    11.221730000000000871   )	3537.3975469039046 -0.21083607809792682 0.2003758071000732
163	(  34.391900000000021009    -6.9301430000000001641   11.232929999999999637   )	3564.2170312107028 0.12193599910206387 0.3888836151000987
164	(  34.191900000000018167    -6.9207429999999998671   11.230529999999999902   )	3515.789769945903 -0.21766734409794708 -0.35720408089991906
165	(  34.341900000000016746    -6.9154429999999997847   11.226430000000000575   )	3551.8124393023018 0.3789962275020571 0.33486945510004773
166	(  34.24190000000002243     -6.9354430000000002465   11.23703000000000074    )	3528.1347800943036 -0.4750392124979328 -0.3032432208999296
167	(  34.336600000000011335    -6.9404430000000001399   11.233320000000009742   )	3550.968284757301 -0.3296980724979619 0.15892177759982928
168	(  34.24190000000002243     -6.9210079999999996048   11.229654999999999276   )	3527.811320750183 -0.0750034721279178 -0.13755141902488788
169	(  34.341900000000016746    -6.9298780000000004264   11.233805000000000263   )	3552.1354821858217 -0.020718189767947592 0.1692252219750543
170	(  34.276300000000020418    -6.9248649999999996041   11.236729999999999663   )	3536.297419482255 -0.07861053644992921 -0.15890109289991017
171	(  34.307500000000018758    -6.9260210000000004271   11.226729999999999876   )	3543.6313357706863 -0.017033784881959946 0.19053350710008488
172	(  34.333300000000029684    -6.9204429999999996781   11.232445999999999486   )	3549.9180124783365 0.21483736750208493 0.1653568570841344
173	(  34.250500000000016598    -6.9304430000000003531   11.231014000000000053   )	3530.022508288894 -0.3105803524979649 -0.133675468195932
174	(  34.298800000000021271    -6.9234429999999997918   11.233190999999999704   )	3541.6359397934652 0.0282740515020663 0.010619957519097056
175	(  34.319500000000033424    -6.9174429999999995644   11.237574000000000396   )	3546.6561311274586 0.2564646835021165 -0.005069405475879307
176	(  34.297900000000019816    -6.9284429999999996852   11.233909000000000589   )	3541.492241289065 -0.11294480849794297 -0.009111420280930815
177	(  34.286500000000017963    -6.9227040000000004127   11.238191000000000486   )	3538.7635162481984 0.01183865676804885 -0.15093695248093297
178	(  34.299700000000029831    -6.9184429999999998984   11.232473000000000596   )	3541.7797468399635 0.16939291150208646 0.030350304271109962
179	(  34.311100000000031685    -6.924182000000000059    11.228191000000000699   )	3544.509675843217 0.044707261752080285 0.17212686751911122
180	(  34.248800000000031218    -6.9235309999999996577   11.231970999999999705   )	3529.5519138656123 -0.12416301592189427 -0.16197254484086443
181	(  34.348800000000018429    -6.9233549999999999258   11.234410999999999703   )	3553.7399717058975 0.1807110879500584 0.18320948307908225
182	(  34.287600000000018952    -6.9242889999999999162   11.231191000000000813   )	3538.900905908009 -0.028756311041945537 0.010748721519064475
183	(  34.284800000000018372    -6.9214430000000000121   11.23313399999999973    )	3538.232685488414 0.04165359550205494 -0.0440994619559234
184	(  34.312800000000031275    -6.9254429999999995715   11.233247999999999678   )	3545.040778111514 0.014878507502103844 0.06533937049613314
185	(  34.310000000000030695    -6.9225969999999996674   11.235191000000000372   )	3544.371996061788 0.08530155118209848 0.010483193519121414
186	(  34.278800000000018144    -6.9247990000000001487   11.234887999999999764   )	3536.8611208858947 -0.06928238080195115 -0.10750837254391854
187	(  34.318800000000031503    -6.922087000000000323    11.231493999999999645   )	3546.413977575217 0.12582312886208058 0.12874252796413543
188	(  34.297900000000019816    -6.9244430000000001257   11.233542999999999168   )	3541.4377560262005 -0.002121720497953561 -0.0008883328489019959
189	(  34.295200000000022555    -6.9274430000000002394   11.234598999999999336   )	3540.843270578105 -0.09333303649793834 -0.035414690800891435
190	(  34.302500000000030411    -6.9240779999999997329   11.235542999999999836   )	3542.5858103098726 0.021787699832088947 -0.027426504848875766
191	(  34.293300000000023431    -6.9248079999999996303   11.231543000000000276   )	3540.28988755543 -0.02603167372791404 0.025641839151091972
192	(  34.307900000000017826    -6.924998000000000431    11.232729000000000852   )	3543.841441814895 0.012505399992036814 0.057399212559047896
193	(  34.299600000000019406    -6.922443000000000346    11.233022000000000062   )	3541.8138253214715 0.05836582350204367 0.01761674751607245
194	(  34.287900000000021805    -6.9238879999999998205   11.23435699999999926    )	3539.0348741199914 -0.01675007308793397 -0.059177203448896876
195	(  34.296200000000020225    -6.9264429999999999055   11.23406400000000005    )	3541.061726936695 -0.06262526449793882 -0.01939395609592509
196	(  34.302900000000022374    -6.9244560000000001665   11.233549999999999258   )	3542.645070636877 0.01251820812805704 0.018954397500110076
197	(  34.292900000000017258    -6.924430000000000085    11.233536000000000854   )	3540.2306414163963 -0.0167616497999461 -0.020731063295954755
198	(  34.297980000000016787    -6.923817999999999806    11.232542999999999722   )	3541.428824209549 0.015428605752049407 0.021897753151080224
199	(  34.297944000000022413    -6.9234429999999997918   11.234168000000000376   )	3541.4497657614957 0.025706051502069727 -0.014754652223913922
200	(  34.29782000000002995     -6.9250679999999995573   11.23454300000000039    )	3541.4466934565535 -0.019673609247902846 -0.023676418848893377
201	(  34.297856000000017218    -6.9254429999999995715   11.232917999999999736   )	3541.4257518688946 -0.029953492497938328 0.012977205276072823
202	(  34.299873000000019374    -6.9241593300000001676   11.234042999999999779   )	3541.921170090671 0.011654145547950634 -0.004230125848920352
203	(  34.295900000000017371    -6.923962719999999571    11.233763809999999239   )	3540.9540104536354 0.005180504100465555 -0.013849338865625782
204	(  34.29990000000002226     -6.9249232799999997923   11.233322190000000873   )	3541.921534716471 -0.00942486777184115 0.012072575653675699
205	(  34.295927000000020257    -6.9247266700000000839   11.233043000000000333   )	3540.954374425437 -0.015897908418523343 0.00245296015107499
206	(  34.298837000000020225    -6.9239691700000003394   11.233043000000000333   )	3541.6479267041996 0.013812865779073036 0.014092960151074863
207	(  34.296963000000019406    -6.9249168299999999121   11.234042999999999779   )	3541.227594270012 -0.018057204834434515 -0.015870125848920225
208	(  34.297458000000020206    -6.9242429999999997037   11.233418190000000081   )	3541.3261131960044 0.002091753902064397 0.00014776857720733005
209	(  34.296132000000021378    -6.9236430000000002138   11.233043759999999267   )	3540.991195416749 0.014731217102053051 0.0032558859251707872
210	(  34.298748000000017555    -6.9247430000000003147   11.233626360000000588   )	3541.6477064542914 -0.007887232097957053 0.0006308039132107979
211	(  34.296168000000029963    -6.9237429999999999808   11.233210019999999574   )	3541.0045344238574 0.012069739902102583 -0.00033535342826951364
212	(  34.29674600000002016     -6.9241496299999996111   11.233918190000000692   )	3541.1636281105534 0.0025418027418027123 -0.013933899612808887
213	(  34.298170000000020252    -6.9243363699999997962   11.23291818999999947    )	3541.4886033718803 0.0016416701905086484 0.014228936767210598
214	(  34.295458000000017762    -6.9246110200000003942   11.233308960000000454   )	3540.8453882973035 -0.014101556610839339 -0.0053981908162228365
215	(  34.299458000000029756    -6.9238749799999999013   11.233527419999999708   )	3541.8068706841873 0.01828452266009606 0.005693704108267639
216	(  34.296458000000029642    -6.9242191899999996352   11.23332169999999941    )	3541.0824391567744 -0.0002487823284127444 -0.001684415690760943
217	(  34.29345800000005795     -6.9241477600000003179   11.233032229999999174   )	3540.3514652761337 -0.007270404625870697 -0.00718108021851549
218	(  34.296679000000040105    -6.9241328299999995721   11.232821700000000575   )	3541.124306219123 0.0028061050325192127 0.010432656009257357
219	(  34.29740200000002659     -6.9247191900000002462   11.233261439999999709   )	3541.314885077913 -0.011265720708451 0.003445420609239136
220	(  34.2955140000000398      -6.9237191899999999123   11.233381960000000888   )	3540.8500013792495 0.010767156051613824 -0.0068142592533035895
221	(  34.298458000000032087    -6.9239945599999996872   11.233415799999999507   )	3541.564540956262 0.011972666180909641 0.004201464310497727
222	(  34.29623700000003339     -6.9243055499999996982   11.233821700000000021   )	3541.0405735149875 -0.0033036995214956733 -0.01380198739076377
223	(  34.294458000000027198    -6.9244438199999995831   11.233227599999999313   )	3540.6003695945387 -0.012470432672287757 -0.007570313401629392
224	(  34.297458000000027312    -6.9242699899999999857   11.233373300000000228   )	3541.3254891901975 0.0013442111708741322 0.0011563028472210135
225	(  34.296704000000026724    -6.9242284600000001404   11.233121699999999876   )	3541.1377386810395 0.00023246745212190945 0.0037928729892229285
226	(  34.295458000000031973    -6.9241683900000001728   11.233270100000000369   )	3540.839397144322 -0.001841786150279745 -0.004525139553891222
227	(  34.296708000000030836    -6.9240191900000001013   11.233324749999999526   )	3541.140506873965 0.006040513023577887 -0.0007529389624352234
228	(  34.296208000000028449    -6.9244191900000000572   11.233318649999999295   )	3541.024372099619 -0.006538237680430825 -0.0026158924376886716
229	(  34.296212000000039666    -6.9242099200000000181   11.23352170000000072    )	3541.02714027698 -0.0007300324526937629 -0.007161784370751434
230	(  34.296448300000029974    -6.9242315200000001951   11.233221699999999643   )	3541.0781487661234 -0.0006193851229454594 0.0005234386492389831
231	(  34.296419200000030969    -6.9242685100000000986   11.232921700000000342   )	3541.0652778423387 -0.001731197155152131 0.007146881669228833
232	(  34.296948300000032361    -6.9241965600000003889   11.233330799999999172   )	3541.200710438988 0.0018488969684256062 7.233777151327558e-5
233	(  34.295948300000027587    -6.9242664800000000014   11.233112600000000114   )	3540.9555891457585 -0.0030876721030921317 0.0009745157213529865
234	(  34.296248810000030005    -6.9240315199999997731   11.233303899999999231   )	3541.029379099129 0.004321450093073054 -0.0021212697550794246
235	(  34.296647790000029943    -6.924431519999999729    11.233139500000000055   )	3541.1269189385143 -0.0055603803389345785 0.003168133539872997
236	(  34.296226920000030702    -6.9243490500000000054   11.233421699999999177   )	3541.030275545071 -0.004538772471718744 -0.004855410030742746
237	(  34.296669680000029246    -6.9241139900000003848   11.233021700000000109   )	3541.126022594502 0.0032999469726320285 0.005902207329228304
238	(  34.296648300000029508    -6.9241502199999995781   11.233280699999999896   )	3541.1267073438157 0.0022323617479997893 -2.0849923743071486e-6
239	(  34.29624830000003044     -6.9241710799999998116   11.233307910000000618   )	3541.0309722929724 0.0004546097833610929 -0.002213400868456006
240	(  34.296400880000028621    -6.9241315200000004282   11.23312409000000045    )	3541.0634900218583 0.0020080274850613478 0.002526698661782234
241	(  34.296495720000031326    -6.9243315199999999621   11.233319310000000613   )	3541.0928076064893 -0.0032468377309129437 -0.0014798404187672531
242	(  34.29624830000003044     -6.9243128199999999239   11.23316269999999939    )	3541.0295905487933 -0.0034711584326174716 0.0010489553288408615
243	(  34.296648300000029508    -6.9242919599999996905   11.233135490000000445   )	3541.125325603615 -0.0016933946411796796 0.003260263302564681
244	(  34.296548300000040399    -6.9242000267000003433   11.233235630899999435   )	3541.1022092062885 0.0005528804955474698 0.000610460678856839
245	(  34.296393860000030429    -6.9242104238999999666   11.233271699999999527   )	3541.065808399523 -0.00019840889073918788 -0.0008176460207636183
246	(  34.296403820000030294    -6.9241815200000003117   11.233188495900000348   )	3541.066132669109 0.0006320161810720037 0.001091495580013202
247	(  34.296348300000026654    -6.924263013300000047    11.233207769099999851   )	3541.054088410704 -0.001791654708725332 0.0004364162315084741
248	(  34.296492780000029654    -6.9242815200000000786   11.233254904100000715   )	3541.090164893377 -0.001870796426928223 -4.462048659092943e-5
249	(  34.296502740000029519    -6.9242526161000004237   11.23317169999999976    )	3541.0904891682135 -0.0010403631353028686 0.001864518319237618
250	(  34.296434283600028436    -6.9242115200000000641   11.233238714900000588   )	3541.074887840039 -0.000107496601344792 8.510847189313608e-5
251	(  34.296392234400030929    -6.924151519999999671    11.233289759599999869   )	3541.0651050877636 0.0014281593634848377 -0.001229885534101527
252	(  34.296334283600032222    -6.9242035284999996492   11.233256275500000498   )	3541.0510248532582 -0.00018615738359528677 -0.0007094166600154495
253	(  34.296534283600031756    -6.9242195114999995909   11.233221154300000677   )	3541.0987509083097 -2.8836074491778163e-5 0.0008796329870932595
254	(  34.29646586360002658     -6.9242226093000001086   11.233288714900000471   )	3541.0836867180083 -0.0003198954825194278 -0.0009118978995985572
255	(  34.296402703600030293    -6.9242004307000000196   11.233188714900000704   )	3541.066088980538 0.00010490178796374039 0.0010821098433950738
256	(  34.296455683600029829    -6.9241615200000001806   11.233246425600000862   )	3541.07962976197 0.0013415407026684534 -2.52385507337749e-6
257	(  34.296412883600027044    -6.9242615199999999476   11.233231004200000314   )	3541.070145932009 -0.0015565439053375485 0.00017274067995742826
258	(  34.296384283600026777    -6.9242010899000003832   11.233230770700000534   )	3541.0625309818142 3.1384055375838216e-5 6.358659878458184e-5
259	(  34.296234283600021797    -6.9241697995999995641   11.233206938100000372   )	3541.0254605312657 0.00044802341466265716 -9.797778943720914e-7
260	(  34.2964597436000318      -6.9242510899000002667   11.233232116499999975   )	3541.081357882606 -0.001127081162579202 0.00033519123306291476
261	(  34.296443233600029998    -6.9241775004999999155   11.233280770700000417   )	3541.077530552214 0.0008615839392405178 -0.0008239389782715989
262	(  34.296308823600028859    -6.9241510898999996115   11.233229424899999316   )	3541.043704136585 0.0011898392733797891 -0.00020801803906067562
263	(  34.29632533360003066     -6.9242246792999999627   11.23318077070000065    )	3541.0475314514424 -0.0007988180542923828 0.0009511071758652179
264	(  34.296284283600030562    -6.9242375633000001756   11.233277455699999692   )	3541.039797797146 -0.0012788152293552457 -0.0013852623377346163
265	(  34.296484283600030096    -6.9241646164999997026   11.233184085699999599   )	3541.0852642605237 0.0013415780189234283 0.0015124311763798914
266	(  34.296334283600032222    -6.9241813862999999074   11.233234834499999266   )	3541.0503170369693 0.00042711003331419306 -0.00022771262409548854
267	(  34.296434283600028436    -6.9242207934999999708   11.233226706900000025   )	3541.074744948279 -0.00036434347545366563 0.0003548857886954693
268	(  34.296424370000032411    -6.9241889391000004395   11.233250770699999777   )	3541.072483219701 0.00048818129050687276 -0.00022539743200411522
269	(  34.296344197200028248    -6.9242132407000003269   11.233210770699999514   )	3541.0525787589736 -0.0004254137703156857 0.0003525698296300561
270	(  34.296353449800029978    -6.9242177338999999492   11.233250770699999777   )	3541.0557019396156 -0.0005221035104057137 -0.0005090782320138487
271	(  34.296415117400030681    -6.924184445899999929    11.233210770699999514   )	3541.0693600343275 0.0005848705131086263 0.0006362506296397896
272	(  34.296364283600027534    -6.9242021113999996373   11.233231074300000785   )	3541.0577218654525 -5.690823233805986e-5 -2.3234219042933546e-5
273	(  34.296304283600029805    -6.9242051759000000644   11.233231985099999761   )	3541.0432945355938 -0.00032178512060454523 -0.0002836966735628721
274	(  34.29640834790002657     -6.9242051853999999622   11.233241074300000406   )	3541.0686029990466 -9.855340422859626e-6 -7.164174051865757e-5
275	(  34.296320219300028498    -6.9241990374000002006   11.233221074299999387   )	3541.0468407478284 -0.0001039611620967662 2.5173102486064636e-5
276	(  34.296414283600029194    -6.9241954354999997179   11.23322277449999973    )	3541.0695385955837 0.00027799280202600585 0.0003632328546387953
277	(  34.296358328300030394    -6.9241821114000003945   11.23323366099999987    )	3541.056104641228 0.00047916123655511456 -0.00010516942333538282
278	(  34.296314283600032979    -6.9242087872999995568   11.233239374100000063   )	3541.045905155776 -0.00039180944494887626 -0.00040970143042784457
279	(  34.296370238900031779    -6.9242221113999997684   11.233228487599999923   )	3541.059339091588 -0.0005929793012597884 5.870097194815571e-5
280	(  34.296344283600028291    -6.9241957095000001843   11.233229510869000123   )	3541.0527868398735 6.040388365136096e-5 -6.810945808410906e-5
281	(  34.296384283600026777    -6.9242085132999999786   11.23323263773099967    )	3541.062656894406 -0.00017422051230653324 2.1641015152340515e-5
282	(  34.296378857300027221    -6.9241956133000002183   11.233226074299999198   )	3541.061058862077 0.0001667894141519355 0.00014739286673659535
283	(  34.296371401800030299    -6.9241921114000000159   11.233235620055999959   )	3541.05941818022 0.00024141425211610112 -9.688849478095563e-5
284	(  34.296349709900027847    -6.9242086094999999446   11.233236074300000595   )	3541.0543848707966 -0.00028060604776669607 -0.00019386135477361677
285	(  34.296357165400031874    -6.9242121114000001469   11.233226528543999834   )	3541.0560255515743 -0.00035523111679935937 5.0420015440977295e-5
286	(  34.296354283600031465    -6.9241999468199999512   11.23322921772700056    )	3541.0552439745475 -2.6956284088441862e-5 -2.152359543572402e-5
287	(  34.296324283600050364    -6.9241934530800000047   11.233223648007999884   )	3541.047810306829 6.289944828097305e-5 -1.6391765953471804e-5
288	(  34.296362018700030205    -6.9241992707199999657   11.233224217727000749   )	3541.056998429586 1.4974821340274502e-5 0.00012174907173800875
289	(  34.296374283600030708    -6.9241957690199997799   11.233231292724999761   )	3541.0600659617467 0.00014875537115699444 1.1858543956577705e-5
290	(  34.29634654850003983     -6.9242006229199999368   11.23323421772700037    )	3541.0534895200894 -6.888739130772592e-5 -0.00016479631257482197
291	(  34.296334283600032222    -6.9242041246200001225   11.233227142728999581   )	3541.0504219906347 -0.00020266800915180738 -5.4905743397171136e-5
292	(  34.296346600000028104    -6.9241899468200003298   11.233228812845000633   )	3541.053263934681 0.0002269607137748153 -4.3161730985730173e-5
293	(  34.296361967200041931    -6.9242099468199995727   11.233229622609000486   )	3541.0572240152865 -0.000280873681916205 1.145398158541866e-7
294	(  34.296358286500030488    -6.9241999975589996197   11.23322721772700028    )	3541.0561688855823 -1.6352892018289822e-5 3.94209174316984e-5
295	(  34.296364283600041745    -6.9241977943180001986   11.233230009571000707   )	3541.057649081522 6.266112360719944e-5 6.864736690204154e-7
296	(  34.296350280700032442    -6.9241998960810002828   11.233231217727000839   )	3541.0543190636577 -3.755967618701561e-5 -8.246811630385764e-5
297	(  34.296350602200028845    -6.9241949468200001405   11.233228902705999275   )	3541.0542903137543 0.00010048346484836657 -2.9171789307724794e-5
298	(  34.296344283600028291    -6.9242020993219997038   11.233228425883000412   )	3541.0528388683947 -0.00011657371030082686 -4.373366576260196e-5
299	(  34.29635796500004119     -6.9242049468199997619   11.233229532748000068   )	3541.0561976355507 -0.00015439613298440236 -1.3875401691620937e-5
300	(  34.296352933070039626    -6.9241988082520000702   11.233228217726999532   )	3541.05488374549 5.268132809987947e-7 -4.459257937128314e-6
301	(  34.296348881480071213    -6.9241953925480004273   11.233225217727         )	3541.0538030584594 8.297607429597065e-5 4.6733742479432294e-5
302	(  34.296350572470039708    -6.9241970919759996406   11.233226217726999252   )	3541.0542520248064 4.098035235244879e-5 3.1031250927071596e-5
303	(  34.296362933070049905    -6.924199979165000407    11.233227584843000102   )	3541.057297901954 -1.9037270249100402e-6 4.975940250062649e-5
304	(  34.296342933070036452    -6.9241976373389997335   11.233228850611000738   )	3541.0524695898334 2.9573481441502736e-6 -5.8677919199112694e-5
305	(  34.296355293670039543    -6.9242005245279996117   11.233230217726999811   )	3541.055515466246 -3.992673754282805e-5 -3.994977481625028e-5
306	(  34.296349743270042154    -6.924203808251999881    11.233227681809999865   )	3541.054161086601 -0.00014752661286365765 -5.178302288300074e-6
307	(  34.296356122870037098    -6.9241938082520002595   11.233228753643999198   )	3541.0556064045613 0.00014858013943808146 -3.7402141686015966e-6
308	(  34.296357719352037918    -6.9242008082520003498   11.233228641106000723   )	3541.056071270563 -4.0507939203848764e-5 5.174043977262954e-6
309	(  34.296348146788041333    -6.9241968082519997907   11.233227794348000117   )	3541.053696220616 4.1561549764423944e-5 -1.4092560263634368e-5
310	(  34.296350976729037541    -6.9242004040970002166   11.23322721772700028    )	3541.0544092752325 -4.954200700524325e-5 1.0181833459910195e-5
311	(  34.296354889411041711    -6.9241972124069999239   11.23322921772700056    )	3541.0553582157913 5.059562337805801e-5 -1.9100351394740755e-5
312	(  34.296357933070041213    -6.9241976248340000311   11.233227354321000391   )	3541.056058683911 4.830369650221655e-5 3.493841458634961e-5
313	(  34.296347933070038039    -6.9241999916700001094   11.233229081133000449   )	3541.053708807277 -4.725007553929572e-5 -4.3856931995378545e-5
314	(  34.296353491719038686    -6.9241987654630001714   11.233227717727000794   )	3541.0550076201102 3.3878784506669035e-6 9.008565996282414e-6
315	(  34.296354933070041682    -6.9241984880730003127   11.233228364239399966   )	3541.0553658090157 1.5394745290109313e-5 2.491275807869897e-7
316	(  34.29635093307003757     -6.9241991284309998278   11.233228071214600874   )	3541.0544016819954 -1.4341119126015656e-5 -9.1676435545196e-6
317	(  34.296352374421040565    -6.9241988510409999691   11.233228717727000046   )	3541.0547598708727 -2.3342518886693142e-6 -1.7927082424762375e-5
318	(  34.296353548160041669    -6.92419980825200021     11.233228239285100614   )	3541.055044358342 -2.532471394545155e-5 -2.4832320804080155e-6
319	(  34.296352317980037583    -6.9241978082519999305   11.233228196168900226   )	3541.0547231326436 2.6378336514198963e-5 -6.435283850692031e-6
320	(  34.296353933070037101    -6.9241988696793503877   11.23322827853077932    )	3541.0551271076197 1.825472523364624e-6 -1.8253034284043679e-6
321	(  34.296356933070029527    -6.9241990539613995637   11.233228460942120464   )	3541.0558571940587 5.721450207829548e-6 6.0765600409240506e-6
322	(  34.296355933070039157    -6.9241990653193496996   11.233228362016079771   )	3541.0556138852503 2.40687141683793e-6 4.299077701830356e-6
323	(  34.296351933070042151    -6.9241986740393501876   11.233228195045480646   )	3541.054640330022 1.244073530415335e-6 -7.949684572849947e-6
324	(  34.296354330829039725    -6.9241987065803503043   11.233227778530780583   )	3541.0552107408494 7.536069119851163e-6 1.09989605903138e-5
325	(  34.296353535311041583    -6.9241990327783495829   11.233228778530779834   )	3541.055043474394 -3.8851241441761886e-6 -1.464956794450245e-5
326	(  34.296353607080042991    -6.9241998696793496393   11.233228180773069838   )	3541.0550580735885 -2.6849294926023504e-5 -9.3299408376879e-7
327	(  34.296354259060038316    -6.9241978696793502479   11.23322837628849058    )	3541.0551961416577 3.0500236007924286e-5 -2.717612801461655e-6
328	(  34.296353916259036509    -6.924198829747769679    11.233228078530780536   )	3541.0551183962807 2.881016342826115e-6 2.6007438123087923e-6
329	(  34.296354933070041682    -6.9241988780593901609   11.23322827490093978    )	3541.055368500492 4.593372295857989e-6 2.2562462191899613e-6
330	(  34.296352933070039626    -6.9241988612993097263   11.233228282160620637   )	3541.054885714757 -9.424271922853222e-7 -5.906853090209552e-6
331	(  34.296353949881037693    -6.9241989096109302082   11.233228478530779881   )	3541.055135818959 7.69928718113988e-7 -6.251350782804366e-6
332	(  34.296353914866038792    -6.9241993696793500135   11.233228262619350701   )	3541.055128229032 -1.2077537704158203e-5 -1.5406459965561226e-6
333	(  34.296353951274042515    -6.9241983696793498737   11.233228294442209716   )	3541.0551259862104 1.5728481798760185e-5 -2.109960860252613e-6
334	(  34.296353930291900269    -6.9241988804797101054   11.233228178530779928   )	3541.055124470097 1.5180027617134328e-6 4.102296600194677e-7
335	(  34.296353921957489774    -6.9241989128807901466   11.233227878530779975   )	3541.055116557528 5.95593434127295e-7 7.1168288258149914e-6
336	(  34.296353447296191064    -6.9241989750046899488   11.233227978530779367   )	3541.0550048080786 -2.5490234207836693e-6 2.97153806627648e-6
337	(  34.296354421596319639    -6.924199080479709778    11.233228083217419169   )	3541.055243400827 -2.547443159528484e-6 4.5168007858364945e-6
338	(  34.296354413287609475    -6.9241987859547302619   11.233228378530780489   )	3541.0552441321165 5.585028901577971e-6 -2.151078831502673e-6
339	(  34.296353438987480899    -6.9241986804797104327   11.233228273844140688   )	3541.0550055393687 5.583448512425093e-6 -3.6963414942192685e-6
340	(  34.296353661830480064    -6.924199080479709778    11.233228376788339631   )	3541.055066160808 -4.826740678254282e-6 -5.117760878192712e-6
341	(  34.29635419875332758     -6.9241986804797104327   11.233227980273220226   )	3541.055182779388 7.862746045361746e-6 5.9382201413882285e-6
342	(  34.296353730291897932    -6.9241988792687596543   11.233228178417350662   )	3541.0550761793907 9.515422050299094e-7 -3.8722200201846135e-7
343	(  34.29635313029189092     -6.9241988756359100776   11.233228178077059312   )	3541.054931307277 -7.478395360749346e-7 -2.7795768886562655e-6
344	(  34.296353230291899195    -6.9241988694353198142   11.233228151719689691   )	3541.0549548200984 -2.761030231113182e-7 -1.7874201603262918e-6
345	(  34.296353792057509224    -6.9241989792687599348   11.233228095314320427   )	3541.0550905178984 -1.6328405507692878e-6 1.7268710479356741e-6
346	(  34.29635423029189667     -6.9241988891022003827   11.233228205115009857   )	3541.055197538687 2.1791874047494275e-6 1.0129761989219332e-6
347	(  34.296353553800223324    -6.9241989667322298985   11.233228278417350054   )	3541.0550366957823 -2.0003906939791705e-6 -3.339834321991475e-6
348	(  34.29635366852628664     -6.9241987792687602621   11.233228261520379121   )	3541.055061840884 3.535924889774833e-6 -2.5013150093400327e-6
349	(  34.296353906783579646    -6.9241987918052902984   11.233228078417349494   )	3541.0551156630013 3.903475061406425e-6 2.565390374797971e-6
350	(  34.296353907958369689    -6.9241989292687602386   11.23322820764908947    )	3541.0551202596403 9.97018076986933e-8 -3.332896909569172e-7
351	(  34.296354440957792065    -6.9241990792687602152   11.233228295344309444   )	3541.055252500391 -2.455819327451536e-6 -1.7149285724826768e-7
352	(  34.296353705880328278    -6.9241988628776196535   11.233228107649090077   )	3541.0550686140405 1.3322895426881587e-6 1.1050437507265087e-6
353	(  34.2963541100364111      -6.9241989956598999356   11.233228307649090638   )	3541.055171905241 -1.1328859130799174e-6 -1.7716232036946167e-6
354	(  34.296354407958368427    -6.9241989690074001729   11.233228140850540555   )	3541.0552400115835 4.99068818271553e-7 3.167436986473149e-6
355	(  34.296353576899626603    -6.9241990292687596309   11.233228168017829418   )	3541.0550406917987 -3.66315398991901e-6 -7.67150694969132e-7
356	(  34.296353407958370951    -6.9241988895301203044   11.23322827444764016    )	3541.0550005076993 -2.996652028741664e-7 -3.834016425230402e-6
357	(  34.29635423901711988     -6.9241988292687599582   11.233228247280349521   )	3541.055199827485 3.862557633738106e-6 1.0057132726615237e-7
358	(  34.296353738448630111    -6.9241989110360098181   11.233228157649090662   )	3541.0550780850244 9.616135798751202e-8 1.1199414018392417e-7
359	(  34.296353229919411376    -6.9241988563377603327   11.233228007649090685   )	3541.054951561174 8.55399377996946e-8 1.4478456904498671e-6
360	(  34.296353238448631373    -6.9241988429296004171   11.233228168592770402   )	3541.0549568320666 4.824906625344738e-7 -2.1338715612273518e-6
361	(  34.296354238448628848    -6.9241989791424201073   11.233228146705409145   )	3541.0551993379822 -2.901679749811592e-7 2.3578598700169096e-6
362	(  34.296353691240469175    -6.9241989409675799294   11.233228257649090054   )	3541.055069133746 -8.744717092667997e-7 -2.3234841393104944e-6
363	(  34.296353785656791047    -6.9241988811044397067   11.233228057649089493   )	3541.0550870363013 1.0667944252418238e-6 2.5474724338891974e-6
364	(  34.296353377812188512    -6.9241990110360100985   11.233228120907529757   )	3541.0549914384783 -3.7554275422735373e-6 -5.050989528854188e-7
365	(  34.296354099085071709    -6.9241988110360104258   11.23322819439064979    )	3541.0551647315688 3.9477502014051424e-6 7.290872616749766e-7
366	(  34.296353538448627774    -6.9241988629324495719   11.233228156582960366   )	3541.055029225882 8.284758337140374e-7 -6.640537009161562e-7
367	(  34.296353731225529771    -6.9241989118048099527   11.23322820764908947    )	3541.055077397216 5.319874674114544e-8 -1.0402210506299525e-6
368	(  34.296353938448632448    -6.9241989591395700643   11.233228158715229839   )	3541.0551269441644 -6.361531177390134e-7 8.880417823320386e-7
369	(  34.296353745671730451    -6.9241989102672096834   11.233228107649090077   )	3541.055078772832 1.391239692338786e-7 1.2642093594195103e-6
370	(  34.296353546247978272    -6.9241989610360104024   11.233228155144940885   )	3541.055032225813 -1.865280410129344e-6 -6.005491002269991e-7
371	(  34.296353930649281949    -6.9241988610360101219   11.23322816015324932    )	3541.055123944234 2.0576030976826587e-6 8.245371674320268e-7
372	(  34.296353638448628942    -6.924198900077700003    11.233228150867450523   )	3541.0550536778032 9.96714248913122e-8 -1.3564644518737623e-7
373	(  34.296353338448632542    -6.9241988672027696694   11.233228130522530108   )	3541.054980456147 1.1020166823527688e-7 -8.78568172879568e-7
374	(  34.296353514223639536    -6.9241989226685500824   11.233228100867449939   )	3541.0550229111095 -8.986977064751045e-7 4.907764150630101e-7
375	(  34.296353838448631279    -6.9241989223254796215   11.233228129863130462   )	3541.0551017725174 8.347923596829787e-8 1.1362461975750193e-6
376	(  34.296353762673618348    -6.9241988774868499235   11.233228200867449331   )	3541.055084444498 1.098040556257729e-6 -7.620692770160531e-7
377	(  34.296353438448626605    -6.9241988778299203844   11.233228171871770584   )	3541.0550055830913 1.1586362802518124e-7 -1.4075390879497718e-6
378	(  34.296353597977827121    -6.9241989500776996991   11.233228179742660302   )	3541.0550450986148 -1.4065807505403427e-6 -9.462532943871338e-7
379	(  34.296353678919430763    -6.9241988500777003068   11.233228121992249626   )	3541.055062256994 1.605923600322967e-6 6.749602050604153e-7
380	(  34.296353636944132859    -6.9241989097236995576   11.233228130867450645   )	3541.05505300883 -1.72005343301862e-7 3.0766469194531965e-7
381	(  34.296353738448630111    -6.9241988998066101857   11.233228150435810022   )	3541.055077802682 4.071797548022005e-7 2.740509899012977e-7
382	(  34.296353538448627774    -6.9241989003487898202   11.233228151299099906   )	3541.0550295529274 -2.0783689080872136e-7 -5.453440792280162e-7
383	(  34.296353640844202459    -6.9241989200776998814   11.233228160506239846   )	3541.0550546917293 -4.470777668075243e-7 -3.426135890549631e-7
384	(  34.29635363605306253     -6.9241988800777001245   11.233228141228659425   )	3541.05505266388 6.464206450118581e-7 7.13207697344842e-8
385	(  34.296353639953132131    -6.9241988904316995601   11.233228170867450402   )	3541.055054346778 3.7134823571705056e-7 -5.789575538983627e-7
386	(  34.296353648882572429    -6.9241989049394803146   11.233228140867449696   )	3541.0550560437914 -3.6824729932050104e-9 1.3075390370431705e-7
387	(  34.296353680184409995    -6.9241989195248203615   11.233228110867450766   )	3541.0550631417555 -3.137441524359019e-7 9.299549219576875e-7
388	(  34.296353625173722435    -6.9241988849394804362   11.233228138849350231   )	3541.055050044986 4.791268821691119e-7 8.125805095460237e-8
389	(  34.296353554911569006    -6.9241989114134696592   11.233228120867449817   )	3541.055033018999 -4.6490426086620573e-7 2.0419901147761266e-7
390	(  34.296353742853582958    -6.9241988984654900818   11.233228160867449574   )	3541.0550790685857 4.5753934330150514e-7 5.730882435273088e-8
391	(  34.296353672591422423    -6.9241989249394801931   11.233228142885559819   )	3541.0550620425975 -4.864918423663767e-7 1.802495290803563e-7
392	(  34.29635354888257126     -6.9241989076948202708   11.233228160553549557   )	3541.0550323510242 -3.7999656399279047e-7 -7.115230005183548e-7
393	(  34.296353748882580703    -6.9241989021841403584   11.233228121181349835   )	3541.0550797365595 3.7263163221723516e-7 9.73030850559553e-7
394	(  34.296353657018102012    -6.9241989032505300017   11.233228150867450523   )	3541.055058197045 6.750262571131316e-8 -6.136855290606036e-8
395	(  34.296353681424690762    -6.924198898183679951    11.233228180867449453   )	3541.0550646568045 2.8105789340315823e-7 -6.377358658937737e-7
396	(  34.296353646584371688    -6.9241988948084998157   11.233228130867450645   )	3541.0550551612428 2.700186030324403e-7 3.4622564726305427e-7
397	(  34.296353667451839442    -6.9241989116925699577   11.233228170867450402   )	3541.055061232848 -1.3501362161605357e-7 -4.6896272465346556e-7
398	(  34.296353703415270786    -6.9241989232505298801   11.233228141457230365   )	3541.0550694329204 -3.472417802186101e-7 3.3563442514150665e-7
399	(  34.296353557018100844    -6.9241989118115503388   11.233228149340579449   )	3541.055034128136 -4.696102138268543e-7 -4.270651743354392e-7
400	(  34.296353610620940344    -6.9241988832505301232   11.233228160277679564   )	3541.055046961171 4.822470458520911e-7 -4.5837170148388395e-7
401	(  34.296353757018110286    -6.9241988946895096646   11.233228152394330479   )	3541.055082265955 6.046154794603353e-7 3.043278979930619e-7
402	(  34.296353707018099044    -6.9241989084651001107   11.233228153488999723   )	3541.0550703814556 7.307572502668336e-8 7.973451943144028e-8
403	(  34.296353607018112086    -6.9241988980359598926   11.233228148245899547   )	3541.055046012635 6.192952639594296e-8 -2.0247155418928742e-7
404	(  34.29635364188153801     -6.9241989132505299409   11.233228142524069426   )	3541.055054485837 -2.54875018868006e-7 6.553139542120334e-8
405	(  34.29635367215467312     -6.9241988932505300625   11.233228159210829844   )	3541.055061908255 3.8988028450148704e-7 -1.8826843017905048e-7
406	(  34.296353626909713341    -6.9241989097709604195   11.233228160867449574   )	3541.055051215355 -2.0341757078767841e-7 -4.0646665411259164e-7
407	(  34.296353687126497789    -6.9241988967300995839   11.233228140867449696   )	3541.055065178736 3.3842283642115945e-7 2.837296051438898e-7
408	(  34.296353637018100358    -6.9241989037315203603   11.233228148325670404   )	3541.0550533220476 -5.8192739516016445e-9 -8.426377462456003e-8
409	(  34.296353577018102499    -6.9241989051744896599   11.233228140700330044   )	3541.0550386970554 -2.2578488767521776e-7 -1.5294938293664018e-7
410	(  34.296353687018097389    -6.9241989068267200125   11.233228152602059424   )	3541.055065516309 5.845360817602341e-8 1.9660916450447985e-8
411	(  34.296353837018088484    -6.9241989161123198571   11.233228165431230039   )	3541.0551020990947 2.512722119263344e-7 3.314348759886343e-7
412	(  34.296353621460532679    -6.924198909494079679    11.233228132602059546   )	3541.055049305166 -2.1209639555763715e-7 2.0675977907558263e-7
413	(  34.296353752575669205    -6.924198904159360346    11.233228172602059303   )	3541.0550817274534 3.290036403313934e-7 -1.6743791775297723e-7
414	(  34.29635364307456058     -6.9241989168267199517   11.233228163698440127   )	3541.055055258868 -3.503449619302046e-7 -4.0540959389545606e-7
415	(  34.296353587018103326    -6.9241988998304799807   11.23322816198128038    )	3541.055041493727 -4.777294293489831e-8 -5.910569171874158e-7
416	(  34.296353730961641304    -6.9241988968267200732   11.233228141505680497   )	3541.0550757737506 4.672521924931061e-7 4.447313983746426e-7
417	(  34.296353787018098558    -6.9241989138229600442   11.233228143222840245   )	3541.055089538891 1.6468018770865456e-7 6.303787358774571e-7
418	(  34.296353686448270537    -6.9241989118267204262   11.233228151568630082   )	3541.05506541562 -8.173986998372129e-8 4.0599104522698326e-8
419	(  34.296353698212570293    -6.9241989073561898138   11.233228162602060252   )	3541.0550684338505 7.737240537153411e-8 -1.6022578108731977e-7
420	(  34.296353687587931347    -6.9241989018267195988   11.233228153635490543   )	3541.055065616999 1.9864710054662282e-7 -1.2772858326570713e-9
421	(  34.29635367582363159     -6.9241989062972502111   11.233228142602060373   )	3541.0550625987694 3.95348109805127e-8 1.9954758556650631e-7
422	(  34.296353637018100358    -6.9241989068847900057   11.23322815482866055    )	3541.055053495056 -9.31547390337073e-8 -2.3036291452172009e-7
423	(  34.296353737018101526    -6.9241989067686500192   11.233228150375460075   )	3541.0550775375623 2.1006195538575412e-7 2.6968473321176134e-7
424	(  34.296353685842319692    -6.924198908826720178    11.233228153138190564   )	3541.0550652671272 -4.673239573094179e-10 2.9128415235391003e-9
425	(  34.2963536823149866      -6.9241989148267197862   11.233228154746580429   )	3541.05506451958 -1.7723009193559847e-7 -4.733131220291398e-8
426	(  34.296353705842321347    -6.9241989094260496529   11.233228161859029726   )	3541.055070284106 4.293316635539668e-8 -1.1301351321435504e-7
427	(  34.296353665842318037    -6.9241989082273898148   11.233228144417349625   )	3541.0550602501467 -4.38678000591608e-8 1.1883922468314267e-7
428	(  34.296353687650118047    -6.9241989038267197643   11.233228153476179756   )	3541.0550656520672 1.4344006160627032e-7 2.5506068368486012e-9
429	(  34.296353684034521336    -6.9241989138267197035   11.233228152800199595   )	3541.0550648821854 -1.4437469531003444e-7 3.2751046319390298e-9
430	(  34.296353668507428836    -6.9241989086039898993   11.233228163138189615   )	3541.055061289713 -4.630308580999554e-8 -2.910912684228606e-7
431	(  34.296353703177210548    -6.9241989090494495684   11.233228143138189736   )	3541.0550692445395 4.536846631708613e-8 2.969169798916482e-7
432	(  34.296353675842318864    -6.9241989071080096707   11.233228151692099317   )	3541.055062803044 1.7135448615590576e-8 -4.598618374984653e-9
433	(  34.296353695842320519    -6.924198910545429797    11.233228154584290692   )	3541.0550677312085 -1.8070082319354697e-8 1.0424088259242126e-8
434	(  34.296353676870147353    -6.9241989108267203434   11.233228153792760295   )	3541.0550631386 -8.277744711904234e-8 -4.768172345848143e-8
435	(  34.29635369481449203     -6.9241989068267200125   11.233228152483620832   )	3541.055067395652 8.18427992044235e-8 5.3507392294704914e-8
436	(  34.296353684844497423    -6.9241989083858399567   11.233228158138189201   )	3541.055065125789 8.750177471483767e-9 -1.1341070660364494e-7
437	(  34.296353686840141961    -6.9241989092676003992   11.23322814813819015    )	3541.055065408465 -9.684839596957318e-9 1.1923641807243257e-7
438	(  34.296353680842329936    -6.92419890882237965     11.233228153122590598   )	3541.0550640598967 -1.5347069393101265e-8 -1.6736649399717862e-8
439	(  34.296353690842316553    -6.9241989088310598177   11.233228153153790529   )	3541.055066474358 1.4412464111046575e-8 2.2562346657650778e-8
440	(  34.296353685796439947    -6.9241989098267202607   11.233228154377510322   )	3541.055065293693 -2.8301769816607703e-8 -2.511380614578229e-8
441	(  34.296353685888199436    -6.9241989078267200952   11.233228151898870806   )	3541.0550652405623 2.7367121901988867e-8 3.093947498200578e-8
442	(  34.296353685816782786    -6.924198908207020331    11.233228155138190729   )	3541.0550652955803 1.6619765119685326e-8 -4.212222393107368e-8
443	(  34.296353685867870809    -6.9241989094464297949   11.233228151138190398   )	3541.055065238677 -1.7554640407979605e-8 4.794794961071602e-8
444	(  34.296353683842319526    -6.9241989088450504042   11.233228153082960077   )	3541.0550647834434 -6.975014343879593e-9 -3.846338358926005e-9
445	(  34.296353687842319857    -6.9241989088083899517   11.233228153193429932   )	3541.05506575081 6.040352218406042e-9 9.671808243183477e-9
446	(  34.296353685722571925    -6.9241989083267201366   11.233228153558410867   )	3541.055065241171 1.3021818290326337e-8 -7.007017188698228e-9
447	(  34.296353685962067459    -6.9241989093267202193   11.233228152717970261   )	3541.0550652930824 -1.3956480415799888e-8 1.2832686024921713e-8
448	(  34.296353685762838381    -6.9241989090380196004   11.233228154138190646   )	3541.0550652713464 -6.5580820773902815e-9 -1.987154973903671e-8
449	(  34.296353685921801002    -6.9241989086154198674   11.233228152138190481   )	3541.055065262907 5.623462584480876e-9 2.5697218575260194e-8
450	(  34.296353684842330267    -6.9241989088690196752   11.233228153206450628   )	3541.0550650276823 -4.63884930468339e-9 -2.6206805614492623e-9
451	(  34.29635368569481102     -6.9241989086267201614   11.23322815337260927    )	3541.0550652340894 4.629512773135502e-9 -2.9437501325446647e-9
452	(  34.296353686070879974    -6.9241989089137501168   11.233228153638190605   )	3541.0550653337787 -2.192095394093485e-9 -7.406157465084107e-9
453	(  34.296353686842323327    -6.9241989087844197925   11.233228153069930499   )	3541.055065506575 3.7042724443381303e-9 8.446406241091609e-9
454	(  34.296353685989828364    -6.9241989090267201945   11.233228152903770081   )	3541.0550653001633 -5.564160687754338e-9 8.769461601332296e-9
455	(  34.296353685613766515    -6.9241989087397000091   11.233228152638190522   )	3541.0550652004767 1.2571916840897757e-9 1.3231854723017022e-8
456	(  34.296353685342317874    -6.9241989087811504078   11.233228153235030433   )	3541.055065147935 -7.051994543871842e-10 -1.2628191825569957e-9
457	(  34.296353683842312421    -6.9241989086444402091   11.233228153525550042   )	3541.0550647903606 -1.4187833130563376e-9 -1.3789787089990568e-8
458	(  34.29635368455033273     -6.9241989086144597465   11.233228152735030392   )	3541.055064944357 1.535653382234159e-9 6.80246614592761e-9
459	(  34.29635368634232151     -6.9241989086068302939   11.23322815320227086    )	3541.0550653865816 7.122935130610131e-9 3.4731897358142305e-9
460	(  34.296353686134310124    -6.9241989089478401809   11.233228153735030475   )	3541.055065351515 -2.9459954475896666e-9 -9.328076089332171e-9
461	(  34.296353684342321344    -6.9241989089554802916   11.233228153267790006   )	3541.05506490929 -8.533561413059942e-9 -5.9987996792187914e-9
462	(  34.296353685878500528    -6.9241989089192204077   11.233228152735030392   )	3541.0550652685024 -2.9207427587607526e-9 1.2115137337787019e-8
463	(  34.296353684806142326    -6.9241989086430901779   11.233228153735030475   )	3541.055065027369 1.5101022654562257e-9 -1.464074728119158e-8
464	(  34.296353685314336701    -6.9241989086811503995   11.233228153216700207   )	3541.0550651396284 1.980552610802988e-9 -9.629275155020878e-10
465	(  34.296353685842319692    -6.9241989087708804007   11.233228153337030619   )	3541.0550652706356 1.0792575722007314e-9 -1.5543974996035104e-9
466	(  34.296353684842323162    -6.9241989087914204148   11.233228153133030247   )	3541.055065025236 -2.4896280592656694e-9 -9.712124438010505e-10
467	(  34.296353685370299047    -6.9241989088811504161   11.233228153253360659   )	3541.055065156242 -3.390923097867926e-9 -1.5627108496119035e-9
468	(  34.296353685600550421    -6.9241989087874200592   11.233228153035030417   )	3541.0550652061515 -1.0415135420771549e-10 4.263398523107753e-9
469	(  34.296353685084092433    -6.9241989087748798681   11.23322815343503045    )	3541.05506508972 -1.3061907111477922e-9 -6.789008466512314e-9
470	(  34.296353685324000082    -6.9241989087672202174   11.233228153135030425   )	3541.055065141258 -3.743139131984208e-10 9.105605158765684e-10
471	(  34.296353685269046707    -6.9241989087254296464   11.2332281528350304     )	3541.0550651212243 6.182716560942936e-10 7.43067118946783e-9
472	(  34.296353685523996546    -6.9241989088483801851   11.233228153311259234   )	3541.0550651941685 -2.022204625973245e-9 -2.2486972284241347e-9
473	(  34.296353685375507325    -6.9241989086672202092   11.233228153260789384   )	3541.055065155153 2.549882083258126e-9 -1.7087700143747497e-9
474	(  34.296353685124010724    -6.9241989087961002269   11.233228153308809638   )	3541.0550650969617 -1.7741825786288246e-9 -3.79360187707789e-9
475	(  34.296353685124010724    -6.9241989086860700198   11.233228152958799839   )	3541.0550650883474 1.2732925824820995e-9 4.069875103596132e-9
476	(  34.296353685272499945    -6.9241989088672202257   11.233228153009280348   )	3541.055065127364 -3.2984956988002523e-9 3.529706305016589e-9
477	(  34.296353685523996546    -6.9241989087383402079   11.233228152961249435   )	3541.0550651855547 1.0255405413772678e-9 5.614779752249888e-9
478	(  34.296353685419731505    -6.9241989088044197942   11.233228153235030433   )	3541.055065166892 -1.1174421388204792e-9 -9.53164658312744e-10
479	(  34.296353685283861523    -6.9241989087258399849   11.233228153235030433   )	3541.0550651331782 6.513545258712838e-10 -1.4966445860409294e-9
480	(  34.296353685223998298    -6.9241989088104496375   11.233228153166429308   )	3541.0550651182825 -1.871654831120395e-9 -1.9487345070956508e-10
481	(  34.296353685424001867    -6.9241989087239899092   11.233228153103629765   )	3541.055065164231 1.1230127938688383e-9 2.0160229041721323e-9
482	(  34.29635368522828287     -6.9241989087300197525   11.233228153035030417   )	3541.055065115626 3.688569449877832e-10 2.7743283226300264e-9
483	(  34.296353685364152852    -6.9241989088085995618   11.233228153035030417   )	3541.05506514934 -1.3999397197039798e-9 3.317808250358212e-9
484	(  34.296353685316780968    -6.924198908766849847    11.233228153185029541   )	3541.055065140557 -3.85725229534728e-10 -2.4162716272257967e-10
485	(  34.296353685295130731    -6.924198908765739624    11.233228153335030441   )	3541.055065138459 -4.199307568342192e-10 -3.6982186202294542e-9
486	(  34.296353685270119627    -6.9241989087468498454   11.233228153205290667   )	3541.055065129485 2.822275746439118e-11 -8.834604159346782e-10
487	(  34.296353685363449415    -6.9241989087868498487   11.233228153164770191   )	3541.0550651516305 -7.996447948244167e-10 4.0020609048951883e-10
488	(  34.296353685218122109    -6.9241989087720101637   11.233228153085029533   )	3541.0550651147105 -8.246274774137419e-10 1.6103882671814063e-9
489	(  34.296353685415446932    -6.9241989087616904186   11.233228153285029549   )	3541.0550651664043 5.3162807489570696e-11 -2.093614170917135e-9
490	(  34.296353685402401368    -6.9241989087548097004   11.233228153085029533   )	3541.0550651589892 2.0460788618947845e-10 2.347505301258934e-9
491	(  34.296353685231167674    -6.9241989087788899937   11.233228153285029549   )	3541.0550651221265 -9.760441344042192e-10 -2.830731204994663e-9
492	(  34.29635368536678186     -6.9241989087675896997   11.233228153196540333   )	3541.055065152876 -2.562074996603769e-10 -3.0023272756807273e-10
493	(  34.296353685516791643    -6.9241989087698101457   11.233228153231069157   )	3541.055065189831 1.3231726825324586e-10 -4.759357352668303e-10
494	(  34.296353685335880357    -6.9241989087575896988   11.233228153187630127   )	3541.0550651451126 -7.194955742306774e-11 -2.2365043150784913e-10
495	(  34.296353685243182952    -6.9241989087275896964   11.23322815316089951    )	3541.055065121829 4.808526909982902e-10 6.0964566728216596e-12
496	(  34.296353685135890998    -6.9241989087767699118   11.233228153109589442   )	3541.055065095433 -1.2031620144625776e-9 7.296847570614773e-10
497	(  34.296353685275867917    -6.9241989087375896972   11.233228153103189229   )	3541.0550651286267 3.0193803013389697e-10 1.4333778608488501e-9
498	(  34.296353685535876821    -6.924198908738410374    11.233228153265670812   )	3541.0550651947956 1.059248688761727e-9 -1.1769714092224604e-9
499	(  34.296353685395899902    -6.9241989087775897005   11.23322815327206925    )	3541.055065161602 -4.4582293412531726e-10 -1.8806218804456876e-9
500	(  34.296353685535876821    -6.9241989087652697776   11.233228153106649572   )	3541.0550651917815 3.1532465527561726e-10 2.395680098743469e-9
501	(  34.296353685135890998    -6.9241989087499202782   11.233228153268610683   )	3541.0550650984474 -4.595079872160568e-10 -2.842952540049737e-9
502	(  34.296353685435882142    -6.9241989087573099226   11.233228153185269349   )	3541.0550651691983 2.3580071228934685e-10 2.2939161681279074e-10
503	(  34.296353685333336614    -6.924198908747589698    11.233228153190060183   )	3541.0550651444332 1.9737456113944063e-10 -2.8842350729973987e-10
504	(  34.296353685338431205    -6.9241989087675896997   11.233228153185210729   )	3541.055065145796 -3.412594651308609e-10 -1.5909051853668643e-10
505	(  34.296353685235878572    -6.9241989087578703632   11.233228153189989129   )	3541.0550651210287 -3.7974245969962794e-10 -6.766640581190586e-10
506	(  34.29635368533102735     -6.9241989087571198525   11.233228153137629235   )	3541.05506514289 -7.349854058702476e-11 8.802771844784729e-10
507	(  34.296353685340740469    -6.9241989087580604334   11.233228153237629243   )	3541.0550651473386 -7.040057425911073e-11 -1.3275212040753104e-9
508	(  34.296353685385881249    -6.9241989087613999843   11.233228153184519726   )	3541.055065157161 -2.7483793019200675e-11 4.622791038855212e-11
509	(  34.296353685535891032    -6.9241989087728299523   11.2332281531751903     )	3541.055065193307 1.0597034361126134e-10 8.558629360777559e-10
510	(  34.296353685389043164    -6.9241989087513999834   11.233228153184800391   )	3541.055065157814 2.589644054751261e-10 5.256595159153221e-11
511	(  34.296353685485890139    -6.9241989087617401566   11.23322815320251955    )	3541.0550651816816 2.631281859066803e-10 4.1879388845700305e-11
512	(  34.296353685382733545    -6.9241989087713999851   11.23322815318424972    )	3541.0550651565136 -3.1390356980409706e-10 3.97051280742744e-11
513	(  34.296353685285879465    -6.9241989087610598119   11.233228153166519903   )	3541.0550651326425 -3.1806735023565125e-10 5.061906449554954e-11
514	(  34.296353685349899365    -6.9241989087613395881   11.233228153234520619   )	3541.0550651495228 -1.3375256457948126e-10 -1.2210392696943018e-9
515	(  34.296353685421870239    -6.9241989087614603804   11.23322815313452061    )	3541.0550651648027 7.879918939579511e-11 1.313495090471406e-9
516	(  34.296353685392460875    -6.9241989087564004279   11.23322815318661938    )	3541.0550651587346 1.3072565252514323e-10 2.538058652135078e-11
517	(  34.296353685379301623    -6.9241989087664004288   11.233228153182420073   )	3541.0550651555877 -1.8572166027297499e-10 6.708944511046866e-11
518	(  34.296353685335880357    -6.9241989087608697417   11.233228153189260823   )	3541.055065145186 -1.6278534076263895e-10 -2.602860149636399e-10
519	(  34.296353685397029665    -6.9241989087620696708   11.233228153204519728   )	3541.0550651602794 -1.2590817277668975e-11 -3.5851144275511615e-10
520	(  34.296353685435882142    -6.9241989087619302268   11.233228153179780406   )	3541.055065169137 1.078319655789528e-10 3.5271341403131373e-10
521	(  34.296353685374739939    -6.9241989087607302977   11.233228153164519725   )	3541.0550651540466 -4.236255790601717e-11 4.509956852416508e-10
522	(  34.296353685396262279    -6.9241989087634001621   11.233228153191539889   )	3541.0550651598383 -5.1741722018050496e-11 -6.996003776293946e-11
523	(  34.296353685402053202    -6.9241989087593998065   11.233228153192790444   )	3541.0550651612148 7.644018751307158e-11 -7.489120434911456e-11
524	(  34.296353685375507325    -6.9241989087593998065   11.233228153177499564   )	3541.0550651544877 -3.197442310920451e-12 1.624584911041893e-10
525	(  34.296353685369723507    -6.9241989087634001621   11.233228153176250785   )	3541.055065153112 -1.3135093013261212e-10 1.673754468356492e-10
526	(  34.296353685365879471    -6.924198908761219684    11.233228153193200782   )	3541.0550651525136 -8.249401162174763e-11 -2.2880897176946746e-10
527	(  34.296353685405890133    -6.9241989087615802845   11.233228153175840447   )	3541.0550651618114 2.7554847292776685e-11 3.212505816918565e-10
528	(  34.296353685395310151    -6.9241989087623503352   11.233228153189520171   )	3541.055065159553 -2.5508484213787597e-11 -2.8393287720973603e-11
529	(  34.296353685423596858    -6.9241989087651996115   11.233228153204519728   )	3541.0550651667286 -1.956834694283316e-11 -2.5224267119483557e-10
530	(  34.296353685415311929    -6.9241989087625102073   11.233228153190660592   )	3541.0550651644066 3.005595772265224e-11 2.5991653274104465e-11
531	(  34.296353685397740207    -6.9241989087603501574   11.233228153185599751   )	3541.055065160034 3.716138508025324e-11 6.940581442904659e-11
532	(  34.296353685375308373    -6.924198908762200233    11.23322815318837975    )	3541.0550651546996 -8.135714324453147e-11 -8.277822871605167e-11
533	(  34.296353685392880095    -6.9241989087643496248   11.23322815319344059    )	3541.055065159072 -8.819256436254364e-11 -1.261923898709938e-10
534	(  34.29635368539695861     -6.9241989087631603539   11.233228153179519282   )	3541.0550651597514 -4.3002046368201263e-11 2.028741619142238e-10
535	(  34.296353685393661692    -6.9241989087615500864   11.233228153199519284   )	3541.055065159355 -8.284928298962768e-12 -2.596323156467406e-10
536	(  34.29635368538531992     -6.924198908762120297    11.23322815318623924    )	3541.0550651570707 -4.912692475045333e-11 5.357492227631155e-12
537	(  34.296353685405307488    -6.9241989087625803734   11.233228153192799326   )	3541.055065162038 -1.8900436771218665e-12 -6.207301339600235e-11
538	(  34.296353685397619415    -6.9241989087633504241   11.23322815318602963    )	3541.055065160049 -4.6284753807412926e-11 5.925926416239236e-11
539	(  34.296353685393000887    -6.9241989087613502463   11.233228153193010712   )	3541.055065159057 -4.746425474877469e-12 -1.1606005045905476e-10
540	(  34.296353685403907718    -6.9241989087614497222   11.233228153184519726   )	3541.0550651615135 2.5210056264768355e-11 1.1833378721348708e-10
541	(  34.29635368538671969     -6.9241989087632500599   11.233228153194520615   )	3541.055065157595 -7.621281383762835e-11 -1.751061518007191e-10
542	(  34.296353685397861       -6.924198908762289939    11.233228153187519993   )	3541.055065160126 -1.6186163520615082e-11 2.674482857401017e-11
543	(  34.29635368540552065     -6.9241989087621096388   11.23322815318151946    )	3541.055065161848 1.1780798558902461e-11 1.921875991683919e-10
544	(  34.296353685407858336    -6.9241989087614701504   11.23322815318875989    )	3541.055065162555 3.6493474908638746e-11 3.888089850079268e-11
545	(  34.296353685387870769    -6.9241989087631097277   11.233228153186280096   )	3541.0550651576978 -6.886580194986891e-11 1.4637180356658064e-11
546	(  34.296353685401719247    -6.9241989087630599897   11.233228153192520438   )	3541.0550651611716 -2.594902070995886e-11 -7.01732005836675e-11
547	(  34.296353685394009858    -6.9241989087615198883   11.233228153182519549   )	3541.055065159083 -6.409095476556104e-12 1.2367706858640304e-10
548	(  34.296353685388531574    -6.9241989087614603804   11.233228153192520438   )	3541.0550651579692 -2.121680608979659e-11 -1.2292389328649733e-10
549	(  34.296353685407197531    -6.9241989087631203859   11.233228153182519549   )	3541.0550651622857 -1.1183942660863977e-11 1.7642776128923288e-10
550	(  34.296353685399871836    -6.9241989087620998689   11.233228153189520171   )	3541.0550651606522 -4.902744876744691e-12 -1.014655026665423e-11
551	(  34.296353685405911449    -6.9241989087615296583   11.233228153195520704   )	3541.055065162228 2.901856532844249e-11 -1.2080647593393223e-10
552	(  34.296353685396560707    -6.92419890876109978     11.233228153187450715   )	3541.055065159798 1.2875034371973015e-11 2.3092638912203256e-11
553	(  34.296353685409869172    -6.9241989087617001886   11.233228153190319532   )	3541.055065163076 3.61666252501891e-11 1.1880274541908875e-11
554	(  34.29635368540319007     -6.9241989087630999578   11.233228153191589627   )	3541.0550651615076 -2.2637891561316792e-11 -4.3371528590796515e-11
555	(  34.296353685389881605    -6.9241989087625004373   11.23322815318872081    )	3541.0550651582275 -4.595790414896328e-11 -3.2159164220502134e-11
556	(  34.296353685402742428    -6.9241989087624196131   11.233228153184519726   )	3541.055065161244 -5.144329406903125e-12 1.1367262686690083e-10
557	(  34.296353685397008348    -6.9241989087617801246   11.233228153194520615   )	3541.0550651600615 -4.632738637155853e-12 -1.3395151654549409e-10
558	(  34.296353685394869615    -6.9241989087618698306   11.233228153188450804   )	3541.0550651594194 -1.354294454358751e-11 -6.139089236967266e-12
559	(  34.296353685379870058    -6.924198908761179716    11.233228153185239151   )	3541.0550651557232 -3.9406700125255156e-11 6.0254023992456496e-12
560	(  34.296353685384872279    -6.9241989087609701059   11.233228153185139675   )	3541.0550651569256 -1.8602008822199423e-11 2.8265390028536785e-11
561	(  34.296353685404866951    -6.9241989087627704436   11.233228153191760157   )	3541.0550651619114 -8.483880264975596e-12 -4.050093593832571e-11
562	(  34.296353685393349053    -6.9241989087627704436   11.23322815318345036    )	3541.0550651589574 -4.303046807763167e-11 1.0012968232331332e-10
563	(  34.296353685396390176    -6.9241989087609701059   11.233228153193449472   )	3541.0550651598805 1.595878984517185e-11 -1.1235101737838704e-10
564	(  34.296353685404866951    -6.9241989087612703102   11.233228153184979803   )	3541.055065161752 3.306865892227506e-11 1.1183942660863977e-10
565	(  34.296353685384872279    -6.9241989087624702393   11.233228153191920029   )	3541.0550651570857 -6.015454800945008e-11 -1.240607616637135e-10
566	(  34.296353685394002753    -6.9241989087613697862   11.233228153188219878   )	3541.055065159199 -2.2737367544323206e-12 -4.419575816427823e-12
567	(  34.296353685391402166    -6.9241989087598696528   11.233228153187530651   )	3541.055065158539 3.1462832339457236e-11 6.679101716144942e-13
568	(  34.296353685394791455    -6.9241989087603696973   11.233228153187759801   )	3541.055065159368 2.7782220968219917e-11 9.08073616301408e-12
569	(  34.296353685393221156    -6.9241989087623698751   11.233228153188679954   )	3541.055065159032 -3.232969447708456e-11 -1.787725523172412e-11
570	(  34.296353685404000089    -6.9241989087614603804   11.233228153187519993   )	3541.055065161598 2.5195845410053153e-11 5.1301185521879233e-11
571	(  34.296353685384012522    -6.9241989087612800802   11.233228153188919762   )	3541.055065156801 -2.97717406283482e-11 -6.009770459058927e-11
572	(  34.296353685392539035    -6.9241989087614497222   11.233228153183219433   )	3541.0550651587423 -8.895995051716454e-12 1.0207656941929599e-10
573	(  34.296353685395466471    -6.9241989087612898501   11.233228153193220322   )	3541.055065159657 4.320099833421409e-12 -1.1090151019743644e-10
574	(  34.296353685389000532    -6.9241989087610198439   11.233228153187539533   )	3541.0550651579733 -7.58859641791787e-12 -9.137579581874888e-12
575	(  34.296353685374000975    -6.924198908759970017    11.233228153185500275   )	3541.0550651542976 -2.3518964553659316e-11 -2.3320012587646488e-11
576	(  34.296353685398997868    -6.9241989087608999398   11.233228153188509424   )	3541.0550651604053 2.5721647034515627e-11 9.066525308298878e-12
577	(  34.296353685379010301    -6.9241989087611504061   11.233228153186569642   )	3541.055065155543 -4.118305696465541e-11 -2.731326276261825e-11
578	(  34.296353685391110844    -6.9241989087620199328   11.233228153185340403   )	3541.0550651584485 -2.8961721909581684e-11 4.871480996371247e-11
579	(  34.296353685386897325    -6.924198908760019755    11.233228153189740439   )	3541.0550651575004 1.3798739928461146e-11 -6.700417998217745e-11
580	(  34.296353685390357668    -6.9241989087605499975   11.233228153182540865   )	3541.0550651581907 9.492850949754938e-12 1.0859935173357371e-10
581	(  34.296353685387650501    -6.9241989087614896903   11.233228153192539978   )	3541.0550651577573 -2.467004378559068e-11 -1.268745108973235e-10
582	(  34.296353685392958255    -6.9241989087615198883   11.233228153186740172   )	3541.0550651589174 -9.563905223330949e-12 2.4655832930875476e-11
583	(  34.296353685383998311    -6.9241989087612303422   11.233228153185709886   )	3541.055065156729 -2.8421709430404007e-11 1.1965539670200087e-11
584	(  34.296353685394009858    -6.9241989087608102338   11.233228153189369181   )	3541.055065159217 1.3244516594568267e-11 -3.021227712451946e-11
585	(  34.296353685385049914    -6.9241989087605197994   11.23322815318834067    )	3541.05506515703 -5.5848659030743875e-12 -4.2945202949340455e-11
586	(  34.29635368539180007     -6.9241989087605997355   11.233228153185539355   )	3541.0550651586027 1.2434497875801753e-11 4.6995296543173026e-11
587	(  34.296353685386208099    -6.9241989087614399523   11.233228153189539711   )	3541.0550651573467 -2.7611690711637493e-11 -6.52420339974924e-11
588	(  34.296353685389931343    -6.9241989087603696973   11.233228153186589182   )	3541.0550651581707 1.3201884030422661e-11 1.5930368135741446e-11
589	(  34.296353685398081268    -6.9241989087623698751   11.233228153189850573   )	3541.05506516023 -1.7749357539287303e-11 -2.474109805916669e-11
590	(  34.296353685404000089    -6.9241989087611104381   11.233228153185949694   )	3541.0550651615617 3.490185918053612e-11 8.657252692501061e-11
591	(  34.296353685390670307    -6.9241989087618298626   11.233228153183219433   )	3541.055065158295 -2.502531515347073e-11 9.460165983909974e-11
592	(  34.296353685384012522    -6.9241989087616300225   11.233228153190490062   )	3541.0550651568374 -3.9463543544115964e-11 -9.538325684843585e-11
593	(  34.296353685397342304    -6.9241989087609097098   11.233228153193220322   )	3541.0550651601047 2.0477841644606087e-11 -1.0339817890780978e-10
594	(  34.296353685396312017    -6.9241989087608697417   11.233228153188980158   )	3541.0550651597664 1.850253283919301e-11 -1.226396761921933e-11
595	(  34.296353685391700594    -6.9241989087618698306   11.233228153187459597   )	3541.0550651586336 -2.3035795493342448e-11 3.453237695794087e-12
596	(  34.296353685392510613    -6.9241989087611104381   11.2332281531862197     )	3541.0550651587946 4.263256414560601e-13 3.456079866737127e-11
597	(  34.296353685399012079    -6.9241989087615198883   11.233228153187319265   )	3541.0550651603903 8.597567102697212e-12 3.5853986446454655e-11
598	(  34.296353685395501998    -6.9241989087616300225   11.233228153190220056   )	3541.0550651596054 -4.988010005035903e-12 -4.3357317736081313e-11
599	(  34.296353685389000532    -6.9241989087612303422   11.233228153189120491   )	3541.055065158008 -1.3415046851150692e-11 -4.4650505515164696e-11
600	(  34.296353685395999378    -6.9241989087613697862   11.23322815318818968    )	3541.0550651596795 3.709033080667723e-12 4.249045559845399e-12
601	(  34.296353685393931698    -6.9241989087615696263   11.233228153187660325   )	3541.0550651591725 -8.029132914089132e-12 7.87281351222191e-12
602	(  34.296353685392013233    -6.9241989087613697862   11.233228153188250076   )	3541.0550651587187 -8.242295734817162e-12 -1.304556462855544e-11
603	(  34.296353685394080912    -6.924198908761169946    11.23322815318877943    )	3541.0550651592266 3.495870259939693e-12 -1.666933258093195e-11
604	(  34.29635368539396012     -6.9241989087612596521   11.233228153187219789   )	3541.0550651591657 6.394884621840902e-13 1.787725523172412e-11
605	(  34.296353685394052491    -6.9241989087614799203   11.233228153189219967   )	3541.0550651592334 -5.186961971048731e-12 -2.6687985155149363e-11
606	(  34.296353685395011723    -6.9241989087614301823   11.23322815318796053    )	3541.0550651594376 -9.379164112033322e-13 5.4427573559223674e-12
607	(  34.296353685393548005    -6.9241989087614701504   11.23322815318837975    )	3541.0550651590934 -6.423306331271306e-12 -9.819700608204585e-12
608	(  34.296353685394549871    -6.9241989087613600162   11.23322815318872081    )	3541.0550651593408 -3.694822225952521e-13 -1.3486101124726702e-11
609	(  34.29635368539346274     -6.9241989087613795562   11.233228153187720721   )	3541.055065159058 -4.163780431554187e-12 4.646949491871055e-12
610	(  34.296353685393000887    -6.9241989087613102782   11.233228153188479226   )	3541.055065158962 -3.637978807091713e-12 -1.425348727934761e-11
611	(  34.2963536853944575      -6.9241989087612703102   11.233228153188070664   )	3541.0550651593035 1.8474111129762605e-12 7.531752999057062e-13
612	(  34.296353685395821742    -6.9241989087609701059   11.233228153187619469   )	3541.0550651596213 1.425348727934761e-11 1.6356693777197506e-11
613	(  34.296353685392460875    -6.924198908761129978    11.233228153188250076   )	3541.0550651588246 -2.7000623958883807e-13 -1.1254996934439987e-11
614	(  34.296353685396461231    -6.9241989087614097542   11.233228153187889475   )	3541.055065159786 3.979039320256561e-12 1.2846612662542611e-11
615	(  34.296353685393206945    -6.9241989087614701504   11.23322815318839929    )	3541.055065159011 -7.44648787076585e-12 -1.1624479157035239e-11
616	(  34.296353685395708055    -6.9241989087610695819   11.233228153187740261   )	3541.0550651595972 1.1155520951433573e-11 1.318767317570746e-11
617	(  34.296353685395018829    -6.9241989087612401121   11.233228153189070753   )	3541.055065159461 4.362732397567015e-12 -1.9468870959826745e-11
618	(  34.296353685393903277    -6.9241989087612996201   11.233228153187070575   )	3541.05506515915 -6.394884621840902e-13 2.100364326906856e-11
619	(  34.296353685394400657    -6.924198908761169946    11.233228153188079546   )	3541.055065159289 4.462208380573429e-12 3.268496584496461e-13
620	(  34.29635368539346274     -6.9241989087612800802   11.233228153188230536   )	3541.0550651590675 -1.4068746168049984e-12 -6.80699940858176e-12
621	(  34.296353685394791455    -6.9241989087612703102   11.23322815318856982    )	3541.055065159395 2.8421709430404007e-12 -9.123368727159686e-12
622	(  34.296353685395459365    -6.9241989087612596521   11.233228153187910792   )	3541.0550651595427 5.144329406903125e-12 8.355982572538778e-12
623	(  34.29635368539413065     -6.9241989087612703102   11.233228153187569731   )	3541.0550651592143 8.526512829121202e-13 1.0700773600547109e-11
624	(  34.29635368539396012     -6.9241989087612703102   11.233228153188049347   )	3541.055065159183 3.410605131648481e-13 -7.531752999057062e-13
625	(  34.29635368539246798     -6.9241989087612703102   11.233228153187990728   )	3541.055065158822 -4.121147867408581e-12 -5.4001247917767614e-12
626	(  34.29635368539396012     -6.924198908761219684    11.233228153187889475   )	3541.0550651591793 1.7479351299698465e-12 2.8421709430404007e-12
627	(  34.29635368539396012     -6.9241989087613200482   11.23322815318820922    )	3541.055065159187 -1.0373923942097463e-12 -4.348521542851813e-12
628	(  34.296353685394961985    -6.9241989087612703102   11.233228153188049347   )	3541.055065159426 3.353761712787673e-12 3.254285729781259e-12
629	(  34.296353685392958255    -6.9241989087612703102   11.233228153188049347   )	3541.055065158942 -2.6574298317427747e-12 -4.760636329592671e-12
630	(  34.296353685393967226    -6.9241989087612898501   11.233228153187550191   )	3541.0550651591752 -1.7053025658242404e-13 1.0487610779819079e-11
631	(  34.29635368539396012     -6.9241989087612498821   11.23322815318855028    )	3541.055065159194 9.094947017729282e-13 -1.2008172234345693e-11
632	(  34.296353685393583532    -6.9241989087612898501   11.233228153188019149   )	3541.055065159093 -1.3216094885137863e-12 -1.5774048733874224e-12
633	(  34.296353685394350919    -6.9241989087612498821   11.233228153188079546   )	3541.055065159279 2.0889956431346945e-12 1.2789769243681803e-13
634	(  34.296353685393469846    -6.9241989087612596521   11.233228153188060006   )	3541.055065159066 -8.242295734817162e-13 -2.9558577807620168e-12
635	(  34.296353685393938804    -6.9241989087612703102   11.233228153188250076   )	3541.0550651591825 2.8421709430404007e-13 -5.343281372915953e-12
636	(  34.296353685394159072    -6.9241989087612703102   11.233228153188040466   )	3541.055065159231 9.379164112033322e-13 2.4158453015843406e-13
637	(  34.296353685393761168    -6.9241989087612703102   11.233228153188060006   )	3541.0550651591357 -2.5579538487363607e-13 -1.7905676941154525e-12
638	(  34.29635368539396012     -6.9241989087612703102   11.2332281531881506     )	3541.055065159185 3.410605131648481e-13 -3.0269120543380268e-12
