1	(   6.8300000000000000711    6.9000000000000003553   -3.2099999999999999645  )	264.4738 -81.73000000000002 6.015900000000002
2	(   5.8300000000000000711    7.9000000000000003553   -2.2099999999999999645  )	257.5938 -114.33000000000001 7.4359
3	(   7.8300000000000000711    5.9000000000000003553   -4.2099999999999999645  )	287.3538 -53.13 2.5959000000000003
4	(  10.830000000000000071     2.8999999999999999112   -7.2099999999999999645  )	451.99379999999996 8.670000000000002 -19.664099999999998
5	(  19.829999999999998295    -6.0999999999999996447  -16.210000000000000853   )	1809.9138000000003 -21.929999999999993 -194.44410000000005
6	(   6.8300000000000000711   -2.1000000000000000888   -3.2099999999999999645  )	34.07379999999997 4.670000000000002 6.015900000000002
7	(  -5.1699999999999999289  -17.100000000000001421     8.7899999999999991473  )	532.3138000000001 -607.33 -108.94409999999999
8	(   3.8300000000000000711   -6.0999999999999996447  -13.210000000000000853   )	575.1538 -69.92999999999998 -170.18410000000003
9	(  16.829999999999998295     0.9000000000000000222   -7.2099999999999999645  )	870.6337999999996 41.87 4.335899999999995
10	(  10.830000000000000071   -12.099999999999999645    -0.20999999999999999223 )	216.11380000000003 -267.33 32.2759
11	(   9.8300000000000000711    1.8999999999999999112    6.7900000000000000355  )	28.99380000000002 15.270000000000003 -17.784100000000002
12	(   2.8300000000000000711    7.9000000000000003553   -6.2099999999999999645  )	416.0337999999999 -123.33000000000001 -38.244099999999996
13	(  -3.1699999999999999289   -5.0999999999999996447    0.79000000000000003553 )	97.5138 -68.53 -24.3041
14	(   6.8300000000000000711    2.8999999999999999112    1.7900000000000000355  )	-12.12620000000004 -3.3299999999999983 13.1159
15	(   1.8300000000000000711   -2.1000000000000000888   -4.2099999999999999645  )	64.71379999999999 -10.33 -21.4041
16	(  11.830000000000000071    -2.1000000000000000888   -2.2099999999999999645  )	207.43380000000008 19.67 31.435900000000004
17	(   7.8300000000000000711    2.8999999999999999112   -8.2100000000000008527  )	381.91380000000015 -0.3299999999999983 -47.084100000000014
18	(   5.8300000000000000711   -7.0999999999999996447    1.7900000000000000355  )	-105.76620000000003 -90.32999999999998 9.1159
19	(   6.8300000000000000711   -7.0999999999999996447   -8.2100000000000008527  )	280.2738 -87.32999999999998 -51.084100000000014
20	(   4.8300000000000000711   -2.1000000000000000888   -4.2099999999999999645  )	45.63379999999997 -1.33 -9.4041
21	(   7.8300000000000000711   -2.1000000000000000888   -5.2099999999999999645  )	141.3938 7.670000000000002 -6.824099999999998
22	(   5.8300000000000000711   -2.1000000000000000888   -1.2099999999999999645  )	-49.24620000000001 1.6700000000000017 10.855900000000002
23	(   6.8300000000000000711   -0.10000000000000000555  -3.2099999999999999645  )	57.27379999999999 13.470000000000002 6.015900000000002
24	(   6.8300000000000000711   -4.0999999999999996447   -3.2099999999999999645  )	26.87379999999999 -20.129999999999995 6.015900000000002
25	(   8.8300000000000000711   -2.1000000000000000888   -2.2099999999999999645  )	58.5138 10.670000000000002 19.4359
26	(   5.8300000000000000711   -2.1000000000000000888   -3.2099999999999999645  )	16.433799999999984 1.6700000000000017 2.0159000000000002
27	(   2.8300000000000000711   -2.1000000000000000888   -3.2099999999999999645  )	11.513800000000003 -7.33 -9.9841
28	(   3.8300000000000000711   -2.1000000000000000888   -2.2099999999999999645  )	-29.686200000000007 -4.33 -0.5640999999999998
29	(   7.8300000000000000711   -2.1000000000000000888   -4.2099999999999999645  )	98.55380000000002 7.670000000000002 2.5959000000000003
30	(   6.8300000000000000711   -1.1000000000000000888   -3.2099999999999999645  )	43.673799999999964 11.07 6.015900000000002
31	(   4.8300000000000000711   -3.1000000000000000888   -3.2099999999999999645  )	1.1937999999999818 -11.730000000000002 -1.9840999999999998
32	(   4.8300000000000000711   -1.1000000000000000888   -4.2099999999999999645  )	55.233799999999995 5.07 -9.4041
33	(   6.8300000000000000711   -3.1000000000000000888   -2.2099999999999999645  )	-6.3662000000000205 -5.73 11.4359
34	(   5.8300000000000000711   -2.2000000000000001776   -3.7099999999999999645  )	34.61379999999998 0.8100000000000005 -1.4440999999999988
35	(   5.8300000000000000711   -2.2000000000000001776   -5.7099999999999999645  )	120.29379999999999 0.8100000000000005 -20.284100000000002
36	(   6.8300000000000000711   -2.2000000000000001776   -3.7099999999999999645  )	52.25379999999997 3.8100000000000005 2.555900000000001
37	(   5.8300000000000000711   -2.2000000000000001776   -2.7099999999999999645  )	-2.22620000000002 0.8100000000000005 4.975899999999999
38	(   4.8300000000000000711   -2.2000000000000001776   -3.7099999999999999645  )	24.97379999999997 -2.1900000000000013 -5.444099999999999
39	(   5.8300000000000000711   -1.1999999999999999556   -3.7099999999999999645  )	43.81379999999997 7.610000000000003 -1.4440999999999988
40	(   5.8300000000000000711   -2.2000000000000001776   -4.7099999999999999645  )	75.45379999999999 0.8100000000000005 -9.8641
41	(   5.8300000000000000711   -3.2000000000000001776   -3.7099999999999999645  )	29.413799999999995 -9.990000000000002 -1.4440999999999988
42	(   5.8300000000000000711   -2.5                     -5.2099999999999999645  )	95.39379999999997 -2.009999999999998 -14.824099999999998
43	(   6.3300000000000000711   -2.5299999999999998046   -3.5899999999999998579  )	35.64359999999996 -0.8117999999999963 1.4319000000000006
44	(   8.3300000000000000711   -3.5299999999999998046   -3.5899999999999998579  )	83.04360000000008 -6.9317999999999955 9.431899999999999
45	(   5.3300000000000000711   -2.5299999999999998046   -3.5899999999999998579  )	22.003599999999977 -3.811799999999998 -2.5680999999999994
46	(   7.3300000000000000711   -2.5299999999999998046   -3.5899999999999998579  )	57.28359999999997 2.1882000000000037 5.431899999999999
47	(   6.3300000000000000711   -2.5299999999999998046   -4.5899999999999998579  )	76.00359999999998 -0.8117999999999963 -6.748099999999997
48	(   6.3300000000000000711   -1.5300000000000000266   -3.5899999999999998579  )	43.52359999999997 7.308200000000003 1.4319000000000006
49	(   6.3300000000000000711   -2.5299999999999998046   -2.5899999999999998579  )	-0.7164000000000286 -0.8117999999999963 7.611900000000002
50	(   6.3300000000000000711   -3.5299999999999998046   -3.5899999999999998579  )	31.76359999999996 -12.931799999999996 1.4319000000000006
51	(   7.8300000000000000711   -3.5200000000000000178   -3.2299999999999999822  )	53.692199999999964 -8.290799999999997 9.8871
52	(   6.8300000000000000711   -2.6099999999999998757   -3.8799999999999998934  )	56.298599999999986 -0.13419999999999632 1.265600000000001
53	(   8.8300000000000000711   -2.6099999999999998757   -4.8799999999999998934  )	157.09860000000003 5.865800000000004 0.5056000000000012
54	(   5.8300000000000000711   -2.6099999999999998757   -3.8799999999999998934  )	38.6586 -3.1341999999999963 -2.734399999999999
55	(   7.8300000000000000711   -2.6099999999999998757   -3.8799999999999998934  )	81.93860000000001 2.8658000000000037 5.265599999999999
56	(   6.8300000000000000711   -2.6099999999999998757   -4.8799999999999998934  )	97.81859999999998 -0.13419999999999632 -7.494399999999999
57	(   6.8300000000000000711   -2.6099999999999998757   -2.8799999999999998934  )	18.778599999999976 -0.13419999999999632 8.0256
58	(   6.8300000000000000711   -1.6100000000000000977   -3.8799999999999998934  )	63.85859999999998 8.305800000000001 1.265600000000001
59	(   6.8300000000000000711   -3.6099999999999998757   -3.8799999999999998934  )	52.738599999999984 -12.574199999999998 1.265600000000001
60	(   8.3300000000000000711   -2.8500000000000000888   -4.75                   )	132.43560000000005 1.745000000000001 -0.24249999999999972
61	(   6.3300000000000000711   -2.4799999999999999822   -4.1100000000000003197  )	56.430600000000005 -0.31079999999999863 -2.5721000000000025
62	(   7.0099999999999997868   -2.7999999999999998224   -4.3799999999999998934  )	79.59920000000001 -1.6499999999999968 -2.144400000000001
63	(   6.6500000000000003553   -2.4199999999999999289   -3.3799999999999998934  )	34.40159999999997 1.2372000000000032 4.175600000000003
64	(   7.3300000000000000711   -2.7400000000000002132   -3.6499999999999999112  )	58.44579999999999 -0.02519999999999989 4.9975000000000005
65	(   7.0099999999999997868   -2.1099999999999998757   -4                      )	68.37460000000002 5.125800000000002 1.0399999999999991
66	(   6.6500000000000003553   -3.1099999999999998757   -3.7599999999999997868  )	45.53940000000001 -6.394199999999994 1.4624000000000024
67	(   6.9400000000000003908   -2.4500000000000001776   -4.0800000000000000711  )	67.6522 1.8149999999999977 0.1136000000000017
68	(   6.6299999999999998934   -2.6899999999999999467   -4.0599999999999996092  )	58.876999999999974 -1.5821999999999985 -0.963599999999996
69	(   6.6799999999999997158   -2.4100000000000001421   -3.7999999999999998224  )	51.18579999999997 1.4237999999999982 1.2799999999999994
70	(   6.9800000000000004263   -2.8100000000000000533   -3.9599999999999999645  )	61.77700000000002 -1.8521999999999998 1.2384000000000022
71	(   6.7199999999999997513   -2.7700000000000000178   -3.6800000000000001599  )	45.30419999999999 -2.1858000000000004 2.3375999999999983
72	(   7.0300000000000002487   -2.5299999999999998046   -3.7000000000000001776  )	54.1954 1.2882000000000016 3.4299999999999997
73	(   6.8200000000000002842   -2.5800000000000000711   -3.9799999999999999822  )	60.223200000000034 0.14719999999999978 0.43960000000000043
74	(   6.7900000000000000355   -2.4900000000000002132   -4.2800000000000002487  )	72.26340000000002 0.9697999999999993 -2.1584000000000003
75	(   6.8899999999999996803   -2.6800000000000001599   -4.1799999999999997158  )	69.268 -0.6948000000000043 -0.9123999999999981
76	(   6.7199999999999997513   -2.6800000000000001599   -4.0700000000000002842  )	61.168200000000006 -1.2048000000000023 -0.6849000000000025
77	(   6.75                    -2.4799999999999999822   -3.7799999999999998046  )	51.4176 0.9491999999999994 1.7116000000000007
78	(   6.9199999999999999289   -2.4799999999999999822   -3.8900000000000001243  )	59.43060000000005 1.4591999999999974 1.5478999999999985
79	(   6.7999999999999998224   -2.3799999999999998934   -4.1100000000000003197  )	66.23299999999999 2.0711999999999993 -0.6921000000000035
80	(   6.8399999999999998579   -2.7799999999999998046   -3.8500000000000000888  )	54.44419999999999 -1.936799999999998 1.5374999999999979
81	(   6.8700000000000001066   -2.6099999999999998757   -4.0700000000000002842  )	64.75160000000002 -0.01419999999999888 -0.08490000000000109
82	(   7.0199999999999995737   -2.7000000000000001776   -4.3399999999999998579  )	78.67279999999998 -0.5200000000000031 -1.7556000000000012
83	(   6.8700000000000001066   -2.6299999999999998934   -3.8700000000000001066  )	56.665199999999984 -0.2237999999999989 1.5030999999999999
84	(   6.9699999999999997513   -2.4900000000000002132   -4.0499999999999998224  )	66.87880000000001 1.5097999999999985 0.47749999999999915
85	(   6.7699999999999995737   -2.7299999999999999822   -4.0899999999999998579  )	62.763599999999975 -1.5958000000000006 -0.6480999999999995
86	(   6.8700000000000001066   -2.5899999999999998579   -4.2699999999999995737  )	72.99959999999999 0.1938000000000013 -1.7528999999999968
87	(   6.8099999999999996092   -2.4100000000000001421   -4.0599999999999996092  )	64.23779999999996 1.8137999999999987 -0.24359999999999715
88	(   6.9299999999999997158   -2.8100000000000000533   -4.0800000000000000711  )	65.4546 -2.002200000000002 0.073599999999999
89	(   6.8200000000000002842   -2.6200000000000001066   -4                      )	60.79840000000003 -0.2688000000000006 0.28000000000000114
90	(   6.9199999999999999289   -2.6000000000000000888   -4.1399999999999996803  )	68.74480000000003 0.23999999999999666 -0.45959999999999823
91	(   6.9032999999999997698   -2.6299999999999998934   -3.9700000000000001954  )	61.36890355999999 -0.12390000000000079 0.8522999999999978
92	(   6.8722000000000003084   -2.5099999999999997868   -4.0599999999999996092  )	64.97333136 1.0164000000000044 0.0052000000000056446
93	(   6.8367000000000004434   -2.5899999999999998579   -4.1699999999999999289  )	68.18476756000003 0.0939000000000032 -1.0420999999999978
94	(   6.8677999999999999048   -2.7099999999999999645   -4.0800000000000000711  )	64.57030736000002 -1.0847999999999995 -0.17520000000000024
95	(   6.8650000000000002132   -2.6044999999999998153   -4.0199999999999995737  )	62.66354049999998 0.028159500000001003 0.2996000000000052
96	(   6.875                   -2.6154999999999999361   -4.1200000000000001066  )	66.8499805 -0.0566804999999988 -0.47439999999999927
97	(   6.8879999999999999005   -2.6600000000000001421   -4.0533000000000001251  )	64.20305778 -0.48719999999999963 0.12275910999999695
98	(   6.8520000000000003126   -2.5600000000000000533   -4.0867000000000004434  )	65.31384978000003 0.4488000000000003 -0.29311689000000385
99	(   6.8899999999999996803   -2.562600000000000211    -4.0627000000000004221  )	65.16650010000006 0.5361624799999962 0.05446870999999476
100	(   6.8499999999999996447   -2.6573999999999999844   -4.0773000000000001464  )	64.3491001 -0.573549520000002 -0.22437529000000112
101	(   6.8799999999999998934   -2.6040000000000000924   -4.0673000000000003595  )	64.89629058000001 0.07836799999999933 -0.022929290000003988
102	(   6.9100000000000001421   -2.5859999999999998543   -4.0591999999999996973  )	65.33620127999995 0.3552080000000011 0.16289536000000382
103	(   6.8600000000000003197   -2.6000999999999998558   -4.0346000000000001862  )	63.16423433999997 0.05895998000000269 0.16200283999999954
104	(   6.9000000000000003553   -2.6078999999999998849   -4.0999999999999996447  )	66.63588482 0.09771518000000334 -0.2099999999999973
105	(   6.8792999999999997485   -2.6539999999999999147   -4.0640000000000000568  )	64.47379796000001 -0.4495320000000014 0.0011039999999979955
106	(   6.893200000000000216    -2.6019000000000001016   -4.017299999999999649   )	63.19119075999999 0.139832779999999 0.4341007100000027
107	(   6.8667999999999995708   -2.6061000000000000831   -4.1173000000000001819  )	66.61280195999998 0.01688558000000029 -0.4849592900000026
108	(   6.8807000000000000384   -2.5539999999999998259   -4.070599999999999774   )	65.32883068000001 0.5962680000000002 -0.046984359999999725
109	(   6.8899999999999996803   -2.607299999999999951    -4.0713999999999996859  )	65.2638225 0.07397341999999796 -0.01629795999999928
110	(   6.9199999999999999289   -2.6171999999999999709   -4.0837000000000003297  )	66.37188306000002 0.06052831999999775 0.003394309999997347
111	(   7.0099999999999997868   -2.6472000000000002196   -4.1237000000000003652  )	69.86913906000001 0.01466431999999962 0.03509830999999508
112	(   7.2800000000000002487   -2.7372000000000000774   -4.2436999999999995836  )	80.80970706000002 -0.14452768000000127 0.11101031000000461
113	(   6.9100000000000001421   -2.5371999999999998998   -4.0636999999999998678  )	65.79808305999998 0.8552323200000007 0.12634231000000185
114	(   7.1100000000000003197   -2.7572000000000000952   -4.1836999999999999744  )	74.08299506 -0.8743036799999988 -0.06334568999999846
115	(   7.0599999999999996092   -2.5872000000000001663   -3.9237000000000001876  )	63.34605105999999 0.7927923199999984 1.8445783099999975
116	(   6.9599999999999999645   -2.7071999999999998288   -4.3236999999999996547  )	76.58662705999998 -0.7778636799999994 -1.8543816899999968
117	(   7.0499999999999998224   -2.4472000000000000419   -4.2237000000000000099  )	76.03045905999997 2.1724243199999975 -0.6396416900000013
118	(   6.9699999999999997513   -2.8471999999999999531   -4.0236999999999998323  )	63.92061906000001 -2.3030956799999984 0.689838309999999
119	(   6.9599999999999999645   -2.6671999999999997932   -4.1337000000000001521  )	69.02286306000002 -0.3479116799999993 -0.2474756900000017
120	(   7.0599999999999996092   -2.6272000000000002018   -4.1136999999999996902  )	70.73741505999998 0.3756403199999969 0.3174723099999994
121	(   7.018200000000000216    -2.687199999999999811    -4.2237000000000000099  )	73.91489601999997 -0.3874876799999978 -0.7668416899999997
122	(   7.0018000000000002458   -2.607200000000000184    -4.0236999999999998323  )	65.87032002000001 0.4104163199999995 0.8170383100000009
123	(   7.0042999999999997485   -2.5472000000000001307   -4.1637000000000004007  )	71.92182502000001 1.0364443199999975 -0.31919769000000286
124	(   7.0156999999999998252   -2.7471999999999998643   -4.0837000000000003297  )	67.86311301999999 -1.0471156799999974 0.38619430999999693
125	(   7.026399999999999757    -2.6389999999999997904   -4.1737000000000001876  )	72.32297322000002 0.15055800000000197 -0.314171690000002
126	(   6.9900000000000002132   -2.6442999999999998728   -4.1641000000000003567  )	71.06410259999998 -0.014644979999999919 -0.37972881000000314
127	(   6.9935999999999998167   -2.6554000000000002046   -4.0736999999999996547  )	67.42772554000001 -0.12149832000000416 0.3793683100000038
128	(   7.0300000000000002487   -2.6501000000000001222   -4.0833000000000003737  )	68.68393780000002 0.04393997999999932 0.4466611099999973
129	(   7.0109000000000003539   -2.6972000000000000419   -4.1299999999999998934  )	69.87955092000001 -0.5170756799999978 -0.013299999999997425
130	(   7.009100000000000108    -2.5971999999999999531   -4.1173999999999999488  )	69.86889244000001 0.5364043200000008 0.08341723999999928
131	(   7                       -2.6486999999999998323   -4.1222000000000003084  )	69.56988906000004 -0.031223379999998357 0.007467159999997364
132	(   6.9699999999999997513   -2.6532000000000000028   -4.1177000000000001378  )	68.67704706 -0.16894047999999984 -0.07545329000000223
133	(   6.9836999999999997968   -2.6389000000000000234   -4.1021999999999998465  )	68.44023886000002 0.02351357999999948 0.10675515999999874
134	(   7.0163000000000002032   -2.6585000000000000853   -4.142199999999999882   )	70.70364894 -0.08634450000000093 -0.0926208399999986
135	(   6.9930000000000003268   -2.6286999999999998145   -4.1376999999999997115  )	70.14604596000001 0.15887262000000035 -0.1485612899999964
136	(   7.0199999999999995737   -2.6345000000000000639   -4.1128999999999997783  )	69.73227331999998 0.1788194999999977 0.16405359000000175
137	(   7.0069999999999996732   -2.6686999999999998501   -4.1067000000000000171  )	68.99668516 -0.2229193799999969 0.1630151099999999
138	(   6.9800000000000004263   -2.6629000000000000448   -4.1314999999999999503  )	69.41185732000002 -0.24207281999999886 -0.14929224999999846
139	(   6.9965999999999999304   -2.6387000000000000455   -4.1253999999999999559  )	69.67557194 0.06432461999999894 -0.03252515999999872
140	(   7.0030999999999998806   -2.6507999999999998231   -4.1322000000000000952  )	70.03497339999998 -0.044181279999998324 -0.06267684000000173
141	(   7.0099999999999997868   -2.6446000000000000618   -4.1200000000000001066  )	69.73341832 0.042181680000000554 0.06559999999999988
142	(   6.9969000000000001194   -2.6465999999999998415   -4.1121999999999996334  )	69.10529924 -0.018283119999997766 0.07741116000000403
143	(   6.9900000000000002132   -2.6528000000000000469   -4.124399999999999622   )	69.40724639999996 -0.10469568000000251 -0.05067535999999606
144	(   7.0034000000000000696   -2.6587000000000000632   -4.1189999999999997726  )	69.46473961999999 -0.12717138000000006 0.047439000000000675
145	(   7.0008809999999996876   -2.6436999999999999389   -4.1225540000000000518  )	69.631564450476 0.024343619999999788 0.008072517083999031
146	(   7.0034809999999998453   -2.6286999999999998145   -4.1236160000000001702  )	69.81624068035603 0.1903156199999998 0.009715084543998387
147	(   7.0108810000000003626   -2.6482999999999998764   -4.1251290000000002678  )	69.941396897926 0.005657220000001573 0.02683473335899933
148	(   6.9908809999999999008   -2.6391000000000000014   -4.1199789999999998358  )	69.322643165526 0.04294537999999726 -0.010702960440998055
149	(   6.9944810000000003924   -2.6463999999999998636   -4.1275539999999999452  )	69.672350803276 -0.023422919999998015 -0.05877802291599821
150	(   6.9984809999999999519   -2.6537000000000001698   -4.1204539999999996169  )	69.43729794167595 -0.0888043800000009 0.015782833884003367
151	(   7.0072809999999998709   -2.6410000000000000142   -4.1175540000000001584  )	69.59123493767599 0.07208100000000073 0.07487305708399816
152	(   7.0032810000000003114   -2.6337000000000001521   -4.1246539999999995985  )	69.82629467927602 0.13709161999999786 0.0003533802840038902
153	(   7.0035239999999996385   -2.6286999999999998145   -4.1236160000000001702  )	69.81723088521602 0.19044462000000095 0.00988708454399756
154	(   7.005880999999999581    -2.6457389999999998409   -4.1238749999999999574  )	69.78913708813602 0.017773287758000578 0.017178984374996986
155	(   7.0208810000000001494   -2.6518389999999998352   -4.1278379999999996741  )	70.26328833697399 -0.0018571638419970782 0.044477445756001543
156	(   7.015881000000000256    -2.6551390000000001379   -4.1263690000000003977  )	70.07027229160803 -0.05188321864200063 0.03660287583899802
157	(   6.9965809999999999391   -2.6503389999999997784   -4.1288749999999998508  )	69.752796919336 -0.05885062984199685 -0.061284765625000404
158	(   6.9958809999999997942   -2.636338999999999988    -4.1213810000000004052  )	69.50918020480802 0.08707635415799864 -0.002257347161005896
159	(   7.0009810000000003427   -2.6557390000000000718   -4.1193220000000003722  )	69.43799760105404 -0.10295627224199855 0.0351102603159994
160	(   7.0151810000000001111   -2.6411389999999999034   -4.1188750000000000639  )	69.82635381693602 0.09431256535800259 0.09559273437499982
161	(   7.0107809999999997075   -2.6357390000000000541   -4.1284280000000004307  )	70.14095157445398 0.13810284775799708 -0.0007937511840054867
162	(   7.0208810000000001494   -2.651855999999999991    -4.1278379999999996741  )	70.26319666260397 -0.002037489471998555 0.044477445756001543
163	(   7.0053679999999998174   -2.6464219999999998301   -4.1258749999999997371  )	69.85461509711399 0.009005195831999657 -0.0013725156249968506
164	(   7.0038679999999997605   -2.6484220000000000539   -4.1318749999999999645  )	70.05233205711397 -0.016674180168001485 -0.056919015625002345
165	(   7.0153679999999996042   -2.6511219999999999786   -4.1252649999999997377  )	70.03533505991398 -0.010791717768000808 0.043660679775001654
166	(   6.9953680000000000305   -2.6417220000000001257   -4.1264849999999997365  )	69.67478498271399 0.028713749431998892 -0.046406455224996535
167	(   7.0043680000000003716   -2.6512220000000001896   -4.1308749999999996305  )	70.00820103551399 -0.04485218656800072 -0.04665626562499625
168	(   7.0063680000000001513   -2.6416219999999999146   -4.1208749999999998437  )	69.70122931871397 0.0627704182319988 0.04386123437500089
169	(   6.999967999999999968    -2.656422000000000061    -4.1231999999999997542  )	69.56802416826399 -0.11325168416800047 -0.0009062399999990589
170	(   7.0107679999999996667   -2.6364220000000000432   -4.12854999999999972    )	70.141867928464 0.13086207583199894 -0.0018531025000001478
171	(   7.0038289999999996382   -2.6484709999999997976   -4.1318749999999999645  )	70.051168951896 -0.017310275681998277 -0.057075015625002834
172	(   7.0038049999999998363   -2.6458439999999998626   -4.1238749999999999574  )	69.740739888022 0.01043405532800179 0.008874984374998007
173	(   7.0069309999999997984   -2.6469999999999997975   -4.127875000000000405   )	69.96852718629398 0.007574999999999221 -0.011628015625003485
174	(   7.0103679999999997108   -2.6508569999999997968   -4.1250450000000000728  )	69.912340154644 -0.02298166889799802 0.02547574797499763
175	(   7.0003679999999999239   -2.6419869999999998633   -4.1267050000000002896  )	69.79717147208399 0.0409133836619997 -0.028222157025002303
176	(   7.0012299999999996203   -2.6514220000000001676   -4.1261609999999997456  )	69.74389449160998 -0.056387244168002226 -0.020284597920998237
177	(   7.0095060000000000144   -2.6414219999999999366   -4.1255889999999997286  )	69.96557301415402 0.07429763583199822 0.01753940307900237
178	(   7.0034099999999996911   -2.6472050000000000303   -4.1248750000000002913  )	69.76477266770002 -0.005158624050000782 -0.0009537656250024895
179	(   6.9975360000000002003   -2.6495540000000001868   -4.1218750000000001776  )	69.495468114266 -0.047664797832000616 0.00029048437500023283
180	(   7.0021769999999996514   -2.6464660000000002071   -4.1228749999999996234  )	69.659395066878 -0.0010335783120041242 0.010609734375002233
181	(   7.0046429999999997307   -2.6479439999999998534   -4.1268750000000000711  )	69.87018061531799 -0.009285854272000904 -0.012525265625001225
182	(   7.0084099999999995845   -2.6471170000000001643   -4.1243869999999995812  )	69.860721987316 0.01077317662199917 0.023071874231000322
183	(   6.9984099999999997976   -2.6472929999999998962   -4.1253630000000001132  )	69.669024331636 -0.02109045569799939 -0.024979881769002787
184	(   7.0034970000000003054   -2.6422050000000001369   -4.1251620000000004396  )	69.80550549257399 0.04799647595000067 -0.002973526244002045
185	(   7.0033229999999999649   -2.6522049999999999237   -4.1245880000000001431  )	69.72414023285401 -0.058413724050000226 0.0010658302559996002
186	(   7.0020049999999995904   -2.6452049999999998064   -4.124903999999999904   )	69.74443208258198 0.011796015950000793 -0.006813009215999699
187	(   7.0045330000000003423   -2.6463589999999999058   -4.1238749999999999574  )	69.754719137368 0.007167086238000664 0.011786984375000031
188	(   7.005410000000000359    -2.6458490000000001174   -4.1257229999999998071  )	69.85252947945997 0.015196138397998382 4.972727100138741e-5
189	(   7.002286999999999928    -2.6480510000000001547   -4.1258749999999997371  )	69.77484314992796 -0.017487197202001425 -0.013696515624996408
190	(   7.0048149999999997917   -2.64920499999999981     -4.1248459999999997905  )	69.78514504838196 -0.022129264049999264 0.004905476284001509
191	(   7.0014099999999999113   -2.6485609999999999431   -4.1240269999999998873  )	69.67705808730003 -0.02552074144199956 -0.001958696728998177
192	(   7.0030340000000004252   -2.6468199999999999505   -4.1243749999999996803  )	69.737949326674 -0.002210224799997107 0.0016668593750033267
193	(   7.0019059999999999633   -2.6456650000000001555   -4.1228749999999996234  )	69.65749564704397 0.006631415550000241 0.00952573437500348
194	(   7.0010339999999997573   -2.6462650000000000894   -4.123967999999999634   )	69.67843930712195 -0.0023349004500019532 -0.0029760650239971653
195	(   7.005034000000000205    -2.6473749999999998117   -4.1247819999999997265  )	69.797493240922 -0.002086781249998282 0.00630945247600323
196	(   7.0021190000000004261   -2.6471849999999998992   -4.1253750000000000142  )	69.75540959034402 -0.00881984844999728 -0.010242890624997614
197	(   7.0039490000000004244   -2.6464550000000000018   -4.1233750000000002345  )	69.72050029370402 0.004398865950003383 0.013574609374998658
198	(   7.0033770000000004075   -2.6448200000000001708   -4.124635999999999747   )	69.76725054630798 0.019985335199999454 0.0008858675040031017
199	(   7.002691000000000443    -2.6488200000000001744   -4.1241139999999996135  )	69.708665320716 -0.024421784799999458 0.0024477150040063123
200	(   7.0030499999999999972   -2.6461950000000000749   -4.1248750000000002913  )	69.7619506973 0.004454043949998265 -0.002393765625001265
201	(   7.0020340000000000913   -2.6468069999999999098   -4.1243787400000000432  )	69.71515088104998 -0.005072590498000906 -0.0023639909639889822
202	(   7.004033999999999871    -2.6468329999999999913   -4.1243712600000002055  )	69.76075577302997 0.0006521402219981098 0.00569770968601091
203	(   7.0030429999999999069   -2.6458200000000000607   -4.1240626300000000626  )	69.73092125652101 0.008402055200001257 0.004279423837481033
204	(   7.0030179999999999652   -2.6474449999999998262   -4.1238749999999999574  )	69.713950520596 -0.008876056049999193 0.005726984374998523
205	(   7.0030250000000000554   -2.6478199999999998404   -4.1246873700000001861  )	69.74498178777503 -0.012826504799999583 -0.0009459002375180603
206	(   7.0025339999999998142   -2.6463397199999998399   -4.1242866799999999827  )	69.72546154957416 0.001374172700643328 0.00039538117457738053
207	(   7.0010339999999997573   -2.6448987200000000364   -4.124021720000000002   )	69.68801680880279 0.0121235218847211 -0.0034191470317601613
208	(   7.0026460000000003703   -2.6469137200000001364   -4.1247866799999997056  )	69.74518159852332 -0.004366482248475023 -0.0032811555054195196
209	(   7.0015340000000003684   -2.6467167200000001337   -4.1242345699999996     )	69.69829394124531 -0.005616791855116432 -0.003174788383081051
210	(   7.0024220000000001463   -2.6457657199999999875   -4.1237866800000002598  )	69.70574391888108 0.0071135097457641905 0.004071417854575543
211	(   7.0029760000000003117   -2.6473397200000001739   -4.1239746600000000143  )	69.71758892512761 -0.007887186179358352 0.004737003677885099
212	(   7.0035340000000001481   -2.6459627199999999903   -4.1243387900000003654  )	69.75263773728096 0.00836456874040259 0.0039655453013338615
213	(   7.0020920000000002048   -2.6453397199999999501   -4.1245986999999999512  )	69.73334012635873 0.010631531580642672 -0.003946436041687207
214	(   7.0010339999999997573   -2.6448988799999999522   -4.124021720000000002   )	69.688015941538 0.012121829149490893 -0.0034191470317601613
215	(   7.0027119600000000688   -2.6464330899999999325   -4.1244866800000004048  )	69.7371523255969 0.0009196803061062298 -0.0005425334974269447
216	(   7.0032458399999999443   -2.6467132000000002101   -4.1250866799999998946  )	69.77222734304453 -0.0004440061084807212 -0.0033567575134227923
217	(   7.0022209599999998275   -2.646507090000000062    -4.1239866799999997937  )	69.70520051912867 -0.0013366748405356788 0.0016177031825783672
218	(   7.00320296000000031     -2.646359089999999803    -4.1249866800000001277  )	69.76910708261717 0.003176013548747747 -0.0027032701774238888
219	(   7.0037119600000004027   -2.6465520900000001348   -4.1242454500000000905  )	69.74976454844631 0.002659949833264008 0.0054473081542987245
220	(   7.0017119599999997348   -2.6463140900000001743   -4.1247279099999998309  )	69.72454839215914 -0.0008206458650601434 -0.006532491532968976
221	(   7.0026449599999995854   -2.6474330899999998223   -4.124540419999999763   )	69.73237398773506 -0.009869052053893768 -0.0012538362137775039
222	(   7.0027789599999996639   -2.6454330900000000426   -4.1244329400000001584  )	69.74193471092272 0.011704412666102115 0.00016876344295368995
223	(   7.0026566600000004215   -2.6465194499999999955   -4.1242866799999999827  )	69.72731216747687 -0.00016041845660197396 0.0008860211745798097
224	(   7.0024907599999997032   -2.6467784499999997827   -4.1236866799999996047  )	69.69779341192915 -0.0034000467688048985 0.005171205190578121
225	(   7.0029026600000001679   -2.6465654500000002081   -4.1247866799999997056  )	69.75297567501858 9.061773259411154e-5 -0.002254515505420329
226	(   7.0024106599999997869   -2.646473449999999783    -4.1237866800000002598  )	69.70165015252718 -0.00041146310980266776 0.0040260578545741055
227	(   7.0016566600000000875   -2.6462654500000000191   -4.1244156700000003113  )	69.71089393969993 -0.0004716837274063579 -0.004177978941552141
228	(   7.0036566599999998672   -2.646773449999999972    -4.1241576899999996542  )	69.74373871987152 0.0001505887501931369 0.005949988013867369
229	(   7.0029066599999998388   -2.6455194500000001057   -4.1242790600000001078  )	69.738175064855 0.011173659343391762 0.0019488752455139036
230	(   7.0024066600000001159   -2.6475194499999998854   -4.1242942999999998577  )	69.71645377033103 -0.011498496256601598 -0.00017683301248894168
231	(   7.0024907599999997032   -2.6467785300000001847   -4.1236866799999996047  )	69.69779297889826 -0.0034008937379255144 0.005171205190578121
232	(   7.0021566599999998104   -2.6463588499999999293   -4.1242907200000002987  )	69.71683567683229 3.965405335470962e-5 -0.0011473030781203875
233	(   7.002646959999999865    -2.6465811200000000092   -4.1244866800000004048  )	69.73485450206474 -0.0008423694809085447 -0.0008025334974277598
234	(   7.0026663600000000898   -2.6464577799999999819   -4.1240866799999995607  )	69.71977000885448 0.0005215173549437679 0.00257449584658076
235	(   7.0031566600000001444   -2.6466800500000000618   -4.1242826399999996667  )	69.73779076135614 -0.0003605941360067533 0.002919345394634121
236	(   7.0028185699999996316   -2.6460194499999998285   -4.1243126099999996015  )	69.73479719691399 0.005617850443396577 0.0013197749949895865
237	(   7.0024947500000003231   -2.6470194500000001625   -4.124260750000000364   )	69.71982835044798 -0.005939687356605106 0.000452266009435931
238	(   7.0024566599999999994   -2.6465544099999998018   -4.1243412299999997472  )	69.72472793385015 -0.0011305101808947171 -0.0003639414779108563
239	(   7.0027452099999996094   -2.6464019200000001852   -4.1243866799999997497  )	69.73403679139398 0.0013493856406228133 0.0004153538385764932
240	(   7.0025768599999995701   -2.6463194500000000176   -4.1242455800000001886  )	69.7248935320255 0.0017173171033952883 0.0009058358504603348
241	(   7.0025681100000003454   -2.6466369799999998058   -4.1241866800000002158  )	69.7205877015418 -0.0016702778070367685 0.0013566685105779186
242	(   7.0027364600000003847   -2.6467194499999999735   -4.1243277799999997768  )	69.7297310206294 -0.002038314016603593 0.0008662031202746334
243	(   7.0028566599999999553   -2.6464844900000001893   -4.1242321300000002182  )	69.72989673789525 0.0008096683788778591 0.002135977875660444
244	(   7.0025566599999997663   -2.6464590100000000561   -4.124243576299999603   )	69.72359173376539 0.0001793967796377416 0.0008415633481888563
245	(   7.0022566599999995773   -2.6462776899999997937   -4.12411426520000024    )	69.71243104489318 0.0011987548165279804 0.0007081675738618287
246	(   7.002665529999999805    -2.6465433900000001621   -4.1243435763000002581  )	69.72969090244027 -0.00038724030538794807 0.0004521846329232915
247	(   7.002992139999999921    -2.6467965300000000362   -4.1246435762999995589  )	69.74798938827291 -0.002087322440083028 -0.0007160715128513573
248	(   7.0021655300000000821   -2.6465923000000000087   -4.1243864862999997101  )	69.71965420086741 -0.002405014838579689 -0.0019017683740578661
249	(   7.0031655300000004161   -2.6464944799999998715   -4.1243006662999999179  )	69.73972962094695 0.0016305246590615496 0.002806133957378165
250	(   7.002729440000000416    -2.646100099999999955    -4.124543576299999792   )	69.74166205460608 0.004496841559982201 -0.0009419527975893516
251	(   7.0025253699999998602   -2.6460433899999999952   -4.1241734262999996119  )	69.72228115509806 0.004484866474614435 0.0012950298009215544
252	(   7.0028056899999997498   -2.647043389999999885    -4.1245137263000000161  )	69.7371019227451 -0.005260347085382477 -0.0003907184371136907
253	(   7.0026016200000000822   -2.6469866799999999252   -4.124143576299999836   )	69.71772072897443 -0.005272108194843028 0.0018462420634470789
254	(   7.0026023799999999042   -2.6464990300000001966   -4.124443576300000025   )	69.73252704047319 -0.0001070915818832674 -0.0006252940823330277
255	(   7.0024655300000002711   -2.6465114199999999478   -4.1243084562999996479  )	69.72383761434895 -0.0006488023808337573 -5.8122707685015484e-5
256	(   7.0028655300000002271   -2.6465753599999999324   -4.1243786962999999801  )	69.73554451955357 -0.00012568231825937914 0.000962489506711961
257	(   7.0027286799999997058   -2.6465877500000001277   -4.124243576299999603   )	69.7268548441819 -0.0006673969001287361 0.001529643348188614
258	(   7.0027083299999999255   -2.6463433900000001842   -4.1243281562999998258  )	69.73113459869688 0.001858314406613104 0.0007505791510453719
259	(   7.0026227299999996845   -2.6467433900000001401   -4.1243589962999998022  )	69.72824738178944 -0.0026329550173862515 0.0001537896392562743
260	(   7.0025655300000000381   -2.6464912400000000225   -4.1243634367000003849  )	69.72847544134589 -0.0001351767934743009 -0.00011163798783897505
261	(   7.0022655299999998491   -2.6463347900000000479   -4.124423017899999877   )	69.72482961280012 0.0006209484713117774 -0.00180311058334226
262	(   7.0024146099999997617   -2.6462912400000000446   -4.1243661267000000237  )	69.72619310010802 0.001529176198523885 -0.0007375070703616871
263	(   7.0026834400000002034   -2.6463968800000001735   -4.1242634366999997297  )	69.72765100774939 0.0012174270525324715 0.00118486469950696
264	(   7.0027164500000003144   -2.6466912400000000005   -4.1243607466999998579  )	69.73075812482746 -0.001799689785475067 0.0005142310802206396
265	(   7.0027655299999995719   -2.6463453499999998186   -4.1244568066999995892  )	69.73765086702586 0.002009167066757911 -8.183033395781081e-5
266	(   7.0024476199999998727   -2.6465855999999998716   -4.1244634367000001518  )	69.72930006177972 -0.0014878162547180551 -0.0014081606751759068
267	(   7.002365529999999616    -2.6466371299999997824   -4.1242700667000002923  )	69.71930045567322 -0.0022796057892708887 -0.0001414630776253034
268	(   7.0024655300000002711   -2.6463927200000001427   -4.1243532770999999926  )	69.72629540134176 0.0006077330620009036 -0.00042783432550663747
269	(   7.002665529999999805    -2.6465897599999999024   -4.124373596299999889   )	69.73065560058765 -0.0008781254737169064 0.0002045581434053645
270	(   7.0026272000000000517   -2.6464080199999999721   -4.1244134367000002683  )	69.73237057982304 0.0009307833593599213 -0.0002773968315068487
271	(   7.0026457000000004172   -2.6464304900000001908   -4.1243134366999996132  )	69.72862506480556 0.00074842319671653 0.0006214758558407141
272	(   7.0025038600000000244   -2.646574460000000073    -4.1243134366999996132  )	69.7245803709965 -0.0012011646485845517 5.411585583914302e-5
273	(   7.002485359999999659    -2.6465519899999998543   -4.1244134367000002683  )	69.72832589406626 -0.0010187915459223262 -0.0008447568315084197
274	(   7.0026155299999999215   -2.646486132500000199    -4.1243640437999999904  )	69.72967871579891 6.889097038254022e-5 8.335420971050667e-5
275	(   7.0027655299999995719   -2.6464708099999998403   -4.1243658650999996951  )	69.73328865979295 0.0006810936358903064 0.0006683307979287179
276	(   7.0025273999999999575   -2.6464707624999999069   -4.1243840438000001214  )	69.72854307724182 -3.2793534659347756e-5 -0.0004341407520414009
277	(   7.0025155300000001546   -2.6465195124999998377   -4.1243474441999996571  )	69.7265237034093 -0.000584470086472777 -0.00017972047906766875
278	(   7.0027036599999998856   -2.646501502500000047    -4.1243440437999998593  )	69.73081441903616 0.0001705745304825257 0.0006008483714659008
279	(   7.0027155299999996885   -2.6464527525000001162   -4.1243806434000003236  )	69.7328338137476 0.0007222475703461129 0.00034642834739884165
280	(   7.0026274400000003695   -2.646586132499999966    -4.1243692170999999291  )	69.72962101557059 -0.0009539934826143792 8.832103793565693e-5
281	(   7.0026036200000003618   -2.646386132499999988    -4.1243588705000000516  )	69.72973645726913 0.0010917354233850318 7.838732796372483e-5
282	(   7.0025655300000000381   -2.6464541230999998334   -4.1243671707000002513  )	69.72882761381854 0.0002577386540245641 -0.00014243874792541078
283	(   7.002665529999999805    -2.6465181419000001206   -4.1243609168999997294  )	69.73052984191679 -0.00011996081166110173 0.000309147147792288
284	(   7.0025790957999998199   -2.6465186227999999424   -4.1243540438000003689  )	69.72825909561382 -0.0003843542544181844 2.01045905825481e-5
285	(   7.0025977345000001151   -2.6465361325000000825   -4.1243731352999999373  )	69.72936653322296 -0.000513797756115153 -6.282118435052553e-5
286	(   7.0026519642000000232   -2.6464536422000000115   -4.1243740437999996118  )	69.73109835122607 0.0005221319727102269 0.00014660362883844869
287	(   7.002633325499999728    -2.6464361324999998715   -4.1243549523000000434  )	69.72999091123896 0.0006515696968847351 0.00022952943846377138
288	(   7.0025955299999997905   -2.646477474200000124    -4.1243686852329997095  )	69.72945314185307 0.00010054710397433553 -3.493173058188859e-5
289	(   7.0025355300000002856   -2.6464514992999998988   -4.1243826095319997549  )	69.72877644153195 0.00019551370556669667 -0.00038978980998649604
290	(   7.0025761923000002795   -2.646480854500000035    -4.124358685233000088   )	69.72858469894292 6.750429898616517e-6 -2.9795256878628607e-5
291	(   7.0025181791999999703   -2.6464909954000002124   -4.1243286852330003356  )	69.72597939083605 -0.00027463986656783845 -1.4387035768947953e-5
292	(   7.0025361623000001998   -2.646480347099999797    -4.124338685232999957   )	69.72685598956086 -0.00010796827307046897 -2.494130946928408e-5
293	(   7.0026162223000003593   -2.646481361899999829    -4.1243786852330002191  )	69.73031342274527 0.00012146913184629682 -3.465000429159204e-5
294	(   7.0026130023000003888   -2.6465308544999999185   -4.1243555350329996756  )	69.72903381917175 -0.00041212074100016594 0.00014342984265880432
295	(   7.0025393823000001703   -2.6464308545000001516   -4.1243618354329996123  )	69.72813559959357 0.0004256116007983479 -0.00020302037626152014
296	(   7.0026761923000000465   -2.6464593294999998463   -4.1243507668330003924  )	69.73068266406001 0.0005346115048219247 0.0004355213240430089
297	(   7.0024761922999996244   -2.6465023794999997797   -4.1243666036329997837  )	69.72648681592995 -0.0005211124983244275 -0.0004951119632075063
298	(   7.0025896976000003846   -2.6464922402000001789   -4.1243486852329995784  )	69.7284289829706 -7.326207763114212e-5 0.00010671301683018442
299	(   7.002626192300000163    -2.646488695499999988    -4.1243636181329996759  )	69.7298930576128 7.374608141752503e-5 0.00012951462087329446
300	(   7.0025626870000001745   -2.6464694687999998912   -4.1243686852329997095  )	69.72874041729293 8.676241889205016e-5 -0.00016630373058035275
301	(   7.0025261923000003961   -2.6464730135000000821   -4.124353752332999612   )	69.72727636061629 -6.02454675409092e-5 -0.00018910518329207093
302	(   7.0026058802999999742   -2.646460854499999904    -4.1243545961330001504  )	69.7292108226291 0.00030753209826173133 0.0001226865565975288
303	(   7.0025465042999996967   -2.6465008545000001661   -4.1243627743330000257  )	69.72795858397465 -0.00029403283846285433 -0.0001822771038035853
304	(   7.0025809135000001149   -2.6464842870999998325   -4.1243536852330002773  )	69.72847231247445 -1.5423234389189133e-5 3.033310497002617e-5
305	(   7.0025961923000004106   -2.6464831963000001736   -4.1243602674439996392  )	69.72909650955185 4.196030347003443e-5 3.715352926292326e-5
306	(   7.002571471099999556    -2.6464774218999997935   -4.1243636852329998987  )	69.72869708573685 2.8924047061451574e-5 -8.992366873528113e-5
307	(   7.0025561923000001485   -2.6464785126999998965   -4.1243571030219996487  )	69.72807289156594 -2.8459465605479295e-5 -9.674404802240133e-5
308	(   7.0025825717999996556   -2.6464708544999999695   -4.1243573454410000778  )	69.72873144191462 0.00013174796408144118 6.774306864798518e-6
309	(   7.0025698128000000153   -2.6464908545000001006   -4.1243600250250000983  )	69.72843795670403 -0.00011824750428246489 -6.636482422095469e-5
310	(   7.0025857649000000649   -2.6464858544999998458   -4.1243578384759995714  )	69.72874370457849 -1.7461437188615037e-5 1.5479801579232344e-5
311	(   7.002614482700000309    -2.6465008545000001661   -4.1243552982049997979  )	69.72922072650091 -9.009763846101748e-5 0.00015130496834814267
312	(   7.0025913514000004412   -2.6464854265999999683   -4.1243628384760002703  )	69.72907711364829 3.827787635302116e-6 -3.417801806904208e-6
313	(   7.0026081108999997937   -2.6464841428999998918   -4.1243778384759997024  )	69.73007734296004 6.769545770701768e-5 -6.0110911960009616e-5
314	(   7.0025993887000002047   -2.6464954266000000338   -4.1243721668760002785  )	69.7295857746428 -7.791992942962622e-5 -4.821610143324051e-5
315	(   7.0025833140999997894   -2.6464754265999999028   -4.1243535100760002621  )	69.72856845391871 8.557510469486829e-5 4.138032377554168e-5
316	(   7.0025700302000002395   -2.6464954266000000338   -4.1243528532760000971  )	69.72812777052613 -0.00016599542943218637 -6.337525881860984e-6
317	(   7.0026126725999997547   -2.6464754265999999028   -4.1243728236760004435  )	69.73002646120602 0.00017365060469387572 -4.982771457662238e-7
318	(   7.0026413514000003246   -2.6464866550999999184   -4.1243597982760000775  )	69.73009838868813 0.00014082295522754862 0.00022165996475465022
319	(   7.0025413513999996695   -2.6464841981000000182   -4.1243658786759995749  )	69.72805585865143 -0.00013316738600011035 -0.0002284955868496752
320	(   7.0025873737999999591   -2.6464862420949999411   -4.1243578384759995714  )	69.72877864410981 -1.6737796229904234e-5 2.1915401578809224e-5
321	(   7.0025953290000000351   -2.6464846111049999955   -4.124367838476000081   )	69.72937558341599 2.4393368832420492e-5 -2.8751055193509956e-5
322	(   7.0025880914999998339   -2.646490426599999779    -4.1243638160530000647  )	69.7290145875479 -5.888167089906915e-5 -2.4521167265589838e-5
323	(   7.0025946113000001603   -2.6464804266000001576   -4.1243618608989995877  )	69.72913963993753 6.653714616255968e-5 1.7685561740421463e-5
324	(   7.002611351399999684    -2.6464864048010001696   -4.1243620036230002057  )	69.72949842441184 5.34726069538749e-5 8.346867086928e-5
325	(   7.0025713514000003102   -2.6464844483990002111   -4.1243636733290003349  )	69.72865580609138 -4.5817035520201443e-5 -9.030427588285761e-5
326	(   7.002591519500000139    -2.6464855863259999502   -4.1243608384759999907  )	69.72899912377275 2.6412374563022922e-6 1.3752045546766567e-5
327	(   7.0025911693999995933   -2.6464874265999998038   -4.1243629975899995799  )	69.7290685394783 -1.789010377883926e-5 -5.458289567883412e-6
328	(   7.0025911832999998552   -2.6464852668739999864   -4.1243648384759996617  )	69.72915510354017 5.014337707720529e-6 -2.0587657157733474e-5
329	(   7.0025915334000004009   -2.6464834266000001328   -4.1243626793620000726  )	69.72908568783461 2.554566304446837e-5 -1.377314095662996e-6
330	(   7.0026013514000000626   -2.6464854601200000772   -4.1243628747740004314  )	69.7293086098537 3.347294686406599e-5 3.628278594192125e-5
331	(   7.0025813513999999316   -2.6464853930799998594   -4.1243628021780001092  )	69.72884561824296 -2.5817371602343542e-5 -4.3118389566387805e-5
332	(   7.0025913791810001641   -2.6464853725980002075   -4.1243618384760001305  )	69.72903754810787 4.482792650861711e-6 4.942046867739691e-6
333	(   7.0025903107029998651   -2.6464864266000001081   -4.124362783318000325   )	69.72904550823245 -9.880247075599868e-6 -7.125606604319046e-6
334	(   7.0025913236189998301   -2.6464854806020001732   -4.1243638384760004101  )	69.72911667919278 3.172782598426238e-6 -1.1777652488831336e-5
335	(   7.0025963514000002519   -2.6464856344270000221   -4.1243628328090000679  )	69.7291908627159 1.6627743038455378e-5 1.662894372245205e-5
336	(   7.0025923920970001291   -2.6464844265999998285   -4.1243628936340002156  )	69.72910871907688 1.7535818340519427e-5 2.9000297629977467e-7
337	(   7.0025863513999997423   -2.6464852187729999144   -4.1243628441429995846  )	69.72896336478087 -8.97216794548683e-6 -2.3464547332707753e-5
338	(   7.0025933166180003298   -2.6464859266000000382   -4.1243630767594003927  )	69.72912929726019 4.430470278649068e-6 2.477535733902414e-6
339	(   7.0025992122719999955   -2.6464874265999998038   -4.1243637916095998719  )	69.7292858482885 6.238512222367376e-6 2.0163547684859395e-5
340	(   7.0025933108469997634   -2.6464861155900001322   -4.1243640767593996443  )	69.72916863865932 2.4125197040092417e-6 -5.794275416803885e-6
341	(   7.0025932549979996722   -2.646486926600000178    -4.1243628877554003864  )	69.72911481048709 -6.340335431787025e-6 3.790097935052472e-6
342	(   7.0025933223890000079   -2.6464857376099999442   -4.124362076759400253   )	69.72908995586516 6.44842070940399e-6 1.0749344887983625e-5
343	(   7.0025933782380000991   -2.6464849265999998984   -4.1243632657634003991  )	69.72914378403749 1.5201271986953202e-5 1.1649734581453686e-6
344	(   7.0025883166179996309   -2.6464859144899999244   -4.1243630778933999537  )	69.72901430511587 -1.0441333943234099e-5 -1.7531818322424897e-5
345	(   7.0025983166180001405   -2.646485938710000152    -4.1243630756253999436  )	69.72924428960451 1.9302274500532235e-5 2.248688979378244e-5
346	(   7.0025935636799996331   -2.6464864266000001081   -4.1243634922745302518  )	69.72914910508898 -1.2131607896037622e-7 3.831303985180057e-8
347	(   7.0025943048660002077   -2.6464879265999998736   -4.1243647388199198289  )	69.72920852858839 -1.3776681132782187e-5 -7.279357106426687e-6
348	(   7.002598563680000332    -2.646486114217999841    -4.1243644774195296065  )	69.72930579605102 1.8185542625559492e-5 1.1912119930457266e-5
349	(   7.0025885636799998224   -2.646486738981999931    -4.1243625071295300089  )	69.72899241433115 -1.842817516184425e-5 -1.1835495783429906e-5
350	(   7.0025891220179996566   -2.6464854265999999683   -4.124364076909530219   )	69.72907594506998 -2.8603583697162094e-6 -2.255082980440193e-5
351	(   7.0025980053419996096   -2.6464874265999998038   -4.1243629076395302846  )	69.72922226527109 2.617722218545282e-6 2.262745519843179e-5
352	(   7.0025963124529999604   -2.6464854265999999683   -4.1243626171375300515  )	69.7291823571686 1.8710946632083392e-5 1.825217046302896e-5
353	(   7.002590814907000194    -2.6464874265999998038   -4.1243643674115295639  )	69.72911585307679 -1.8953582779701605e-5 -1.8175545903886814e-5
354	(   7.0025955636799999127   -2.6464866252932099933   -4.124363826267259725   )	69.72920759672166 3.775328313082582e-6 5.2832980870221036e-6
355	(   7.0025915636800002417   -2.6464862279067897788   -4.1243631582817998904  )	69.72909061348886 -4.017960616664595e-6 -5.206672220481323e-6
356	(   7.002592755368000077    -2.6464860946442798628   -4.1243639922745298776  )	69.72915254309831 9.678129373469346e-7 -7.319298699570709e-6
357	(   7.0025943719920000774   -2.6464867585557199092   -4.1243629922745297378  )	69.72914566708629 -1.2104455215933285e-6 7.395924288999822e-6
358	(   7.0025948879150003989   -2.6464859266000000382   -4.1243632941182095664  )	69.72917427217814 9.144361277080293e-6 6.969790391053721e-6
359	(   7.0025922394449997554   -2.646486926600000178    -4.124363690430850049   )	69.72912393801496 -9.386994431537232e-6 -6.893164382404393e-6
360	(   7.0025930724279996653   -2.6464862265999999913   -4.1243633360715898917  )	69.72913255309078 5.221169860902819e-7 -6.382195749665698e-7
361	(   7.0025940549319996009   -2.6464866265999997808   -4.1243636484774697237  )	69.72916565708931 -7.647492950013657e-7 7.148456120376068e-7
362	(   7.0025944112290003929   -2.6464864995310097839   -4.1243632922745296909  )	69.72916012196103 1.649287204585903e-6 5.078254403656501e-6
363	(   7.0025927161309997615   -2.6464863536689899881   -4.1243636922745299245  )	69.72913808822278 -1.8919193713884397e-6 -5.001628395007174e-6
364	(   7.0025945636799997729   -2.6464862470858800947   -4.1243635963235396602  )	69.72917731146072 4.7790105881517775e-6 3.1800411584015364e-6
365	(   7.0025925636800003815   -2.6464866061141201214   -4.1243633882255199552  )	69.72912089872536 -5.021642866864795e-6 -3.1034150893560764e-6
366	(   7.0025936108881596809   -2.6464863966684299967   -4.124363592274529644   )	69.72915440365266 3.37162378016842e-7 -5.97727023432526e-7
367	(   7.0025935164718395853   -2.6464864565315702194   -4.1243633922745299714  )	69.72914380652526 -5.797945359375944e-7 6.743530889252725e-7
368	(   7.0025940636800001471   -2.6464864947064099532   -4.124363503218209992   )	69.72916068992359 6.577131586027463e-7 1.948041614241447e-6
369	(   7.0025930636800000073   -2.6464863584935898189   -4.1243634813308496234  )	69.72913752025633 -9.003453218525692e-7 -1.8714155238797048e-6
370	(   7.0025939243164403436   -2.6464863265999998276   -4.1243634555329702351  )	69.72915646067612 2.0191878000730412e-6 1.783929899801251e-6
371	(   7.0025932030435598108   -2.6464865265999999444   -4.1243635290160902684  )	69.72914174950293 -2.2618199846391462e-6 -1.7073038200976498e-6
372	(   7.0025935709030999732   -2.6464864258311999734   -4.1243635422745299479  )	69.72915130040515 -9.15083013808271e-8 -3.452309087492722e-7
373	(   7.0025935564569001812   -2.6464864273687997986   -4.1243634422745296675  )	69.7291469097728 -1.5112384765814113e-7 4.21856992005587e-7
374	(   7.0025933636799999604   -2.6464863784964398619   -4.1243634933406596588  )	69.72914480455024 -2.1209440248526334e-7 -7.704811686437552e-7
375	(   7.002593763680000194    -2.6464864747035599102   -4.1243634912083999566  )	69.72915340562801 -3.053775188277541e-8 8.471072590054973e-7
376	(   7.0025937558806496952   -2.6464863765999999679   -4.1243634897703795872  )	69.72915369898294 9.845831545618466e-7 8.277716965210402e-7
377	(   7.002593371479349571    -2.6464864765999998042   -4.1243634947786897982  )	69.72914451119566 -1.227215314258956e-6 -7.511456878717127e-7
378	(   7.0025936196006002277   -2.6464864185650300854   -4.1243635122745301302  )	69.7291512458739 1.3150348188162297e-7 9.702090153496101e-8
379	(   7.0025935982869302876   -2.6464864065999997855   -4.1243634803690802926  )	69.72914952790708 1.9422363450871671e-7 2.7494556675833337e-7
380	(   7.0025935077593999267   -2.6464864346349701307   -4.1243634722745303733  )	69.72914696430406 -3.7413563269694805e-7 -2.0394821831359877e-8
381	(   7.0025935290730698668   -2.6464864465999999865   -4.124363504179980211   )	69.72914868227087 -4.3685577999497127e-7 -1.9831948705473224e-7
382	(   7.0025936636799999135   -2.6464864375583099232   -4.1243634854928901134  )	69.72915107319584 6.267985241947827e-8 4.94252937244255e-7
383	(   7.0025934636800002409   -2.6464864156416898489   -4.1243634990561703901  )	69.72914713698225 -3.053119979057328e-7 -4.1762685754065387e-7
384	(   7.0025935737977000883   -2.6464864166000001688   -4.1243634980495702536  )	69.72914962602097 1.4896480493575837e-8 3.114711333296327e-8
385	(   7.0025936041507996777   -2.6464863865999999071   -4.1243635153746902589  )	69.72915118881696 4.235341499736478e-7 9.649326671024028e-9
386	(   7.0025935722931995642   -2.6464864262460001676   -4.124363518049570132   )	69.72915034911136 -9.172905279797305e-8 -1.3984542945877365e-7
387	(   7.002593576193270053    -2.6464864366000000473   -4.1243634884107800431  )	69.72914918254122 -1.8963572223640313e-7 1.2023714290876342e-7
388	(   7.0025935714021301237   -2.6464863965999998463   -4.1243635076883595758  )	69.72915006950066 2.1942868677626848e-7 -5.7942909137409515e-8
389	(   7.0025935753021997243   -2.6464864069540001701   -4.1243634780495703751  )	69.72914890293055 1.215220120087679e-7 2.0213964901927284e-7
390	(   7.0025934737976998079   -2.6464864168710899861   -4.1243634976179297524  )	69.72914730499808 -2.8797326123708444e-7 -3.65292404325146e-7
391	(   7.0025936737977003688   -2.6464864163289099075   -4.1243634984812196365  )	69.72915194704427 3.1776622755330663e-7 4.2758655638408527e-7
392	(   7.0025935842316400226   -2.6464864214617800364   -4.1243635080495701928  )	69.72915024487065 -5.2682374018786504e-9 -9.604395501128238e-9
393	(   7.0025936155334598254   -2.6464864360471200833   -4.1243635380495700105  )	69.72915210141974 -6.576239464095579e-8 -1.3185892910883013e-7
394	(   7.002593607940490017    -2.6464864414617799149   -4.1243635060314698393  )	69.72915060065714 -1.4586060004262436e-7 1.01877763114544e-7
395	(   7.0025935605227900282   -2.646486401461780158    -4.1243635100676696581  )	69.72914988908414 1.3532412523886705e-7 -1.2108654701137311e-7
396	(   7.002593684231640303    -2.6464864187064400802   -4.1243635277356700541  )	69.72915335910002 3.2389964310652886e-7 2.280103394980415e-7
397	(   7.0025934842316397422   -2.6464864242171199926   -4.1243634883634703314  )	69.72914713064131 -3.344361161339293e-7 -2.4721913405301166e-7
398	(   7.002593678202639893    -2.6464864149877898036   -4.1243634880495703143  )	69.72915163325493 3.4517807101508424e-7 5.312541411228722e-7
399	(   7.0025934902606401522   -2.6464864279357698251   -4.1243635280495700712  )	69.72914885648646 -3.55714540489771e-7 -5.504629356778423e-7
400	(   7.0025935816963498226   -2.6464864114617800972   -4.1243635096560202769  )	69.72915030570405 9.298534919821577e-8 -3.299672712842039e-8
401	(   7.0025935867669302226   -2.6464864314617799756   -4.1243635064431201087  )	69.72915018403725 -1.0352182400197307e-7 1.3787932573450234e-8
402	(   7.002593592367169606    -2.6464864197728301676   -4.1243634980495702536  )	69.72915003632619 3.7017484189050265e-8 1.0542499140342443e-7
403	(   7.0025935760961104393   -2.6464864231507299053   -4.124363518049570132   )	69.72915045341517 -4.7553957216450726e-8 -1.2463378595839458e-7
404	(   7.0025936342316397187   -2.6464864212225998052   -4.1243635097170701087  )	69.72915146473255 1.4726371055928666e-7 1.7664084950297365e-7
405	(   7.0025935342316403265   -2.6464864217009598235   -4.1243635063820702769  )	69.72914902500884 -1.5780018003397345e-7 -1.958496440579438e-7
406	(   7.0025935935110803499   -2.646486426461780006    -4.1243635104021301174  )	69.72915052669275 -3.0359643687916105e-8 8.107740256946272e-9
407	(   7.0025935749522103535   -2.6464864164617800668   -4.1243635056970102681  )	69.72914996304884 1.9823200858581913e-8 -2.731649217935228e-8
408	(   7.0025935863183903507   -2.6464864235722900254   -4.1243635030495697791  )	69.7291500789955 -2.1349729095732073e-8 3.9986243649536846e-8
409	(   7.0025935821448896945   -2.6464864193512700474   -4.1243635130495697183  )	69.72915041074577 1.0813256068331611e-8 -5.919503109907964e-8
410	(   7.0025936042316399011   -2.6464864193215200672   -4.1243635076678497597  )	69.72915070141443 7.73884369920097e-8 7.354431019734875e-8
411	(   7.0025935642316401442   -2.6464864236020400057   -4.1243635084312897376  )	69.72914978832691 -8.792491001941016e-8 -9.275309764689155e-8
412	(   7.0025935902533200661   -2.6464864201576898672   -4.1243635100495703583  )	69.72915047154962 2.660183184843845e-8 -2.0151311730387533e-9
413	(   7.0025935872589499809   -2.6464864194617798709   -4.1243635063808898877  )	69.72915025781242 2.4985586932757542e-8 1.6269332547835802e-8
414	(   7.0025935942316399618   -2.646486422504689795    -4.1243635075252598199  )	69.72915044819854 1.3691575873053807e-8 3.4720496699947034e-8
415	(   7.0025935782099599791   -2.6464864227658702056   -4.1243635060495700273  )	69.72915001819175 -3.713830487583891e-8 -1.71936633819314e-8
416	(   7.0025935812043300643   -2.6464864234617802019   -4.1243635097182496096  )	69.72915023192886 -3.5522059960158003e-8 -3.547811644466492e-8
417	(   7.0025935742316400834   -2.6464864204188698338   -4.1243635085738796775  )	69.72915004154275 -2.422804534774059e-8 -5.392928414948983e-8
418	(   7.0025935869750499663   -2.6464864218809798224   -4.1243635090495702755  )	69.7291503462539 -1.4756320609876639e-9 -6.879485425770326e-9
419	(   7.0025935952052797973   -2.6464864231385800686   -4.1243635120495696356  )	69.7291506504036 9.902167974473741e-9 1.295259011158123e-9
420	(   7.0025935935337102478   -2.6464864211436198715   -4.124363511049570441   )	69.72915058222621 2.60060009082963e-8 2.8576998545304377e-9
421	(   7.0025935804163896847   -2.6464864226183402174   -4.12436350704957011    )	69.72915011028161 -2.8957268582985307e-8 -1.661667070607109e-8
422	(   7.0025935905782299429   -2.646486419880980101    -4.1243635078395701754  )	69.72915039102796 3.05057952232346e-8 1.751419631546014e-8
423	(   7.0025935969750499055   -2.6464864231190601274   -4.1243635081942899845  )	69.72915053512166 1.5418116561249917e-8 4.017548960177919e-8
424	(   7.0025935833718699897   -2.6464864238809799879   -4.1243635102595703756  )	69.72915030147982 -3.3457064674280446e-8 -3.1273163614287114e-8
425	(   7.002593576975050027    -2.6464864206428999616   -4.1243635099048496784  )	69.7291501573861 -1.8369387788652602e-8 -5.393444979517881e-8
426	(   7.00259359197505038     -2.6464864225806001841   -4.1243635095185302575  )	69.72915047656154 6.11822592588851e-9 9.252193677866671e-9
427	(   7.0025935891722301818   -2.6464864208809801838   -4.1243635096043895771  )	69.72915042471745 1.570185048649364e-8 -2.6673170339108765e-9
428	(   7.0025935902529301558   -2.646486421614239859    -4.1243635080495701928  )	69.72915038265984 1.1181704451246333e-8 1.4480765031521514e-8
429	(   7.0025935847778697507   -2.6464864228809799052   -4.1243635084947500857  )	69.72915026779035 -1.8653119937539486e-8 -1.1091646712202419e-8
430	(   7.0025935819750504407   -2.6464864211813599049   -4.1243635085806102936  )	69.72915021594628 -9.069491824220677e-9 -2.3011160976693645e-8
431	(   7.0025935836971697768   -2.6464864221477197859   -4.1243635100495703583  )	69.72915030984798 -1.413296857322166e-8 -2.8239732330348488e-8
432	(   7.0025935874228295575   -2.6464864219339299112   -4.1243635085495702342  )	69.72915033602673 -6.928217999302433e-10 -9.640039877467643e-10
433	(   7.0025935887661701074   -2.6464864220927801775   -4.12436350704957011    )	69.72915030534523 1.6556196413830548e-9 1.6782450984464958e-8
434	(   7.0025935877167704291   -2.6464864209339298284   -4.1243635086568000148  )	69.72915035255006 1.0774948933089945e-8 -6.727489676450205e-10
435	(   7.002593587128889574    -2.6464864229339299939   -4.1243635084423395654  )	69.72915031950338 -1.2160587203879913e-8 -1.255244796993793e-9
436	(   7.0025935924228299712   -2.6464864220606401091   -4.1243635091830102013  )	69.72915047609717 1.2965832851818959e-8 1.3810925736379431e-8
437	(   7.0025935824228300319   -2.6464864218072201574   -4.124363507916140037   )	69.72915019595669 -1.4351476451679446e-8 -1.5739008318860215e-8
438	(   7.0025935906340199821   -2.6464864218644601479   -4.1243635075495701514  )	69.72915036982938 9.67615321201265e-9 2.0129487410258662e-8
439	(   7.002593584211640021    -2.6464864220034001185   -4.1243635095495703169  )	69.72915030222407 -1.1061795035516298e-8 -2.2057488280324833e-8
440	(   7.0025935891563202418   -2.6464864219562000969   -4.1243635090495702755  )	69.72915039606112 4.271900166941123e-9 1.8455956762863934e-9
441	(   7.0025935876036102812   -2.6464864214339298698   -4.1243635085326699752  )	69.72915034221104 5.142494430288025e-9 -1.0147260809389991e-10
442	(   7.0025935856893397613   -2.6464864219116601696   -4.1243635080495701928  )	69.72915027599231 -5.657543766801609e-9 -3.7735965463525645e-9
443	(   7.0025935872420497219   -2.6464864224339299525   -4.1243635085664696049  )	69.72915032984241 -6.528134477434833e-9 -1.8265211565449135e-9
444	(   7.0025935894228297229   -2.6464864219938601941   -4.1243635081135296971  )	69.72915036408526 4.672759956747541e-9 1.0632778213448546e-8
445	(   7.0025935854228302802   -2.6464864218740000723   -4.124363508985609883   )	69.72915030796818 -6.0584035566080274e-9 -1.256077197808736e-8
446	(   7.0025935873230498174   -2.6464864218898398462   -4.1243635083495702176  )	69.72915032586891 -5.254232604556819e-10 2.86622281464588e-10
447	(   7.0025935870237097092   -2.6464864217575700955   -4.124363507749570168   )	69.72915029539553 -2.3245405600391678e-11 4.038501089098645e-9
448	(   7.0025935883230499002   -2.6464864218920101102   -4.1243635083456702262  )	69.72915034872 2.4515980356909495e-9 4.3187924347876105e-9
449	(   7.0025935863230497347   -2.6464864218876700264   -4.124363508353470209   )	69.72915030301786 -3.502456991100189e-9 -3.7455478718584345e-9
450	(   7.002593587317940127    -2.6464864215799899227   -4.1243635078495701762  )	69.72915030718013 2.739300342113893e-9 4.390550145672023e-9
451	(   7.0025935873322300296   -2.6464864213898398049   -4.124363508659399713   )	69.72915034133459 4.7950905468496785e-9 -2.2323547455016524e-9
452	(   7.0025935873281603961   -2.6464864221996902138   -4.124363508849570259   )	69.72915034455775 -3.790152192095775e-9 -3.8172984773154894e-9
453	(   7.0025935873138696053   -2.6464864223898398876   -4.124363508039739834   )	69.72915031040321 -5.845937067761042e-9 2.8056099665718648e-9
454	(   7.002593587342920145    -2.6464864218053198996   -4.1243635085495702342  )	69.72915033488347 4.289066879437087e-10 -1.2836416374284454e-9
455	(   7.0025935872931102111   -2.6464864216898398297   -4.1243635082655298874  )	69.7291503228591 1.5019452348496998e-9 8.600906653555285e-10
456	(   7.002593587303180378    -2.6464864219743597928   -4.1243635081495702011  )	69.72915031685442 -1.4797585379255906e-9 1.856893305784979e-9
457	(   7.002593587352990312    -2.6464864220898398628   -4.1243635084336096597  )	69.72915032887877 -2.552793532117903e-9 -2.8683189157163724e-10
458	(   7.0025935878230498588   -2.6464864218825101538   -4.1243635083385203899  )	69.72915033697151 1.0521663540430382e-9 2.3777708690886357e-9
459	(   7.0025935868230497761   -2.6464864218971699827   -4.1243635083606200453  )	69.72915031476636 -2.103021756738599e-9 -1.8045227534457808e-9
460	(   7.0025935872935498594   -2.646486421789839838    -4.1243635083026903843  )	69.7291503238327 4.446700785365465e-10 5.553246751333063e-10
461	(   7.0025935872773397151   -2.6464864218463302059   -4.1243635084495702259  )	69.72915032910194 -2.0196466721245088e-10 -7.210907426724589e-10
462	(   7.002593587523049834    -2.6464864218686900976   -4.1243635083632197436  )	69.72915033114032 2.984634761560301e-10 9.740332984620181e-10
463	(   7.0025935871230498009   -2.646486421910990039    -4.1243635083359198035  )	69.72915032059748 -1.3493224315652697e-9 -4.007780773918057e-10
464	(   7.0025935873525497755   -2.6464864219898398545   -4.124363508396450051   )	69.72915032790516 -1.495520152161589e-9 1.7923440509548527e-11
465	(   7.0025935873687599198   -2.6464864219333499307   -4.1243635082495702093  )	69.72915032263592 -8.488907354831099e-10 1.2943388583153137e-9
466	(   7.0025935873671301124   -2.6464864218398398421   -4.124363508351110319   )	69.72915032721677 1.361133428190442e-10 4.502425099417451e-10
467	(   7.0025935874993701091   -2.6464864216898398297   -4.1243635083557297349  )	69.72915033126019 2.120724929000062e-9 9.410960899458587e-10
468	(   7.002593587474369663    -2.6464864219088699571   -4.1243635084011103231  )	69.72915033133665 -2.729159120917757e-10 4.667626285481674e-10
469	(   7.0025935872599003318   -2.6464864217708101712   -4.1243635083011103148  )	69.72915032309709 5.451656903687763e-10 4.3375791847211076e-10
470	(   7.0025935872087297085   -2.6464864217564900706   -4.1243635084011103231  )	69.72915032604638 5.432490013390634e-10 -5.957971893622016e-10
471	(   7.0025935871671300958   -2.6464864219269998991   -4.1243635083478302761  )	69.72915032200791 -1.3865584236327777e-9 -3.227036415864859e-10
472	(   7.0025935875255296281   -2.6464864219231900577   -4.1243635083011103148  )	69.7291503283871 -2.71031197485172e-10 1.4962751038183342e-9
473	(   7.0025935875671301289   -2.6464864217526797852   -4.1243635083543903619  )	69.72915033242563 1.658785109270866e-9 1.2231851087562973e-9
474	(   7.0025935872671301041   -2.6464864218449801747   -4.12436350836131016    )	69.72915032529994 -2.1830004470757558e-10 -3.389288849575678e-11
475	(   7.0025935869671300793   -2.6464864218603998403   -4.1243635083919096829  )	69.72915031954943 -1.2815348782169167e-9 -1.4863026365219412e-9
476	(   7.0025935872487998779   -2.6464864218171100241   -4.1243635084113101641  )	69.72915032705367 2.1739055000580265e-11 -5.196518770844705e-10
477	(   7.0025935871157702906   -2.6464864217449801664   -4.1243635083439098565  )	69.72915032165227 3.8621372766556306e-10 -4.958025101586827e-10
478	(   7.0025935872854603303   -2.6464864218728498813   -4.1243635083113101558  )	69.72915032354615 -4.583391444157314e-10 4.518625473792781e-10
479	(   7.0025935874184899177   -2.646486421944980183    -4.1243635083787095752  )	69.72915032894755 -8.228155934375536e-10 4.2802028588084795e-10
480	(   7.0025935874671301207   -2.6464864217730901252   -4.1243635083558700671  )	69.72915033007297 1.1427196966451447e-9 8.109779514597903e-10
481	(   7.0025935870671300876   -2.6464864219168697801   -4.1243635083667502528  )	69.72915032052683 -1.5793233387739747e-9 -8.787672811649827e-10
482	(   7.0025935873671301124   -2.64648642183054017     -4.1243635083786900353  )	69.72915032838404 2.3455903885860607e-10 2.22744489519755e-10
483	(   7.0025935872928801729   -2.6464864217949801706   -4.1243635083487300008  )	69.72915032565396 3.8824765624667634e-10 1.7287504761043238e-10
484	(   7.0025935871671300958   -2.6464864218044001909   -4.1243635083789298434  )	69.7291503239311 -8.872547141436371e-11 -5.792344381916337e-10
485	(   7.0025935873671301124   -2.6464864218855601585   -4.1243635083436895883  )	69.72915032666873 -3.4787994707130565e-10 5.114522139137989e-10
486	(   7.0025935871671300958   -2.6464864218594201795   -4.1243635083439302846  )	69.72915032221584 -6.71162680987436e-10 -2.9053381922494737e-10
487	(   7.0025935872413800354   -2.6464864218949801788   -4.1243635083738903191  )	69.72915032494589 -8.248477456618275e-10 -2.4066437731562473e-10
488	(   7.0025935872470599364   -2.646486421828429858    -4.1243635083513101591  )	69.72915032452252 -1.0331113742267917e-10 -3.168665330122167e-11
489	(   7.0025935871868503213   -2.6464864217787797962   -4.1243635083213101566  )	69.72915032219038 2.4165025536149187e-10 -2.5064395003937534e-11
490	(   7.0025935872326199316   -2.6464864218274901653   -4.1243635083313101575  )	69.72915032338526 -1.3668532972133107e-10 7.552714009761985e-11
491	(   7.0025935872614999411   -2.6464864218293699949   -4.1243635083713101608  )	69.7291503256598 -6.994582690822426e-11 -1.3890399941374199e-10
492	(   7.0025935873470599446   -2.6464864218357297965   -4.1243635083483702886  )	69.729150326666 1.1941025945816364e-10 3.9256065065274015e-10
493	(   7.0025935872616198452   -2.6464864217784298539   -4.1243635083512604211  )	69.72915032512637 4.69663419266908e-10 2.6961544108417e-11
494	(   7.0025935871470599281   -2.6464864218211299196   -4.1243635083542500297  )	69.72915032237898 -3.2603608701720077e-10 -4.559375099688623e-10
495	(   7.0025935872325000275   -2.6464864218784298622   -4.1243635083513598971  )	69.72915032391867 -6.762892468259452e-10 -9.033840342453914e-11
496	(   7.0025935872237301538   -2.6464864218084298564   -4.1243635083492797833  )	69.72915032401153 3.841904572254862e-11 -1.0825829122040886e-10
497	(   7.0025935872898701362   -2.6464864218163901555   -4.12436350836131016    )	69.72915032597818 1.525712889360875e-10 5.7067239822572446e-11
498	(   7.0025935872704003771   -2.6464864218484298597   -4.1243635083533396468  )	69.72915032503371 -2.4500934614479775e-10 4.4934722609468736e-11
499	(   7.002593587296390254    -2.6464864218232699855   -4.1243635083413101583  )	69.72915032528111 9.93019000361528e-11 2.48121523327427e-10
500	(   7.0025935872042497365   -2.6464864218404700047   -4.1243635083413101583  )	69.72915032306685 -3.5919889285196405e-10 -1.2044054642501578e-10
501	(   7.0025935871977296188   -2.6464864218335901747   -4.12436350836131016    )	69.72915032376392 -3.0592950395202934e-10 -3.114948299298703e-10
502	(   7.0025935872474196486   -2.6464864218184298572   -4.1243635083501102301  )	69.72915032453636 3.6290970228947117e-12 -2.034994395216927e-11
503	(   7.0025935872484996736   -2.6464864217884298547   -4.1243635083465104429  )	69.72915032457786 3.2444624764593755e-10 1.3663736808666727e-11
504	(   7.0025935872352098599   -2.646486421820419821    -4.1243635083401102293  )	69.72915032383955 -5.4068749477664824e-11 1.3297807299750275e-11
505	(   7.0025935872596400955   -2.6464864218164398935   -4.1243635083601102309  )	69.7291503252334 6.135358887604525e-11 -5.395506263994321e-11
506	(   7.0025935872674196503   -2.6464864218111001648   -4.1243635083436398503  )	69.72915032477442 1.412185923754805e-10 1.1302248026368034e-10
507	(   7.0025935872535995941   -2.6464864218384298589   -4.1243635083492202753  )	69.72915032453429 -1.8955326197556133e-10 1.1709744285326451e-11
508	(   7.0025935872412397032   -2.6464864217984298556   -4.1243635083510001849  )	69.72915032453838 1.9680612695083255e-10 -5.241318490334379e-11
509	(   7.002593587227419647    -2.6464864218257599937   -4.1243635083565797217  )	69.72915032429827 -1.339692801138881e-10 -1.5371526274066127e-10
510	(   7.0025935872574196495   -2.6464864218222698966   -4.1243635083541603237  )	69.72915032490981 -7.02371494298859e-12 -1.375966007799434e-11
511	(   7.0025935872874196519   -2.6464864218337900148   -4.1243635083663097163  )	69.7291503260301 -3.8976821770120296e-11 6.0254023992456496e-12
512	(   7.0025935872583904285   -2.6464864218232198034   -4.1243635083441603228  )	69.72915032452204 -1.4164669437377597e-11 7.261036216732464e-11
513	(   7.0025935872774196511   -2.6464864218217099001   -4.1243635083546301701  )	69.72915032539225 5.89039927945123e-11 6.236433591766399e-11
514	(   7.0025935872564497586   -2.6464864218213199898   -4.1243635083641603245  )	69.72915032529758 1.2256862191861728e-13 -1.0012612960963452e-10
515	(   7.0025935872374196478   -2.6464864218228298931   -4.1243635083536895891  )	69.72915032442725 -7.295319903732889e-11 -8.987655064629507e-11
516	(   7.002593587256909835    -2.646486421802269895    -4.1243635083536798192  )	69.72915032498688 2.0316548443588545e-10 -1.1834089264084469e-11
517	(   7.0025935872579303521   -2.6464864218422698983   -4.12436350835464971    )	69.72915032483306 -2.1721113796502323e-10 -1.575273245180142e-11
518	(   7.0025935872674196503   -2.6464864218298900234   -4.1243635083549401443  )	69.72915032513032 -5.7690741073201934e-11 1.9809931472991593e-11
519	(   7.0025935872474196486   -2.6464864218146502139   -4.1243635083533796148  )	69.72915032468921 4.363975847354595e-11 -4.731859348794387e-11
520	(   7.0025935872610896027   -2.6464864218154100506   -4.12436350835915988    )	69.72915032523389 7.66053886991358e-11 -4.0319747540706885e-11
521	(   7.0025935872537496962   -2.6464864218291301867   -4.1243635083491598792  )	69.72915032458566 -9.065637129879178e-11 1.2807532812075806e-11
522	(   7.0025935872664195614   -2.646486421812510148    -4.1243635083491598792  )	69.72915032496732 1.2329337550909258e-10 6.348699344016495e-11
523	(   7.0025935872484197375   -2.6464864218320300893   -4.12436350835915988    )	69.72915032485221 -1.3734435810874857e-10 -9.099920816879603e-11
524	(   7.0025935872556202      -2.6464864218222401426   -4.1243635083521601459  )	69.7291503247875 -1.2107648217352107e-11 -4.458655666894629e-12
525	(   7.0025935872502200752   -2.6464864218221499925   -4.1243635083461596125  )	69.72915032442069 -2.7354118969924457e-11 2.3437252139046905e-11
526	(   7.0025935872656202008   -2.6464864218227699411   -4.124363508353350305   )	69.72915032506305 1.2281731187613332e-11 2.5725199748194427e-11
527	(   7.0025935872569400331   -2.6464864218172401422   -4.1243635083516396733  )	69.72915032482388 4.4781955921280314e-11 5.115907697472721e-12
528	(   7.002593587257850416    -2.6464864218229098292   -4.1243635083471597014  )	69.72915032463274 -1.2503775792538363e-11 4.5709214191447245e-11
529	(   7.0025935872456201992   -2.6464864218217099001   -4.1243635083509699868  )	69.72915032451198 -3.6493474908638746e-11 -3.4642511081983685e-11
530	(   7.002593587253389984    -2.646486421821570012    -4.1243635083571597022  )	69.72915032494227 -1.170441521480825e-11 -5.46194200978789e-11
531	(   7.0025935872543003669   -2.646486421827240143    -4.1243635083526797303  )	69.7291503247511 -6.899547599914513e-11 -1.4022560890225577e-11
532	(   7.0025935872606197563   -2.6464864218224199988   -4.1243635083539000874  )	69.72915032497214 9.876544027065393e-13 1.1866063687193673e-12
533	(   7.0025935872756202016   -2.6464864218229600112   -4.124363508359119912   )	69.7291503255259 4.027356226288248e-11 1.8133050616597757e-11
534	(   7.0025935872533597859   -2.6464864218217600822   -4.1243635083488996429  )	69.72915032460604 -1.3804068998979346e-11 1.3393730569077889e-11
535	(   7.0025935872678903849   -2.6464864218230799153   -4.1243635083588996437  )	69.72915032533838 1.581490494118043e-11 -1.0970779840135947e-11
536	(   7.0025935872529503357   -2.6464864218244201766   -4.1243635083550200804  )	69.72915032483007 -4.319389290685649e-11 -3.872813181260426e-11
537	(   7.0025935872682900651   -2.646486421820419821    -4.1243635083527800944  )	69.72915032511418 4.517275442594837e-11 4.1108449977400596e-11
538	(   7.002593587251189966    -2.6464864218205201851   -4.1243635083588996437  )	69.72915032496773 -7.192468842731614e-12 -7.777245514262177e-11
539	(   7.0025935872700504348   -2.6464864218243198124   -4.1243635083488996429  )	69.72915032497643 9.169554004984093e-12 8.01563260210969e-11
540	(   7.0025935872600095777   -2.6464864218234200877   -4.1243635083531202667  )	69.72915032492105 -1.1429079904701211e-11 5.17985654369113e-12
541	(   7.0025935872612299349   -2.6464864218214199099   -4.1243635083546799081  )	69.72915032502314 1.340438871011429e-11 -2.8030910925735952e-12
542	(   7.0025935872610300947   -2.6464864218228201231   -4.1243635083559002652  )	69.72915032506037 -2.0197177263980848e-12 -1.3670842236024328e-11
543	(   7.0025935872602103061   -2.6464864218220198744   -4.1243635083518999096  )	69.72915032488385 3.993250174971763e-12 1.6047607687141863e-11
544	(   7.0025935872556202      -2.6464864218223400627   -4.1243635083541301256  )	69.72915032486677 -1.3166356893634656e-11 -2.070876803372812e-11
545	(   7.0025935872656202008   -2.6464864218224999348   -4.1243635083536700492  )	69.72915032507748 1.5139889342208335e-11 2.3085533484845655e-11
546	(   7.0025935872610798327   -2.6464864218229200432   -4.124363508354599972   )	69.72915032500833 -2.9274360713316128e-12 -2.7462476737127872e-12
547	(   7.0025935872601596799   -2.6464864218219199543   -4.1243635083532002028  )	69.72915032493589 4.902744876744691e-12 5.119460411151522e-12
548	(   7.0025935872589002429   -2.6464864218228698611   -4.1243635083528999985  )	69.72915032488959 -8.93329854534386e-12 2.5579538487363607e-12
549	(   7.0025935872623401579   -2.6464864218219701364   -4.1243635083549001763  )	69.72915032505463 1.0912160064435739e-11 -1.8118839761882555e-13
550	(   7.0025935872586195785   -2.6464864218223098646   -4.124363508354560004   )	69.72915032495342 -3.8475889141409425e-12 -1.2256862191861728e-11
551	(   7.0025935872626199341   -2.6464864218225301329   -4.1243635083532401708  )	69.72915032499083 5.821121362714621e-12 1.4633627642979263e-11
552	(   7.0025935872605096222   -2.6464864218226198389   -4.1243635083539897934  )	69.72915032497208 -1.4583889651476056e-12 7.105427357601002e-15
553	(   7.002593587260180108    -2.6464864218232198034   -4.1243635083542597997  )	69.72915032497224 -8.79651906871004e-12 -3.538502824085299e-12
554	(   7.0025935872623801259   -2.6464864218230399473   -4.1243635083549898823  )	69.72915032505344 -2.9665159217984183e-13 -7.602807272633072e-13
555	(   7.0025935872679898608   -2.6464864218242998284   -4.124363508357990149   )	69.72915032529721 3.199218667759851e-12 -3.069544618483633e-12
556	(   7.0025935872636901891   -2.6464864218220398584   -4.1243635083559704313  )	69.72915032512867 1.4223289213077805e-11 -3.609557097661309e-12
557	(   7.0025935872610700628   -2.6464864218240400362   -4.1243635083540102215  )	69.72915032497816 -1.481303968375869e-11 2.0818902157770935e-12
558	(   7.0025935872673796823   -2.6464864218234298576   -4.1243635083554899268  )	69.72915032518664 1.0576428621789091e-11 1.511324398961733e-11
559	(   7.0025935872573796814   -2.646486421822650037    -4.1243635083544898379  )	69.72915032492017 -1.1167955449309375e-11 -1.6637358157822746e-11
560	(   7.0025935872643900737   -2.646486421822650037    -4.1243635083529897045  )	69.7291503250208 9.864109529189591e-12 2.3778312652211753e-11
561	(   7.0025935872603701782   -2.6464864218234298576   -4.1243635083569900601  )	69.72915032508602 -1.0452083643031074e-11 -2.5298874106738367e-11
562	(   7.0025935872618099154   -2.6464864218228800752   -4.1243635083539897934  )	69.72915032500063 -3.126388037344441e-13 5.208278253121534e-12
563	(   7.0025935872630400425   -2.6464864218235399917   -4.1243635083545804321  )	69.7291503250493 -3.6077807408219087e-12 5.258016244624741e-12
564	(   7.0025935872629503365   -2.6464864218231998194   -4.1243635083559899712  )	69.72915032510616 -2.753353101070388e-13 -6.728839707648149e-12
565	(   7.0025935872617202094   -2.6464864218225399028   -4.1243635083554002208  )	69.72915032505752 3.0180302701410255e-12 -6.785683126508957e-12
566	(   7.0025935872643803037   -2.6464864218228401072   -4.1243635083548300102  )	69.72915032509404 7.823075520718703e-12 8.558487252230407e-12
567	(   7.0025935872603799481   -2.6464864218232397874   -4.1243635083551497544  )	69.72915032501275 -8.409273277720786e-12 -1.0079048706757021e-11
568	(   7.0025935872621500877   -2.6464864218229098292   -4.1243635083544898379  )	69.72915032502857 3.9257486150745535e-13 2.4442670110147446e-12
569	(   7.0025935872631004386   -2.6464864218228401072   -4.1243635083552403486  )	69.72915032508122 3.9825920339353615e-12 5.3290705182007514e-14
570	(   7.0025935872626101641   -2.6464864218231700654   -4.1243635083554899268  )	69.72915032507822 -9.805489753489383e-13 -3.964828465541359e-12
571	(   7.0025935872616598132   -2.6464864218232397874   -4.1243635083547403042  )	69.72915032502563 -4.572342504616245e-12 -1.5845103007450234e-12
572	(   7.0025935872633802148   -2.6464864218231300974   -4.1243635083547198761  )	69.72915032506498 1.751487843648647e-12 5.467626351673971e-12
573	(   7.002593587261380037    -2.6464864218229497972   -4.1243635083552598886  )	69.72915032504184 -2.33946195749013e-12 -6.988187806200585e-12
574	(   7.002593587262460062    -2.6464864218229497972   -4.1243635083547900422  )	69.72915032504764 9.00612917575927e-13 1.2079226507921703e-12
575	(   7.0025935872628801704   -2.6464864218231300974   -4.1243635083548602083  )	69.72915032505918 2.5224267119483557e-13 2.3092638912203256e-12
576	(   7.0025935872628801704   -2.6464864218229799953   -4.1243635083551302145  )	69.72915032507095 1.8420820424580597e-12 8.171241461241152e-14
577	(   7.0025935872618800815   -2.6464864218230998993   -4.1243635083548504383  )	69.7291503250359 -2.4300561562995426e-12 -1.609379296496627e-12
578	(   7.0025935872623001899   -2.6464864218231300974   -4.1243635083551897225  )	69.72915032505915 -1.4885870314174099e-12 -2.7284841053187847e-12
579	(   7.0025935872618800815   -2.6464864218229497972   -4.1243635083551195564  )	69.72915032504761 -8.402167850363185e-13 -3.82982534574694e-12
580	(   7.0025935872623001899   -2.6464864218230501614   -4.1243635083550902465  )	69.72915032505557 -6.430411758628907e-13 -1.907807245515869e-12
581	(   7.0025935872621802858   -2.6464864218230501614   -4.1243635083549499143  )	69.72915032504716 -1.0018652574217413e-12 -1.2292389328649733e-12
582	(   7.0025935872625799661   -2.6464864218230301773   -4.1243635083550298503  )	69.72915032505969 4.085620730620576e-13 -2.913225216616411e-13
583	(   7.0025935872631803747   -2.6464864218229999793   -4.1243635083551497544  )	69.72915032507852 2.5295321393059567e-12 1.1226575225009583e-12
584	(   7.0025935872626199341   -2.6464864218229298132   -4.1243635083550502785  )	69.729150325062 1.5916157281026244e-12 -2.984279490192421e-13
585	(   7.0025935872626501322   -2.6464864218230199633   -4.1243635083548300102  )	69.72915032505324 7.247535904753022e-13 1.637801005927031e-12
586	(   7.0025935872625098      -2.6464864218230399473   -4.1243635083552296905  )	69.72915032506612 9.414691248821327e-14 -2.220446049250313e-12
587	(   7.0025935872620799216   -2.6464864218230199633   -4.1243635083549996523  )	69.72915032504699 -9.841016890277388e-13 -2.042810365310288e-12
588	(   7.0025935872630800105   -2.6464864218230399473   -4.1243635083550600484  )	69.72915032507237 1.8065549056700547e-12 1.4601653219870059e-12
589	(   7.0025935872627798062   -2.6464864218230701454   -4.1243635083549996523  )	69.72915032506288 5.844214001626824e-13 7.567280135845067e-13
590	(   7.0025935872623801259   -2.6464864218229999793   -4.1243635083550600484  )	69.7291503250565 1.2789769243681803e-13 -1.3393730569077889e-12
591	(   7.0025935872626101641   -2.6464864218230399473   -4.1243635083551302145  )	69.72915032506438 3.9612757518625585e-13 -9.983125437429408e-13
592	(   7.0025935872626803302   -2.6464864218230301773   -4.1243635083550200804  )	69.72915032506158 7.105427357601002e-13 1.9184653865522705e-13
593	(   7.0025935872624796019   -2.6464864218230301773   -4.1243635083550396203  )	69.72915032505777 1.0658141036401503e-13 -7.709388682997087e-13
