1	(   7.9800000000000004263   -5.9800000000000004263  )	10.149458218981682 4215.314544160001
2	(   6.9800000000000004263   -4.9800000000000004263  )	8.886415311662443 2492.9185761600006
3	(   3.9799999999999999822   -1.9799999999999999822  )	4.803780761501205 283.5194721600001
4	(  -5.0199999999999995737    7.0199999999999995737  )	-3.754225322173918 731.7413601599997
5	(   3.9799999999999999822    3.0200000000000000178  )	-0.19621923849879552 288.7194721600001
6	(  -1.0200000000000000178   -1.9799999999999999822  )	2.6931458670666344 4.0836321600000005
7	( -16.019999999999999574    -1.9799999999999999822  )	7.5315648142314355 66378.49611216
8	(  -4.0199999999999995737    3.0200000000000000178  )	-0.1773955961885485 299.59972815999987
9	(   1.9799999999999999822   -6.9800000000000004263  )	8.573389828012493 68.93073616000001
10	(   8.9800000000000004263    0.02000000000000000042 )	4.382324237488682 6661.155312160002
11	( -11.019999999999999574    -3.9799999999999999822  )	8.787624380978116 15003.491952159999
12	(   3.9799999999999999822   -3.9799999999999999822  )	6.803780761501205 295.4394721600001
13	(   3.9799999999999999822    0.02000000000000000042 )	2.8037807615012045 279.5994721600001
14	(  -6.0199999999999995737   -3.9799999999999999822  )	7.597394193489741 1398.6877921599996
15	(  -6.0199999999999995737    0.02000000000000000042 )	3.597394193489741 1382.8477921599995
16	(  -3.0200000000000000178   -1.9799999999999999822  )	4.2945531887699 102.34289616
17	(  -1.0200000000000000178   -2.9799999999999999822  )	3.6931458670666344 9.04363216
18	(  -1.0200000000000000178   -0.97999999999999998224 )	1.6931458670666344 1.1236321599999997
19	(  -1.0200000000000000178    2.0200000000000000178  )	-1.3068541329333656 4.243632160000001
20	(   0.97999999999999998224  -2.9799999999999999822  )	3.6531485340532552 8.72356816
21	(  -3.0200000000000000178    1.0200000000000000178  )	1.2945531887698993 99.46289616
22	(  -3.0200000000000000178   -2.9799999999999999822  )	5.2945531887699 107.30289615999999
23	(   0.97999999999999998224   1.0200000000000000178  )	-0.34685146594674465 0.8835681599999994
24	(   6.9800000000000004263    7.0199999999999995737  )	-3.1135846883375575 2517.3985761600006
25	(   5.9800000000000004263    4.0199999999999995737  )	-0.4155788211788969 1363.4874081600003
26	(  -4.0199999999999995737   -1.9799999999999999822  )	4.822604403811452 294.3997281599998
27	(  -2.0200000000000000178    6.0199999999999995737  )	-4.394610001351972 58.05086415999999
28	(   2.9799999999999999822    3.0200000000000000178  )	-0.7294470032297933 102.74270416
29	(   2.9799999999999999822   -0.97999999999999998224 )	3.2705529967702067 94.58270415999999
30	(  -1.0200000000000000178    3.0200000000000000178  )	-2.3068541329333656 9.28363216
31	(   0.97999999999999998224   2.0200000000000000178  )	-1.3468514659467448 3.9235681600000003
32	(   0.97999999999999998224   0.02000000000000000042 )	0.6531485340532553 -0.1564318400000002
33	(  -0.02000000000000000042   2.0200000000000000178  )	-2.019600079978673 1.0812001599999999
34	(  -0.02000000000000000042  -0.97999999999999998224 )	0.9803999200213269 -2.0387998400000003
35	(   1.9799999999999999822    1.0200000000000000178  )	0.5733898280124929 21.250736159999995
36	(   1.9799999999999999822   -1.9799999999999999822  )	3.573389828012493 24.130736159999998
37	(   0.48999999999999999112   1.0200000000000000178  )	-0.8048079784734105 -1.4217519899999997
38	(   0.47999999999999998224  -0.97999999999999998224 )	1.1873393197692423 -1.5257158400000002
39	(   1.4699999999999999734   -0.97999999999999998224 )	2.1308567971746983 6.9516888099999985
40	(   1.4799999999999999822    1.0200000000000000178  )	0.14014630078538204 7.219052159999999
41	(   0.93000000000000004885  -0.47999999999999998224 )	1.1032074323552634 -0.2917479900000002
42	(   1.0300000000000000266    0.52000000000000001776 )	0.20314278059532576 0.5177088100000011
43	(   0.78000000000000002665   0.14000000000000001332 )	0.3352398960409819 -1.39344944
44	(   1.1799999999999999378   -0.10000000000000000555 )	0.9722970461882648 1.7335777599999993
45	(   1.0300000000000000266    0.22000000000000000111 )	0.5031427805953258 0.2957088100000007
46	(   0.93000000000000004885  -0.17999999999999999334 )	0.8032074323552636 -0.48974799000000013
47	(   1.0800000000000000711   -0.08000000000000000167 )	0.8530668037358189 0.6996889600000014
48	(   0.88000000000000000444   0.11999999999999999556 )	0.4534623376139655 -0.8371046399999997
49	(   1.000199999999999978     0.11999999999999999556 )	0.573347180558612 0.016000320032000914
50	(   1.0602000000000000313    0.41999999999999998446 )	0.33331242158306135 0.6878781224979225
51	(   0.92020000000000001794  -0.08000000000000000167 )	0.6934371058912497 -0.5830478064345574
52	(   0.90020000000000000018   0.28999999999999998002 )	0.30352574262341764 -0.638496525571199
53	(   1.080200000000000049     0.32000000000000000666 )	0.45326621147463525 0.7975610895705625
54	(   1.1002000000000000668   -0.05000000000000000278 )	0.8431916088314466 0.8885451704352016
55	(   1.0607999999999999652    0.41999999999999998446 )	0.33391138792798153 0.6932858079952906
56	(   0.96150000000000002132   0.02000000000000000042 )	0.6346569705242794 -0.29596806943493714
57	(   0.95020000000000004459   0.2000000000000000111  )	0.44336854901756645 -0.339047553369598
58	(   1.0388999999999999346    0.22000000000000000111 )	0.5120376516893315 0.3719434252805023
59	(   1.0502000000000000224    0.04000000000000000083 )	0.7033268741241988 0.42387269463360067
60	(   0.99060000000000003606   0.17000000000000001221 )	0.5137473199702176 -0.045596434528509366
61	(   1.0098000000000000309    0.07000000000000000666 )	0.6329470248430529 0.0840720939916828
62	(   0.98019999999999996021   0.09589999999999999913 )	0.5774484936560021 -0.14609776587263879
63	(   1.0201999999999999957    0.14410000000000000586 )	0.5692458274692213 0.18566226612864156
64	(   0.99450000000000005063   0.14000000000000001332 )	0.5476472084037465 -0.024158664584937206
65	(   1.0059000000000000163    0.10000000000000000555 )	0.5990471464812215 0.05747930272773516
66	(   0.99019999999999996909   0.10849999999999999922 )	0.5748473385827582 -0.06586318554431925
67	(   1.0101999999999999869    0.13150000000000000577 )	0.5718470050394653 0.0997288256563218
68	(   1.0002729999999999677    0.11000000000000000056 )	0.5834201805565549 0.01428459631339063
69	(   1.0004919999999999369    0.08000000000000000167 )	0.6136391805401034 0.010337936988440433
70	(   1.0011490000000000666   -0.01000000000000000021 )	0.7042961803073446 0.009302567677387685
71	(   1.0031490000000000684   -0.28000000000000002665 )	0.9762961753678684 0.10367145461079907
72	(   0.99694899999999997409  -0.11000000000000000056 )	0.8000961853042133 -0.012233644707516866
73	(   1.0053490000000000482    0.08999999999999999667 )	0.6084961551546353 0.051121507404729094
74	(   0.99114899999999994673   0.02999999999999999889 )	0.6542962968946626 -0.06928404581129
75	(   1.0111490000000000755   -0.05000000000000000278 )	0.7542959515121602 0.09269196035030536
76	(   1.0031200000000000117   -0.28000000000000002665 )	0.9762671755098873 0.10343799678007048
77	(   0.99676799999999998736  -0.05999999999999999778 )	0.7499151862004196 -0.022172568342497367
78	(   0.99614899999999995117   0.03379999999999999671 )	0.6554961901059968 -0.029547146616481168
79	(   1.0055300000000000349    0.04000000000000000083 )	0.6586771524911896 0.04608532458470105
80	(   1.0061489999999999601   -0.0538000000000000006  )	0.7530961419890527 0.05238985301731436
81	(   0.99914899999999995384  -0.02989999999999999949 )	0.7221961806627266 -0.005908198856656721
82	(   0.99314899999999994851  -0.08959999999999999909 )	0.7758962344293946 -0.04640563442864565
83	(   1.0015220000000000233   -0.0798999999999999988  )	0.774569179973001 0.01857855598012126
84	(   0.99677599999999999536   0.02009999999999999981 )	0.6698231861586049 -0.025304970527254333
85	(   1.0041489999999999583   -0.00619999999999999978 )	0.7034961686933048 0.03336843959120728
86	(   0.9941489999999999494   -0.05360000000000000181 )	0.7408962140908374 -0.04366196643726017
87	(   0.99973400000000001153  -0.04989999999999999991 )	0.7427811805630828 0.0003625759727201583
88	(   1.0014890000000000736   -0.10989999999999999769 )	0.804536180010344 0.024007760178089477
89	(   0.99794400000000005324   0.0001                 )	0.6909911820106794 -0.01641420765809709
90	(   1.0015240000000000808   -0.09990000000000000269 )	0.7945711799706849 0.022190604771817668
91	(   0.99473400000000000709  -0.06779999999999999916 )	0.7556812049946323 -0.03730989730364964
92	(   1.004734000000000016    -0.03200000000000000067 )	0.7298811629405204 0.03907571092031947
93	(   1.0001139999999999475   -0.02989999999999999949 )	0.7231611805596984 0.0018061139739247167
94	(   0.99935399999999996457  -0.0699000000000000038  )	0.762401180604898 -0.0002786525501710102
95	(   0.99773400000000000976  -0.04610000000000000209 )	0.7369811825024702 -0.015961758467062825
96	(   1.0017339999999999023   -0.05369999999999999774 )	0.7485811796921219 0.01677976491189792
97	(   0.99883800000000000363  -0.05990000000000000185 )	0.7518851808216704 -0.00569719432211091
98	(   1.0006299999999999084   -0.03989999999999999797 )	0.7336771805182905 0.006635186200345089
99	(   0.99873400000000001064  -0.04089999999999999886 )	0.7327811808984481 -0.008442376065787904
100	(   1.0007340000000000124   -0.05890000000000000097 )	0.7527811804940736 0.009345521630076625
101	(   0.99942140000000001532  -0.04490000000000000241 )	0.7374685805922432 -0.002610112551017618
102	(   0.99923399999999995558  -0.05302599999999999675 )	0.7454071806348975 -0.0033115510734762488
103	(   1.0000465999999998967   -0.05489999999999999741 )	0.7480937805599284 0.003386827372885648
104	(   1.0002340000000000675   -0.04677400000000000307 )	0.7401551805578104 0.00406024517525605
105	(   0.99967101999999996575  -0.04789999999999999813 )	0.7407182005658808 -0.00033656431968509537
106	(   0.99948208000000005047  -0.04189999999999999974 )	0.734529260583109 -0.002385604626625959
107	(   0.99975130999999994863  -0.05290000000000000258 )	0.7457984905625092 0.0008093847122099262
108	(   0.99959072999999998288  -0.04290000000000000063 )	0.7356379105713744 -0.0014324102587237597
109	(   1.0001710200000000217   -0.04709699999999999998 )	0.7404152005591116 0.003586521411730992
110	(   0.99917102000000002082  -0.04870300000000000323 )	0.7410212006549514 -0.004254362406530543
111	(   0.99987102000000005475  -0.04605299999999999672 )	0.739071200560303 0.0010891718871404166
112	(   0.99985570999999995312  -0.04989999999999999991 )	0.742902890560446 0.0013358565448164939
113	(   0.99947101999999998778  -0.04974699999999999955 )	0.742365200584625 -0.0017548380242748962
114	(   0.99948632999999997839  -0.0459000000000000033  )	0.7385335105825434 -0.00200043968712027
115	(   0.99967877999999998906  -0.04889999999999999902 )	0.7417259605654707 -0.00017772467425869465
116	(   0.99966326000000005347  -0.04689999999999999725 )	0.7397104405663109 -0.000493403002103765
117	(   0.99977101999999995474  -0.04782200000000000339 )	0.7407402005619467 0.0004555230907019592
118	(   0.99957101999999997677  -0.04797799999999999981 )	0.7406962005731066 -0.001128479641013591
119	(   0.99971404939999997108  -0.04739999999999999769 )	0.740261229963843 -4.0190751554813886e-5
120	(   0.99984313759999998705  -0.0459000000000000033  )	0.7388903181605887 0.0008521076310614717
121	(   0.99972985940000003158  -0.0463999999999999968  )	0.7392770399632316 -7.581071299167519e-6
122	(   0.99977728939999999103  -0.04340000000000000108 )	0.7363244699617867 0.00010227195590761795
123	(   0.9999195793999999804   -0.03440000000000000002 )	0.7274667599600319 0.0005400469377017103
124	(   1.0003465793999999356   -0.00740000000000000033 )	0.7008937599530087 0.0028283563047795113
125	(   1.0000965794000000741   -0.02440000000000000155 )	0.7176437599597952 0.001368069824247975
126	(   0.99974257939999999767  -0.04440000000000000197 )	0.7372897599627889 -8.74747453050162e-5
127	(   0.99891957939999997951  -0.03259999999999999704 )	0.7246667601703131 -0.007571271373991273
128	(   1.0009195794000000923   -0.03620000000000000301 )	0.7302667598304314 0.008673843321381547
129	(   1.0003464494000000595   -0.00740000000000000033 )	0.7008936299530166 0.002827315583843415
130	(   0.99980485939999996781  -0.02939999999999999905 )	0.7223520399611839 -0.0006964601908925339
131	(   0.99946085939999995684  -0.01439999999999999961 )	0.7070080399860748 -0.004103440046076212
132	(   1.0002928594000000118   -0.01940000000000000058 )	0.7128400399557601 0.002719921433503636
133	(   0.99931685940000003487  -0.03939999999999999752 )	0.7318640400131073 -0.003909032626382647
134	(   1.0008048594000000797   -0.03429999999999999716 )	0.7282520398731 0.007620549675197985
135	(   0.99880485939999996692  -0.02450000000000000094 )	0.7164520402447158 -0.00894945473789921
136	(   0.99946069940000004106  -0.01439999999999999961 )	0.707007879986098 -0.004104718666229967
137	(   1.0000758393999999996   -0.02440000000000000155 )	0.7176230199598724 0.0012021212146606786
138	(   0.99953387940000004708  -0.03440000000000000002 )	0.7270810599768301 -0.0025438670577355715
139	(   1.0003048593999999127   -0.03210999999999999965 )	0.725562039955224 0.003470670927371522
140	(   0.99930485940000002287  -0.02668999999999999845 )	0.7191420400159589 -0.004844904279760254
141	(   0.99987896939999998391  -0.02740000000000000074 )	0.7204261499602409 -0.00021736761984225694
142	(   1.0001012994000000322   -0.02139999999999999888 )	0.7146484799597721 0.0012684372967060042
143	(   1.000087309400000013    -0.03239999999999999825 )	0.7256344899598345 0.0017482961861139401
144	(   0.99967062939999995486  -0.02239999999999999977 )	0.715217809965902 -0.00213233706297844
145	(   1.0003789694000000399   -0.02531699999999999923 )	0.7188431499508768 0.0036738548491772605
146	(   0.99937896940000003898  -0.02948299999999999879 )	0.7220091499998837 -0.004095913036874954
147	(   0.99992879940000001238  -0.02539999999999999897 )	0.7184759799600055 7.559575476001612e-5
148	(   1.0000782893999999867   -0.01940000000000000058 )	0.7126254699598652 0.0010027242357599775
149	(   0.99991188939999997576  -0.02040000000000000147 )	0.7134590699600593 -0.0002886626949134552
150	(   0.99986115939999997693  -0.00540000000000000029 )	0.6984083399603914 -0.0010814105970076149
151	(   0.99970915940000004696   0.03960000000000000325 )	0.6532563399640465 -0.0007578881923619996
152	(   0.99925315940000003501   0.1746000000000000052  )	0.517800340029412 0.024514895701102546
153	(   0.99865215939999996131   0.08959999999999999909 )	0.6021993403684559 -0.0027400411967857252
154	(   1.0007661593999999106   -0.01039999999999999952 )	0.7043133398850323 0.006242133001096661
155	(   1.0017091594000000487    0.06600000000000000311 )	0.6288563391288713 0.018052664986732303
156	(   0.99770915940000004518   0.01319999999999999993 )	0.6776563419670941 -0.018110549256095787
157	(   1.0004691593999999188    0.01959999999999999937 )	0.6740163399427402 0.004139196497456865
158	(   0.99894915939999995302   0.0596000000000000002  )	0.6324963401534991 -0.004845735312677846
159	(   1.0007091593999999368    0.05480000000000000149 )	0.6390563399005367 0.008680339883254895
160	(   0.99870915940000004607   0.02440000000000000155 )	0.667456340318774 -0.009718043245138919
161	(   1.0000635393999999234    0.04959999999999999826 )	0.6436107199599025 0.002968507499068629
162	(   1.0002091593999999919    0.03250000000000000111 )	0.6608563399584206 0.002729875217840849
163	(   0.999209159399999991     0.04669999999999999846 )	0.64565634004243 -0.004140833347229922
164	(   0.99935477939999994845   0.02960000000000000131 )	0.6629019600047357 -0.004282275397291535
165	(   0.99975013940000001522   0.04460000000000000075 )	0.6482973199625456 -9.225419836500492e-6
166	(   0.99987307940000003104   0.0596000000000000002  )	0.6334202599602862 0.002536924062532364
167	(   0.9999793693999999844    0.0546000000000000027  )	0.6385265499599467 0.0028161186049375786
168	(   0.99952090940000004604   0.03459999999999999881 )	0.6580680899782794 -0.0026337290173814587
169	(   0.99925013939999995927   0.04920000000000000068 )	0.6431973200302581 -0.0035737481588880016
170	(   1.0002501394000000712    0.04000000000000000083 )	0.6533973199573374 0.0036016158203651116
171	(   0.99986433939999996845   0.04959999999999999826 )	0.6434115199603615 0.0013750224204009953
172	(   0.99955013940000003725   0.04745499999999999718 )	0.6452423199751239 -0.0013452891426442015
173	(   0.99995013939999999319   0.04174499999999999739 )	0.651352319959966 0.0013437801131397364
174	(   0.99963593939999995097   0.03960000000000000325 )	0.6531831199679896 -0.0013432646720294983
175	(   0.99965013940000002624   0.04655600000000000016 )	0.6462413199670846 -0.0006304446157638921
176	(   0.99985013940000000421   0.04264400000000000135 )	0.6503533199605064 0.0006198055881343478
177	(   0.99984795940000004144   0.04660000000000000253 )	0.6463951399605312 0.000955420116694583
178	(   0.999652319399999989     0.04259999999999999898 )	0.6501994999669519 -0.0009657179137017025
179	(   0.99973579069999995994   0.04560000000000000164 )	0.6472829712630199 -3.375602133548483e-5
180	(   0.99969274460000001614   0.04859999999999999737 )	0.6442399251647808 -9.53280689719449e-5
181	(   0.9995636062999999627    0.05759999999999999842 )	0.635110786873801 -0.00017186641669875158
182	(   0.99917619140000002442   0.08459999999999999465 )	0.607723372053184 0.0005721182489910603
183	(   0.99801419140000002805   0.1655999999999999972  )	0.5255613732670421 0.011568407378281798
184	(   0.99817619140000002353   0.09829999999999999849 )	0.5930233729724117 -0.004900992832436835
185	(   1.0001761914000000253    0.07090000000000000469 )	0.622423371959034 0.006436589569156048
186	(   0.99849319140000003525   0.06460000000000000464 )	0.6270403725307847 -0.007863158702255735
187	(   0.99985919140000001359   0.10459999999999999853 )	0.5884063719604107 0.009814849805328762
188	(   0.99801394669999998754   0.1655999999999999972  )	0.5255611285675257 0.011566457542025788
189	(   0.99903097139999996745   0.09460000000000000353 )	0.5975781521117111 0.0012044396925672274
190	(   0.99932141139999997037   0.07459999999999999964 )	0.6178685920120516 0.0001401338102038352
191	(   0.99867619139999996847   0.08169999999999999485 )	0.610123372346985 -0.0039015683229890463
192	(   0.99967619139999996936   0.08749999999999999445 )	0.6053233719656054 0.0050666198802789
193	(   0.99897619140000004645   0.08548699999999999355 )	0.6066363721389395 -0.0008740604500641069
194	(   0.99914073140000003725   0.07960000000000000409 )	0.6126879120657526 -0.0005320845969771781
195	(   0.99921165140000001159   0.08959999999999999909 )	0.6027588320416525 0.0017263411886929703
196	(   0.9993761914000000024    0.08371299999999999575 )	0.608810372000422 0.002020509695518591
197	(   0.99909559140000003818   0.08659999999999999643 )	0.6056427720833233 0.0002708318809334642
198	(   0.99885379139999996845   0.09260000000000000175 )	0.5994009722111415 -0.0005844044685647809
199	(   0.99812839139999998128   0.11060000000000000386 )	0.5806755730541624 -0.0027125116620876355
200	(   0.9993537914000000244    0.08400000000000000522 )	0.6085009720049418 0.0018896708052231759
201	(   0.99835379140000002351   0.10119999999999999829 )	0.5903009727044023 -0.0029065666155374537
202	(   0.99928188139999996054   0.10259999999999999676 )	0.5898290620217002 0.004785935273535991
203	(   0.99842570139999997636   0.08260000000000000675 )	0.608972882611008 -0.005751817072269905
204	(   0.99878969139999995708   0.0976000000000000062  )	0.5943368722556996 -0.00014499711426463335
205	(   0.99859739140000003399   0.11260000000000000564 )	0.5791445724203238 0.0014736186534793916
206	(   0.99832733139999996208   0.1076000000000000012  )	0.5838745127408954 -0.0017812249495130494
207	(   0.99925205139999995207   0.08759999999999999731 )	0.6047992320297215 0.0016946449434875888
208	(   0.99928969140000001303   0.10680000000000000604 )	0.5856368720197067 0.005727806073200448
209	(   0.99828969140000001214   0.08840000000000000635 )	0.6030368727948354 -0.005844527559059731
210	(   0.99868277139999994674   0.10259999999999999676 )	0.5892299523412403 2.8027904397376346e-6
211	(   0.99836201140000002674   0.1175999999999999962  )	0.5739091926933014 0.00074729768149151
212	(   0.99739999999999995328   0.16259999999999999454 )	0.5279471834949968 0.005692769741696857
213	(   0.99736201140000002585   0.13220000000000001195 )	0.5583091950256253 -0.0035714703116225266
214	(   0.99936201140000002763   0.10299999999999999434 )	0.589509192003246 0.005508346397074426
215	(   0.99763201140000001832   0.0976000000000000062  )	0.5931791941769108 -0.00937334292123193
216	(   0.99909201140000003516   0.13760000000000000009 )	0.5546391920847946 0.011676443752722143
217	(   0.9973997314000000447    0.16259999999999999454 )	0.5279469148959073 0.005690632094262682
218	(   0.99824914139999998408   0.1076000000000000012  )	0.5837963228556653 -0.002404606212974336
219	(   0.99786201139999997078   0.11990000000000000657 )	0.5711091935913485 -0.0026913699080197695
220	(   0.99847488139999995838   0.12759999999999999121 )	0.5640220625518562 0.00409940490973959
221	(   0.99886201139999997167   0.11529999999999999971 )	0.5767091922057743 0.004200535451243326
222	(   0.99816201140000004877   0.11771600000000000119 )	0.5735931929962224 -0.0008198513522255091
223	(   0.99835735140000003707   0.11260000000000000564 )	0.578904532699581 -0.0004408601667318379
224	(   0.99836667140000001641   0.12260000000000000064 )	0.5689138526870576 0.001985455876312159
225	(   0.99856201140000000471   0.11748400000000000509 )	0.5742251924560616 0.0023151120560305216
226	(   0.99828720140000004601   0.11959999999999999798 )	0.5718343827984887 0.0006252205417540679
227	(   0.99806277139999999282   0.12559999999999998943 )	0.5656099531733967 0.000307524970723172
228	(   0.99738948140000005527   0.14360000000000000542 )	0.5469366649307867 -0.00020874145539595546
229	(   0.99536948140000003349   0.19759999999999999787 )	0.4909166785652206 0.002172748134977809
230	(   0.98930948139999996815   0.35959999999999997522 )	0.3228568672311733 0.04469743460782283
231	(   0.99336948140000003171   0.216499999999999998   )	0.4700167107859612 -0.005821352662508605
232	(   0.99736948140000003526   0.17869999999999999774 )	0.5118166649996386 0.01094482546387976
233	(   0.99461548140000000107   0.14760000000000000897 )	0.5401626880841739 -0.021059068089237964
234	(   0.99612348139999995489   0.24759999999999998677 )	0.4416706716972138 0.030413597581543605
235	(   0.9943694814000000326    0.19800000000000000933 )	0.4895166918363389 -0.005587239888758866
236	(   0.99535148139999995998   0.17760000000000000786 )	0.5108986787598477 -0.005473920325910431
237	(   0.99636948140000003438   0.19719999999999998641 )	0.4923166699571349 0.009948945285567667
238	(   0.99538748139999999598   0.21759999999999998788 )	0.4709346783721038 0.010619421743940372
239	(   0.99538493139999995041   0.18759999999999998899 )	0.5009321283993704 -0.0015567906636642093
240	(   0.99543099999999995475   0.1575999999999999901  )	0.5309781965114114 -0.01154761500161161
241	(   0.9963849313999999513    0.18649999999999999911 )	0.5030321198553789 0.005966062161361307
242	(   0.9954389313999999489    0.20760000000000000675 )	0.48098612782839 0.0067752588650034085
243	(   0.99438493139999994952   0.18870000000000000662 )	0.4988321415907294 -0.009061333992748999
244	(   0.99533093139999995191   0.16759999999999999898 )	0.5208781289839017 -0.009088793858566646
245	(   0.99543128140000003423   0.1575999999999999901  )	0.5309784779084611 -0.011545384302061645
246	(   0.99518134140000003018   0.19759999999999999787 )	0.49072854067525185 0.0006817999579613598
247	(   0.994570341400000002     0.22759999999999999676 )	0.46011754874762556 0.008599701317999475
248	(   0.9957893413999999721    0.17760000000000000786 )	0.5113365344415517 -0.0020019699328361895
249	(   0.99457334139999997724   0.21759999999999998788 )	0.47012054870318765 0.004171441825204347
250	(   0.9941813414000000293    0.18540000000000000924 )	0.5019285549370791 -0.01190604135485085
251	(   0.99618134140000003107   0.2097999999999999865  )	0.4795285312672768 0.01358320590360318
252	(   0.99457057140000004747   0.22759999999999999676 )	0.460117778744217 0.008601521418497349
253	(   0.99468497140000000645   0.20760000000000000675 )	0.480232177084421 0.0008029276419678766
254	(   0.99319599999999996776   0.23760000000000000564 )	0.44874323332643873 0.002390857522346579
255	(   0.99368497140000000556   0.21240000000000000546 )	0.47443219413269977 -0.0050884378827777965
256	(   0.99568497140000000734   0.20280000000000000804 )	0.486032165393948 0.006756245947021178
257	(   0.99444297140000004198   0.18759999999999998899 )	0.49999018068011036 -0.009016109728273936
258	(   0.99492697139999997091   0.22759999999999999676 )	0.4604741738024922 0.011422894585604304
259	(   0.99319586140000004626   0.23760000000000000564 )	0.4487430947296689 0.0023897637342278344
260	(   0.99418497139999995049   0.21659999999999998699 )	0.470732184875309 0.0006650622738959555
261	(   0.99268497140000000467   0.24360000000000001097 )	0.44223221755633135 0.0012472455123440085
262	(   0.98818497139999994516   0.32459999999999999964 )	0.3567324292935894 0.011955112622303865
263	(   0.99317397139999996636   0.19359999999999999432 )	0.4927212052414901 -0.016755781523456026
264	(   0.99068497140000000289   0.23139999999999999458 )	0.45243228761503834 -0.020283336259561136
265	(   0.99468497140000000645   0.25580000000000002736 )	0.432032177084421 0.02313880764196785
266	(   0.99219597140000004298   0.29360000000000002762 )	0.3917432316396507 0.024254056657555978
267	(   0.99168497140000000378   0.25430000000000002602 )	0.43053224837590137 -0.0013009160091028704
268	(   0.98868497140000000112   0.28639999999999998792 )	0.39543239546178544 -0.007476808077264252
269	(   0.99368497140000000556   0.2615999999999999992  )	0.4252321941326998 0.01823236211722179
270	(   0.98968497140000000201   0.24699999999999999734 )	0.4358323363004214 -0.0206644090274688
271	(   0.99197597140000004501   0.20430000000000000937 )	0.48082323858434795 -0.021940720884225495
272	(   0.99139397139999996256   0.30430000000000001492 )	0.3802412588804124 0.024340226933293962
273	(   0.99268497140000000467   0.2518000000000000238  )	0.43403221755633137 0.005309525512344315
274	(   0.99068497140000000289   0.25679999999999997273 )	0.42703228761503836 -0.007883056259561094
275	(   0.99181097139999996326   0.27429999999999998828 )	0.41065824405022167 0.010262550581124685
276	(   0.99155897140000004431   0.23430000000000000826 )	0.450406252835246 -0.012064131738385164
277	(   0.99154152139999995885   0.26429999999999997939 )	0.42038880346348273 0.002756612524112967
278	(   0.99218497139999994872   0.25719999999999998419 )	0.42813223197771866 0.004118303105031806
279	(   0.99182842140000004871   0.24429999999999998939 )	0.44067569346157187 -0.005158119385345827
280	(   0.99118497139999994783   0.25140000000000001235 )	0.432932266878928 -0.006699364805866637
281	(   0.99159090139999994662   0.25929999999999997495 )	0.4254381816924341 0.0005270311861211852
282	(   0.99130869139999999717   0.27429999999999998828 )	0.41015598209759196 0.006311711541901133
283	(   0.99109090140000000169   0.25909999999999999698 )	0.42513820060579344 -0.003507824730409226
284	(   0.99209090140000000257   0.25950000000000000844 )	0.4257381649080311 0.004565916860324926
285	(   0.99160297139999997729   0.24929999999999999383 )	0.4354502512626979 -0.004464021414799735
286	(   0.99157883140000002697   0.26929999999999998384 )	0.41542611212341096 0.005718086088723595
287	(   0.99139090139999996865   0.26169399999999998219 )	0.422844188995124 0.00020134665116700035
288	(   0.99079090140000003473   0.26889400000000002189 )	0.41504421302906297 -0.0006934623979004684
289	(   0.98899090140000001092   0.29049399999999997446 )	0.3916443061884725 -0.0027217452807208886
290	(   0.99179090140000003561   0.26529399999999997428 )	0.41964417473037524 0.005245023754286926
291	(   0.98979090140000003384   0.27249400000000001398 )	0.4104442606650961 -0.0065902485487643325
292	(   0.99097290140000005021   0.28889399999999998414 )	0.3952262053937907 0.011891926730223545
293	(   0.99060890140000001924   0.24889400000000000412 )	0.4348622209736173 -0.012478328829324425
294	(   0.99035657139999999643   0.27889399999999997526 )	0.40460990251139695 0.0013748216153519621
295	(   0.991225231399999962     0.25889400000000001301 )	0.4254785253081104 -0.0025587696317890263
296	(   0.99129090139999997966   0.27759400000000000741 )	0.40684419277676964 0.007989790691653731
297	(   0.99029090139999997877   0.26019399999999998085 )	0.4232442356156448 -0.00922139048749937
298	(   0.9909909014000000127    0.26725399999999999157 )	0.41688420465522513 -1.695688534919526e-6
299	(   0.99159090139999994662   0.26235399999999997611 )	0.4223841816924341 0.0021201625021207704
300	(   0.99049090139999995674   0.2750540000000000207  )	0.40858422629267255 0.0003018665785630148
301	(   0.98899090140000001092   0.29845399999999999707 )	0.3836843061884725 0.0019662807992792963
302	(   0.99076690140000001072   0.25505400000000000293 )	0.42886021405885943 -0.008133386229036699
303	(   0.99021490140000001379   0.29505399999999998295 )	0.38830823926124985 0.009538320900068342
304	(   0.98949090139999995586   0.26955400000000001581 )	0.41308427693050526 -0.010534531007557746
305	(   0.99149090139999995763   0.28055400000000002558 )	0.4040841853006873 0.011214537033390926
306	(   0.98999090140000001181   0.27795399999999997886 )	0.4051842503415342 -0.002016907137536883
307	(   0.9909909014000000127    0.27215400000000000702 )	0.4119842046552251 0.0026414035114656897
308	(   0.99034825140000004584   0.26505400000000001182 )	0.41844158290234656 -0.006218703680474391
309	(   0.99063355139999997867   0.28505399999999997407 )	0.398726869879277 0.007022757800020152
310	(   0.99029090139999997877   0.2753769999999999829  )	0.4080612356156448 -0.0010898159944994212
311	(   0.99069090140000004574   0.27473100000000000298 )	0.4091072173555244 0.0016943887242968358
312	(   0.99047797140000004568   0.27005400000000001626 )	0.413571296883649 -0.0025251588461889796
313	(   0.99050383139999997884   0.28005400000000002514 )	0.4035971557033088 0.0031788946403006335
314	(   0.99054282140000005086   0.27305400000000001892 )	0.4106361439358418 -0.0003868114013725332
315	(   0.99043898139999997365   0.27705400000000002247 )	0.4065323086755048 0.0009985870772011296
316	(   0.99039090139999996776   0.27401599999999998181 )	0.40952223090541623 -0.0010528828269165125
317	(   0.99059090139999994573   0.27609200000000000408 )	0.40764622177638477 0.0016589286007100412
318	(   0.99044090139999996225   0.2749519999999999742  )	0.40863622858692306 -0.00014666112077543758
319	(   0.99029090139999997877   0.27464600000000000124 )	0.40879223561564476 -0.001491882807499234
320	(   0.99054090139999995124   0.27481499999999997597 )	0.40887322402253595 0.0005629144070660175
321	(   0.99034090139999997326   0.27508899999999997243 )	0.4083992332482807 -0.0008560413938343281
322	(   0.99044777139999995441   0.27695199999999997598 )	0.40664309827025935 0.001011064024360131
323	(   0.99043403139999997009   0.27295199999999997242 )	0.4106293589040446 -0.0012963855215342157
324	(   0.99042515949999998526   0.27595199999999997509 )	0.40762048741425194 0.00028070008111580336
325	(   0.99037793380000005428   0.27895199999999997775 )	0.4045732639106969 0.0015748071358965277
326	(   0.99032515949999999627   0.27758199999999999541 )	0.40589049209096817 0.00039824943650934586
327	(   0.99002515950000002931   0.28247200000000000086 )	0.40070050671420426 0.0007837263432479702
328	(   0.98912515950000001741   0.29717199999999999172 )	0.3851005561628057 0.0022534404888103765
329	(   0.99042954949999995051   0.27247199999999999198 )	0.41110487721117733 -0.0015933630095466
330	(   0.98962076949999999709   0.29247200000000000975 )	0.39029613787300504 0.003363393242941548
331	(   0.98952515949999997336   0.27437200000000000477 )	0.40830053312502596 -0.007645536602692626
332	(   0.99052515949999997424   0.29057199999999999696 )	0.3931004828346681 0.009348149738763745
333	(   0.98912515950000001741   0.29714200000000001722 )	0.38513055616280567 0.002235611068810428
334	(   0.98982515950000005134   0.2817169999999999952  )	0.4012555169675661 -0.001210239657760681
335	(   0.99005535950000000955   0.27747199999999999642 )	0.4057307052013443 -0.001779170373894523
336	(   0.99022515950000000728   0.28322700000000000653 )	0.4001454968658459 0.0027794628661723664
337	(   0.98999495950000004907   0.2874720000000000053  )	0.39567030823629873 0.0033966374357810025
338	(   0.99011529949999999012   0.28047199999999999909 )	0.40279064222590916 0.0003647435327689408
339	(   0.99038571949999998356   0.27447199999999999376 )	0.4090610492470917 -0.0008434363162179714
340	(   0.98991529950000001215   0.27923599999999998422 )	0.4038266522957156 -0.0018953429914034814
341	(   0.99016474949999999655   0.27547199999999999465 )	0.4078400897983437 -0.0020271201795099003
342	(   0.99031529949999996809   0.28170800000000001395 )	0.40175463255739224 0.002628516006531356
343	(   0.99006584949999998368   0.28547200000000000353 )	0.39774119467800656 0.0028066457926483324
344	(   0.99001529950000000113   0.28064000000000000057 )	0.4025226472101362 -0.00032521217713465944
345	(   0.98971529950000003417   0.28114400000000000501 )	0.4017186627750537 -0.002393795020067646
346	(   0.9902152994999999791    0.27878700000000000703 )	0.4045756373420044 0.00020677228306897888
347	(   0.98981529950000002316   0.28249299999999999411 )	0.400469657483678 -0.0008496989567947644
348	(   0.99020059949999994497   0.28264000000000000234 )	0.40070793805368854 0.0022546367455689165
349	(   0.98982999949999994627   0.27863999999999999879 )	0.4043373567145886 -0.0028965199093735627
350	(   0.98995127949999994765   0.28164000000000000146 )	0.4014586304541864 -0.0002649086840968984
351	(   0.98975921950000000926   0.28464000000000000412 )	0.3982665804382798 -7.161066900485125e-5
352	(   0.98918303949999997204   0.29364000000000001211 )	0.38869043272135906 0.00061976974164768
353	(   0.98745400000000005392   0.32063999999999998058 )	0.35996151280023897 0.0036933522356372706
354	(   0.98948903950000000052   0.28364000000000000323 )	0.3989964151344251 -0.00275682488492901
355	(   0.98887703950000005459   0.303640000000000021   )	0.3783844513377047 0.004197838367148599
356	(   0.98818303949999997116   0.29054000000000002046 )	0.3907904975300561 -0.009011648964559527
357	(   0.99018303949999997293   0.29674000000000000377 )	0.38659037890665326 0.010286150246882286
358	(   0.98745449949999997141   0.32063999999999998058 )	0.35996201226043306 0.003697248909485751
359	(   0.98879579949999996114   0.29864000000000001656 )	0.3833032164568455 0.0005509081922649983
360	(   0.98763379949999996477   0.31363999999999997437 )	0.3671412981768188 0.0006562880021654394
361	(   0.98414779949999997566   0.35864000000000001434 )	0.31865565192601747 0.0037995126921357425
362	(   0.98563379949999996299   0.32044000000000000261 )	0.3583414795829129 -0.010608526098942583
363	(   0.98963379949999996654   0.30684000000000000163 )	0.37594116716472625 0.012076402320324142
364	(   0.98695179950000000435   0.29364000000000001211 )	0.38645935395695286 -0.016807967236241783
365	(   0.9883157995000000362    0.33363999999999999213 )	0.34782324825612837 0.018927848034943295
366	(   0.98754479949999995902   0.303640000000000021   )	0.37705230511657584 -0.006211002979722213
367	(   0.98663379949999996388   0.31453999999999998627 )	0.365241382061452 -0.006574469726914334
368	(   0.98772279949999997051   0.32363999999999998325 )	0.3572302913368462 0.0077237033837231905
369	(   0.98863379949999996565   0.31274000000000001798 )	0.36904122688991736 0.007904370779507452
370	(   0.98715412950000003267   0.31863999999999997881 )	0.3616616667777624 7.616482498296051e-5
371	(   0.98571512949999995357   0.33363999999999999213 )	0.3452228011171717 -0.0013424723002009031
372	(   0.98615412950000003178   0.31984000000000001318 )	0.359461757073711 -0.006946254072532465
373	(   0.98815412950000003356   0.31743999999999999995 )	0.3638615895775847 0.007117157403801144
374	(   0.98703812950000002768   0.30864000000000002544 )	0.3715456765608265 -0.007100916377695388
375	(   0.98727012950000003766   0.32863999999999998769 )	0.3517776571709114 0.007453457201808789
376	(   0.98571511950000001434   0.33363999999999999213 )	0.3452227911182067 -0.001342550038990975
377	(   0.98698656949999996613   0.32363999999999998325 )	0.35649412096622296 0.0019814140010332437
378	(   0.98732168949999998819   0.31363999999999997437 )	0.36682921295697607 -0.0017786437297795388
379	(   0.98665412949999997672   0.3169640000000000235  )	0.3628377102238016 -0.004885365157395238
380	(   0.9876541294999999776    0.32031599999999998962 )	0.3604856266056176 0.005047236179310133
381	(   0.98714684949999997876   0.31663999999999997703 )	0.3636543873865345 -0.0012511528262586502
382	(   0.98716140949999997556   0.32063999999999998058 )	0.359668946169684 0.0014114833079608147
383	(   0.9869541295000000547    0.31871300000000002406 )	0.3613886837560365 -0.0014362821219284783
384	(   0.98735412950000001064   0.31856699999999998907 )	0.36193465032330924 0.0015892501770684575
385	(   0.98705412950000004368   0.31883600000000000829 )	0.3613656752009021 -0.0005784551935250626
386	(   0.98725412950000002166   0.31844400000000000484 )	0.36195765848557754 0.000731018612281531
387	(   0.98713457950000005336   0.31763999999999997792 )	0.36264211841415533 -0.0007125325347518974
388	(   0.98717367950000001198   0.3196399999999999797  )	0.36068121514637447 0.0008668681828787328
389	(   0.98710412950000003818   0.31866728999999999195 )	0.36158438097289797 -0.0002962453319450553
390	(   0.98715140079999996736   0.31813999999999997836 )	0.3621589383058619 -0.0002634992563885774
391	(   0.98715685819999998696   0.31913999999999997925 )	0.3611643952497603 0.0004163290232046535
392	(   0.98720412950000002716   0.31861271000000002118 )	0.3617389526153655 0.00044861570559628916
393	(   0.98713412950000001267   0.31879545999999997496 )	0.36148620845188056 1.9334924506786422e-5
394	(   0.98707412949999995266   0.31926184000000001895 )	0.3609598335057478 -0.00015082710024527657
395	(   0.98713384849999996629   0.31829545999999997452 )	0.36198592747543934 -0.00030140124569566495
396	(   0.98713441049999994803   0.31929545999999997541 )	0.3609864894283229 0.0003405710959478725
397	(   0.98708412950000001818   0.31879826999999999471 )	0.3614334026601482 -0.0003686600171333154
398	(   0.98718412950000000716   0.31879265000000001073 )	0.3615390142764039 0.0004073691149537595
399	(   0.98711412949999999267   0.31883326000000000722 )	0.3614284101312454 -0.00011248204968250519
400	(   0.98713034960000001217   0.31859545999999999699 )	0.36168242886886987 -0.00013761171619197654
401	(   0.98715412950000003267   0.31875765999999999822 )	0.3615440067777624 0.0001511610336581981
402	(   0.98713790940000001317   0.31899546000000000845 )	0.36128998803507884 0.00017636178942481706
403	(   0.98712412949999994716   0.31889188000000001644 )	0.36137978929090664 2.860283278671716e-6
404	(   0.98709412949999997267   0.31918113999999997432 )	0.36106053181586506 -4.64426629216419e-5
405	(   0.98710412950000003818   0.31894042999999999699 )	0.36131124097289796 -0.00012208915930456143
406	(   0.98714412949999996716   0.31884332999999998037 )	0.36144833761416617 0.00012782071725503386
407	(   0.98711927460000004064   0.31869187999999998295 )	0.3615749347987189 -0.00016250492391778337
408	(   0.98712898439999996469   0.31909187999999999441 )	0.361184643783404 0.0001683058603605403
409	(   0.98711412949999999267   0.31890526000000002371 )	0.36135641013124536 -6.656487624256968e-5
410	(   0.9871227917999999546    0.31879188000000002745 )	0.36147845170324266 -7.133674372283849e-5
411	(   0.98713412950000001267   0.31887850000000000916 )	0.36140316845188053 7.228737014486342e-5
412	(   0.98712546720000005074   0.31899188000000000542 )	0.36128112687859415 7.707733836248565e-5
413	(   0.98711912950000002542   0.31893907080000000187 )	0.361327598910912 -6.019602675433333e-6
414	(   0.98710412950000003818   0.31908064320000001368 )	0.36117102777289795 -3.263018296362219e-5
415	(   0.98711764520000000456   0.31903907079999999086 )	0.36122611473565786 4.620679143307882e-5
416	(   0.98712061380000004629   0.31883907080000001288 )	0.36142908308619487 -5.822596221083387e-5
417	(   0.98712912949999997991   0.31895391080000001782 )	0.3613227580712296 8.140639907061598e-5
418	(   0.98710912949999995991   0.31892423079999998592 )	0.3613324397519073 -9.344359468643759e-5
419	(   0.98711626532600005302   0.31898907079999999636 )	0.36127473497765344 3.5480875517635013e-6
420	(   0.98710767280400002477   0.31913907079999997984 )	0.36111614317852464 3.228193064419571e-5
421	(   0.9871062653259999875    0.31905913079999997928 )	0.36119467581902526 -2.970790659251321e-5
422	(   0.98712626532600000751   0.31891901080000001345 )	0.36135479413759514 3.6815467781003974e-5
423	(   0.98710925942600002969   0.31888907080000000738 )	0.3613677296669722 -0.00011485624201412747
424	(   0.98712327122599996532   0.31908907079999998535 )	0.36118174028897926 0.00012197318736006935
425	(   0.98711679294900001036   0.31893907080000000187 )	0.3613252625562971 -2.4235050968268723e-5
426	(   0.98711573770299998465   0.31903907079999999086 )	0.36122420739901323 3.133623043893863e-5
427	(   0.98711126532600002026   0.31898379459999998131 )	0.36127501159817516 -3.879700661313379e-5
428	(   0.98712126532599997475   0.31899434700000001142 )	0.36127445835746 4.589362971163524e-5
429	(   0.98711646616199999471   0.31896907079999997636 )	0.36129493579676913 -7.645388923283036e-6
430	(   0.9871142653259999955    0.31898706240000002099 )	0.3612747435458226 -1.3324879486020791e-5
431	(   0.9871160644900000003    0.31900907080000001637 )	0.3612545341585383 1.4742364658815177e-5
432	(   0.9871182653259999995    0.31899107920000002725 )	0.36127472640953673 2.0421125427105835e-5
433	(   0.98711526532600002426   0.31899693390000000148 )	0.3612658719617315 7.687995733363095e-7
434	(   0.98711226532600004901   0.31902052320000001684 )	0.36123928291404445 -7.5682282654199184e-6
435	(   0.98711326532599996675   0.3190008010000000005  )	0.361260005029927 -1.235562377210897e-5
436	(   0.98711726532599997075   0.31899306680000000247 )	0.3612717388935884 1.389331559753515e-5
437	(   0.98711487861100000174   0.31897693389999998148 )	0.36128548527924925 -1.5005440190396513e-5
438	(   0.98711565204100004678   0.31901693390000002148 )	0.3612462586442156 1.654384168325862e-5
439	(   0.98711468828299997469   0.31900693390000001148 )	0.36125529496725406 2.6503129531008085e-6
440	(   0.98711295715400004802   0.31903693389999998598 )	0.36122356398384825 8.296084446079988e-6
441	(   0.98711478416099995847   0.31898693389999999148 )	0.3612753908371915 -9.36211681379362e-6
442	(   0.9871126882830000282    0.31900597510000000545 )	0.3612542539354648 -1.3553020098644453e-5
443	(   0.9871145924049999909    0.31902693389999997597 )	0.36123519909731666 1.4663542862614065e-5
444	(   0.9871166882830000322    0.31900789270000001752 )	0.36125633599909596 1.885371061494112e-5
445	(   0.98711368828299994593   0.3190149009000000091  )	0.36124632805135276 -6.237807426145991e-8
446	(   0.98711068828299997069   0.31903880190000000194 )	0.361219427303728 -8.199595317393005e-6
447	(   0.98711168828299999944   0.31902394950000001472 )	0.3612352796195897 -9.880594621147765e-6
448	(   0.98711568828300000344   0.31900585230000000347 )	0.36125737648316836 9.756064999422165e-6
449	(   0.9871145931410000296    0.31903490089999997359 )	0.36122723283325486 1.975271922294297e-5
450	(   0.98711278342499997329   0.3189949008999999891  )	0.3612654232694616 -1.9876662520790234e-5
451	(   0.98711340741800002174   0.3190249009000000191  )	0.3612360472099757 4.128452316010112e-6
452	(   0.98711396914799998115   0.3190049008999999991  )	0.36125660889273115 -4.25300722417532e-6
453	(   0.98711468828299997469   0.31901770950000002403 )	0.36124451936725405 9.525411300614905e-6
454	(   0.9871126882830000282    0.31901209229999999417 )	0.3612481367354648 -9.650135976535523e-6
455	(   0.98711318828299998707   0.31901978817799997445 )	0.3612409408154072 -8.420247810114745e-7
456	(   0.98711168828299999944   0.31903445001199998154 )	0.3612247791075897 -3.1806547404755747e-6
457	(   0.98710718828300003658   0.31907843551400000282 )	0.3611762939843151 -1.0193753133602712e-5
458	(   0.98711368828299994593   0.3190278540120000117  )	0.36123337493935276 8.202261191136984e-6
459	(   0.98711234788299995202   0.31905445001200000155 )	0.36120543865209936 1.4723217721446247e-5
460	(   0.98710968828300005296   0.3190410460120000069  )	0.36121618327587945 -1.4563420885682632e-5
461	(   0.98711102868300004687   0.31901445001200001705 )	0.361244119563086 -2.1083720373571424e-5
462	(   0.9871126882830000282    0.31902490941200001284 )	0.3612353196234648 -1.472344265618375e-6
463	(   0.98711068828299997069   0.31904399061200000576 )	0.361214238591728 -4.888767474842126e-6
464	(   0.98711264234200002399   0.31904445001199999155 )	0.36121573308632926 1.0637767604571025e-5
465	(   0.9871107342239999749    0.31902445001200002705 )	0.3612338251288623 -1.6998862800043923e-5
466	(   0.98711204199845004048   0.3190394500120000143  )	0.3612201327932821 2.7672006561729745e-6
467	(   0.98711310314480005257   0.31905445001200000155 )	0.3612061938503684 2.0611078621612933e-5
468	(   0.98711129880744996612   0.3190494500120000243  )	0.36120938966480787 3.354342458905535e-6
469	(   0.98710906923444996508   0.31907945001199999879 )	0.3611771602794297 5.11701987981894e-6
470	(   0.98710238051544996196   0.31916945001199997778 )	0.3610804721236867 1.0416320183281869e-5
471	(   0.98708231435844995261   0.31943945001200002576 )	0.3607904076599886 2.6415633451293274e-5
472	(   0.98710510491545000455   0.31906945001199998879 )	0.361183196294194 -3.216910895398328e-5
473	(   0.98709965611545003039   0.31926945001200002228 )	0.360977747953277 5.302186579481116e-5
474	(   0.98709238051545000747   0.31914221001199999384 )	0.3610977129668839 -8.492676170979152e-5
475	(   0.98711238051545002747   0.31919669001200001723 )	0.3610632312818043 0.00010576245535709461
476	(   0.98709738051545004023   0.3191831998119999958  )	0.3610617227451209 -1.978439084293626e-5
477	(   0.98710100553044999305   0.31911945001199998329 )	0.36112909725454706 -3.2216978372634486e-5
478	(   0.98710738051544999472   0.31915570021200001527 )	0.3610992215025812 4.061780163588935e-5
479	(   0.98710375550045004189   0.31921945001199997227 )	0.36103184699285124 5.305464840699159e-5
480	(   0.98710067381644994722   0.31918945001199999778 )	0.36105876556850186 9.878734469559447e-6
481	(   0.98709555371945001401   0.31924945001200000227 )	0.36099364590317773 8.271051584962663e-6
482	(   0.98708019342844999233   0.31942945001200001576 )	0.360798286909275 3.49367119500954e-6
483	(   0.98703411255545003833   0.31996945001200000069 )	0.3602122099462291 -1.0427456333950147e-5
484	(   0.98689586993644995427   0.32158945001200001101 )	0.35845397922593303 -4.849173625531833e-5
485	(   0.98708001785544996487   0.31946945001200000025 )	0.3607581113511191 2.768098717709222e-5
486	(   0.98698820725545000077   0.32046945001200000114 )	0.3596663085691979 -4.8002834600602284e-5
487	(   0.98708411255545003282   0.32042850001200001708 )	0.3598031557050297 0.0006732945592986539
488	(   0.98698411255545004384   0.3195104000119999843  )	0.3606212642204791 -0.0006936887910722334
489	(   0.98703251635544997367   0.32016945001199997867 )	0.36001061388216876 0.00010515867584182104
490	(   0.98703570875544999197   0.31976945001200002272 )	0.36041380601032297 -0.00012593354853240868
491	(   0.98705411255544994731   0.31998541001199998224 )	0.36021624824579046 0.000155680450484752
492	(   0.98701411255545001833   0.31995349001200001915 )	0.3602081716519556 -0.00017652857737626704
493	(   0.98703306655544997827   0.32006945001199998968 )	0.36011116403530735 4.5423338294270366e-5
494	(   0.98703515855544998736   0.31986945001200001171 )	0.36031325585716517 -6.625823379469153e-5
495	(   0.98704411255544999282   0.31997991001199999062 )	0.36021174909534925 7.421274304419967e-5
496	(   0.98702411255544997282   0.31995899001200001077 )	0.3602126707984308 -9.506586780716475e-5
497	(   0.98703911255544996006   0.31995657221200002329 )	0.360230087320624 2.0304672736948248e-5
498	(   0.98703540033144998578   0.32001945001199999519 )	0.36016349761258076 3.160964183290815e-5
499	(   0.98702911255545000557   0.3199823278119999781  )	0.3601943325721647 -4.115886145816816e-5
500	(   0.98703282477944997986   0.3199194500120000062  )	0.3602609222798994 -5.245952847987567e-5
501	(   0.98703289956545003925   0.3199894500120000207  )	0.3601909970595299 -7.0829833953567345e-6
502	(   0.987029260595450042     0.32004945001200002519 )	0.3601273583995488 2.9553739375742794e-6
503	(   0.98701834368545005027   0.32022945001199998316 )	0.3599364424206567 3.311489260315881e-5
504	(   0.98703206249544994666   0.31994945001199998069 )	0.3602301600608277 -3.920510566501889e-5
505	(   0.98702645869545002633   0.32014945001200001418 )	0.36002455673837364 4.513597672151093e-5
506	(   0.98701926059544997649   0.32002143001200000771 )	0.36014537925239243 -9.292341080513467e-5
507	(   0.98703926059544999649   0.32007747001199998715 )	0.3601093375480277 9.883729799309293e-5
508	(   0.98702426059545000925   0.32009336431199997275 )	0.3600784445258053 -7.905397946039727e-6
509	(   0.98703426059544996374   0.32000553571200002212 )	0.360176272273623 1.3820395020402998e-5
510	(   0.98702486916544995843   0.31999945001199997519 )	0.3601729673439061 -6.32758257057553e-5
511	(   0.98703365202545001456   0.32009945001200001968 )	0.36008174945544646 6.919187616993838e-5
512	(   0.98702914315445000604   0.32002945001200000519 )	0.360147240968557 -1.0761595282904324e-5
513	(   0.98702726059544998449   0.32005062441199999546 )	0.36012418417001174 -1.1881817796766114e-5
514	(   0.98702937803644996695   0.32006945001199998968 )	0.36010747583054076 1.66731433752787e-5
515	(   0.98703126059544998849   0.32004827561199999941 )	0.36013053262913886 1.7792631194168962e-5
516	(   0.98702826059545001325   0.32005564681199999422 )	0.36012016168477373 -8.724932740733493e-7
517	(   0.987025260595450038     0.32007423721200001232 )	0.3600985715405275 -1.2355539963593287e-5
518	(   0.9870280202394500213    0.32007564681200001422 )	0.3600999213492599 1.0056687190562741e-5
519	(   0.9870285009514500052    0.32003564681199997422 )	0.36014040202028813 -1.1800872834033527e-5
520	(   0.98703026059544995974   0.32005805041199997252 )	0.36011975791433715 1.6255040651280694e-5
521	(   0.98702626059544995574   0.32005324321200001592 )	0.36012056545526294 -1.799995288376266e-5
522	(   0.987029260595450042     0.32005112311200001329 )	0.3601256852995488 4.0263262066631e-6
523	(   0.98702726059544998449   0.32006017051199997514 )	0.36011463807001176 -5.771256137432346e-6
524	(   0.98702871296045002758   0.32006564681200000422 )	0.36011061401121924 9.054663355101411e-6
525	(   0.98702780823044999892   0.32004564681199998422 )	0.36012970935833066 -1.0799446693354753e-5
526	(   0.98702803460498000909   0.32006064681200002697 )	0.3601149357135654 5.666143207960772e-7
527	(   0.98702735663356999662   0.32007564681200001422 )	0.36009925779994506 4.8842419158035e-6
528	(   0.9870271207779800493    0.32007064681199998146 )	0.3601040219644605 -1.5485335369547215e-7
529	(   0.9870243792969799479    0.32010064681200001147 )	0.36007128071721184 -2.3179777604021012e-6
530	(   0.98701615485397997674   0.32019064681199999045 )	0.3599730569760628 -8.795843423392569e-6
531	(   0.98699148152497995223   0.32046064681199998292 )	0.359678385757991 -2.8125872531425955e-5
532	(   0.9870117488539800199    0.32029064681199997944 )	0.359868651352427 2.0910872786217283e-5
533	(   0.98702056085398004459   0.32009064681200000146 )	0.3600774625999558 -3.848225503588765e-5
534	(   0.98702615485398004225   0.32023470681200000287 )	0.3599389961228084 9.736480903477229e-5
535	(   0.98700615485398002225   0.32014658681199997803 )	0.36000711783064127 -0.00011495104427217129
536	(   0.98701425915698004498   0.32024064681199998494 )	0.35992116144096337 8.450170104978838e-6
537	(   0.98700857206598002769   0.32039064681200002394 )	0.3597654748359502 6.0218549003288047e-5
538	(   0.98701633505698005422   0.32014064681199999596 )	0.3600232371636754 -3.9407856527784446e-5
539	(   0.98701218325698003575   0.32034064681199997393 )	0.3598190857183086 5.6328264355087754e-5
540	(   0.98700425915697997947   0.32021988681199997639 )	0.35993192229579296 -8.278743546830114e-5
541	(   0.98702425915697999947   0.32026140681199999349 )	0.35991040058745793 9.969020667011108e-5
542	(   0.98700925915698001223   0.32025672861199999675 )	0.35990008006821256 -2.022049777883339e-5
543	(   0.98701265097898005507   0.32019064681199999045 )	0.3599695534003457 -3.6105904311245496e-5
544	(   0.98701925915697996672   0.32022456501199997314 )	0.35994224281404524 3.712174749637143e-5
545	(   0.9870158673349800349    0.32029064681199997944 )	0.35987276948161523 5.3011285100268424e-5
546	(   0.98701487822297995223   0.32022064681200002045 )	0.3599417804540872 4.660980392756642e-7
547	(   0.98701673542098000702   0.32016064681200001596 )	0.36000363749348946 -2.348128207740885e-5
548	(   0.98701382662498005072   0.32027064681200001495 )	0.3598907289459101 2.4294250893674985e-5
549	(   0.98701592982097996476   0.32017064681200002596 )	0.35999283196227916 -2.3357037463700436e-5
550	(   0.98700987822298003049   0.3202101308120000045  )	0.35994729688129545 -4.5239739160596315e-5
551	(   0.98701987822297998498   0.3202311628119999809  )	0.3599362640272101 4.617254867156362e-5
552	(   0.98701440003397999945   0.32024064681199998494 )	0.35992130230593017 9.548199822795311e-6
553	(   0.98701535641198001603   0.32020064681200000045 )	0.3599622586022474 -8.615200155936975e-6
554	(   0.98701287822298000574   0.32021586491199999225 )	0.35994456252493084 -1.818487924376555e-5
555	(   0.98701687822298000974   0.32022542871199999315 )	0.3599389983832967 1.9117183817307648e-5
556	(   0.98701468784697998782   0.32023064681199997494 )	0.3599315900943473 5.386772616411406e-6
557	(   0.98701506859898002766   0.32021064681200001045 )	0.35995197081382785 -4.454375968521163e-6
558	(   0.98701387822298003449   0.32021874301199998447 )	0.35994268433950255 -8.547415280002468e-6
559	(   0.98701587822297998098   0.32022255061200000092 )	0.35994087656868534 9.479634297981931e-6
560	(   0.98701437822297999336   0.32022213403799998366 )	0.35993979327079323 -2.4785431711471517e-6
561	(   0.98701537822298002212   0.32021915958600000174 )	0.3599437676373848 3.4107475972433576e-6
562	(   0.98701502694561005224   0.3202256468119999977  )	0.3599369291640154 4.827511435934184e-6
563	(   0.98701472950034996323   0.3202156468119999877  )	0.35994663174415964 -3.895265009212778e-6
564	(   0.98701467822297994648   0.32022204171599999434 )	0.3599401855671692 -1.9939611028974014e-7
565	(   0.98701407822298004024   0.32022622642800002701 )	0.3599354009064184 -2.195851441566532e-6
566	(   0.98701517822298001636   0.32021939522699999214 )	0.35994333201346534 2.002809392109839e-6
567	(   0.98701417822297998761   0.32022468820499999653 )	0.35993703912087655 -2.401583679922936e-6
568	(   0.98701494287187996335   0.32022704171600002709 )	0.35993545019346573 5.0655894172635385e-6
569	(   0.98701441357408004063   0.32021704171600001709 )	0.35994492094087366 -5.464330538273998e-6
570	(   0.98701468737880004856   0.32022404171599999634 )	0.3599381947222073 1.1528588039766419e-6
571	(   0.98701487822297995223   0.32022195015799997941 )	0.35994047710808724 1.3008163364247594e-6
572	(   0.98701466906715995542   0.32022004171599999234 )	0.3599421764121313 -1.5516430216244714e-6
573	(   0.98701447822298005175   0.32022213327400000926 )	0.35993989402625176 -1.6996079112985285e-6
574	(   0.98701477822298000486   0.32022186611100000864 )	0.3599404611636282 4.675637681472722e-7
575	(   0.98701469578352996059   0.32022304171600002309 )	0.3599392031262193 5.779202840727748e-7
576	(   0.98701457822297999911   0.32022221732099998004 )	0.35993990997071046 -8.663557689025936e-7
577	(   0.98701466066243004338   0.32022104171600002109 )	0.3599411680081192 -9.76710498257205e-7
578	(   0.98701464825282003712   0.32022254171600000872 )	0.35993965559956914 -1.1276871525467413e-7
579	(   0.98701455834233997599   0.32022404171599999634 )	0.3599380656967685 1.4711654916510497e-7
580	(   0.98701428861090001465   0.32022854171600001472 )	0.35993329598836743 9.268001068818421e-7
581	(   0.98701454997190996021   0.32022204171599999434 )	0.35994005732705336 -1.199016821828991e-6
582	(   0.98701435834233997024   0.32022412542000000535 )	0.35993778200985127 -1.3581245905669448e-6
583	(   0.98701456671276999177   0.32022604171599999834 )	0.35993607406648354 1.4932579208704055e-6
584	(   0.98701475834233998174   0.32022395801199998733 )	0.3599383493836862 1.6523583310501522e-6
585	(   0.98701445834234002863   0.32022483337899998457 )	0.35993717404230985 -1.2528845738657424e-7
586	(   0.98701415834233996449   0.32022720836800000477 )	0.3599344990789346 -9.424950175862534e-7
587	(   0.98701443889346995864   0.32022683337899998657 )	0.359935154595101 1.004025599549152e-6
588	(   0.9870144777912099876    0.32022283337899998257 )	0.3599391934895186 -1.2545945100583822e-6
589	(   0.98701465834234003438   0.32022502786800000063 )	0.3599371795362273 1.5581215224713674e-6
590	(   0.98701425834234002288   0.32022463889000002402 )	0.3599371685483929 -1.8086977346953859e-6
591	(   0.98701443087920004427   0.32022583337900001332 )	0.3599361465815156 3.0110774495994974e-7
592	(   0.98701448580548001299   0.32022383337900001132 )	0.35993820150310424 -5.516826471207992e-7
593	(   0.98701455834233997599   0.32022510800999998137 )	0.3599369994027685 8.300236356006963e-7
594	(   0.98701435834233997024   0.32022455874799998776 )	0.3599373486818513 -1.0806002435082007e-6
595	(   0.98701445330161996505   0.32022533337899999895 )	0.3599366690020203 1.55648013588916e-7
596	(   0.9870145083423399468    0.32022488378620000971 )	0.35993717363083905 2.9670714152274513e-7
597	(   0.98701446338305998118   0.3202243333790000257  )	0.3599376790825992 -4.062244292057926e-7
598	(   0.98701440834233999944   0.32022478297180001494 )	0.3599371744537806 -5.47284012775151e-7
599	(   0.98701445458282999201   0.32022503337899999032 )	0.359936970283121 -2.6501030259140634e-8
600	(   0.98701444330429999319   0.32022563337900000757 )	0.3599363590055543 2.698617338481313e-7
601	(   0.98701450458283002121   0.32022492538359997871 )	0.35993712827425023 2.9404564028112645e-7
602	(   0.98701440458282996282   0.32022514137440000193 )	0.35993681229199165 -3.4704763862691834e-7
603	(   0.98701446538237003203   0.3202255333790000047  )	0.3599364810817384 3.778985249169864e-7
604	(   0.98701444378328995199   0.32022453337899997594 )	0.35993745948450334 -4.3090008539081737e-7
605	(   0.98701447458282998149   0.32022498345580002743 )	0.35993704020461265 9.741057827028499e-8
606	(   0.98701445957514999385   0.32022523337899999607 )	0.35993677527501444 1.405003935417426e-7
607	(   0.98701443458283000254   0.32022508330220000872 )	0.3599369003616292 -1.5041262857451443e-7
608	(   0.98701444959050999017   0.32022483337899998457 )	0.35993716529122743 -1.9350237367987688e-7
609	(   0.98701445096530004975   0.32022513337899999319 )	0.3599368666659 9.348068097381201e-9
610	(   0.9870144401127100009    0.32022543337900000182 )	0.359936555814237 1.1689548351512258e-7
611	(   0.98701444558603002033   0.32022533337899999895 )	0.3599366612870894 9.551080815128898e-8
612	(   0.98701445634456996814   0.32022493337899998744 )	0.3599370720447104 -7.681459246455802e-8
613	(   0.98701443096529994925   0.32022507958626000857 )	0.3599369004603482 -1.8098842025082718e-7
614	(   0.98701447096530003922   0.32022518717173997782 )	0.35993683287145173 1.9968456754781982e-7
615	(   0.9870144409652999995    0.32022518726444998416 )	0.3599368027813042 -3.4083436517562404e-8
616	(   0.98701446096529998897   0.32022507949355000223 )	0.35993693055049575 5.2779579817752165e-8
617	(   0.98701444557675999114   0.32022503337899999032 )	0.35993696127782016 -9.669655476329808e-8
618	(   0.98701445635383999733   0.32022523337899999607 )	0.35993677205397956 1.1539271049798572e-7
619	(   0.98701444596529996911   0.32022515324001998849 )	0.35993684180530705 -1.690316597802166e-8
620	(   0.98701443096529994925   0.32022521282307997437 )	0.35993676722352824 -9.565686021062447e-8
621	(   0.98701444554754003136   0.32022525324001999136 )	0.35993674138758275 4.388575103320136e-8
622	(   0.98701445596530001936   0.32022515741766000019 )	0.3599368476268128 6.371486449552322e-8
623	(   0.98701444638306001789   0.32022505324001998561 )	0.35993694222303146 -7.76920612288734e-8
624	(   0.98701443596530002988   0.32022514906237997678 )	0.3599368359838012 -9.75211946752097e-8
625	(   0.98701444223740997241   0.32022520324002001768 )	0.35993678807773544 -1.3936739318154423e-8
626	(   0.98701443105373998232   0.32022535324001999424 )	0.3599366268950207 -5.0374278082188084e-9
627	(   0.98701439750273001206   0.32022580324001997942 )	0.35993614334687646 2.166078871823629e-8
628	(   0.98701429684969999023   0.32022715324001999049 )	0.35993469270244377 1.0175797182654378e-7
629	(   0.98701399489061003578   0.32023120324002002368 )	0.3599303407691466 3.4207234733685254e-7
630	(   0.98701432164636004885   0.32022615324002001724 )	0.35993571749698583 -3.4542412219451535e-7
631	(   0.98701427205304004264   0.32022815324002001924 )	0.35993366790790177 5.489420766835451e-7
632	(   0.98701419684970004287   0.32022690527302000163 )	0.3599348406779854 -8.36477774157629e-7
633	(   0.98701439684970004862   0.32022740120701997935 )	0.35993454472690223 1.0399939984750972e-6
634	(   0.98701424684969996104   0.32022725059351997423 )	0.35993454535321456 -2.2560370815938313e-7
635	(   0.98701428711435001961   0.32022665324001997611 )	0.35993518296792537 -2.9434861970045745e-7
636	(   0.98701434684970001943   0.32022705588652000674 )	0.359934840051673 4.2911970954406797e-7
637	(   0.98701430658504996085   0.32022765324002000487 )	0.35993420243696217 4.978650647302629e-7
638	(   0.98701427684970000076   0.32022723846475997789 )	0.3599345874794121 4.5566306283717495e-10
639	(   0.98701421684970003234   0.3202274941389799956  )	0.35993427181031723 -3.0345113666285783e-7
640	(   0.98701422684969997157   0.32022745772477001491 )	0.35993431822367283 -2.488303758596544e-7
641	(   0.98701432684970002995   0.32022701920474999637 )	0.3599348567351513 2.4974183698844854e-7
642	(   0.98701429877570001636   0.32022773846475999227 )	0.35993410940353926 4.915797324755999e-7
643	(   0.98701425492369998516   0.32022673846476001902 )	0.35993506555528487 -4.906678987559587e-7
644	(   0.98701425795388997297   0.32022743846475998364 )	0.359934368585216 -1.8731937778682095e-8
645	(   0.98701420126646000064   0.32022803846476000089 )	0.35993371190262813 -7.629422649202411e-8
646	(   0.98701403120416997261   0.32022983846475999714 )	0.3599317418548647 -2.489764696633756e-7
647	(   0.98701418180903999211   0.32022903846475997414 )	0.35993269244687026 4.1250701343642504e-7
648	(   0.98701422072388000917   0.32022703846476002765 )	0.3599347313583861 -5.650934591372447e-7
649	(   0.987014301266459948     0.32022823303876002399 )	0.35993361732008644 8.277461933658969e-7
650	(   0.98701410126646005327   0.3202278438907599778  )	0.35993380648517004 -9.803344136471992e-7
651	(   0.98701418019081998967   0.32022853846476001527 )	0.35993319082878833 7.966542625581496e-8
652	(   0.98701411696389995676   0.32023003846476000289 )	0.359931627607269 5.475474260663304e-7
653	(   0.9870140801908200423    0.32022907332776001654 )	0.3599325559743303 -3.572015851993626e-7
654	(   0.98701428019082004806   0.320228003601760014   )	0.35993382568324667 5.165331682377428e-7
655	(   0.98701412670451005305   0.32022753846475998651 )	0.3599341373470471 -9.776758558288634e-7
656	(   0.98701423367713003731   0.32022953846475998851 )	0.3599322443105297 1.137008753815394e-6
657	(   0.98701413019081996048   0.32022883835723997548 )	0.35993284094057937 -1.1797828802784238e-7
658	(   0.98701423019082001886   0.32022823857227999955 )	0.35993354071699757 2.773093603636312e-7
659	(   0.98701415020157001745   0.32022803846476000089 )	0.3599336608421001 -4.743063173329176e-7
660	(   0.98701421018006996189   0.32022903846475997414 )	0.35993272081547684 6.336376854321202e-7
661	(   0.9870141601908200002    0.32022861648639000531 )	0.35993309280886676 -2.6249893370078325e-8
662	(   0.98701410019082003178   0.32022885055127997544 )	0.35993279874910195 -3.4399574166954494e-7
663	(   0.98701421019082002939   0.32022852381506000663 )	0.3599332354759259 3.0411018059339767e-7
664	(   0.987014110190819971     0.320228709157720004   )	0.35993295014180765 -3.5660991093422467e-7
665	(   0.9870141694579499525    0.32022911648639001969 )	0.3599326020752051 3.6620922205798934e-7
666	(   0.98701415092369004789   0.32022811648638999094 )	0.3599335835425284 -4.1870850697733886e-7
667	(   0.98701418019081998967   0.32022849813472997749 )	0.35993323115881837 5.383577494910696e-8
668	(   0.98701414019082001072   0.32022873483804997763 )	0.3599329544589152 -1.0633552705030525e-7
669	(   0.98701417202598995537   0.32022881648639001106 )	0.35993290464302574 1.940877663031415e-7
670	(   0.98701414835565004502   0.32022841648638999956 )	0.3599332809747078 -2.465874699986159e-7
671	(   0.98701417019082005044   0.3202285808289099811  )	0.35993313846549274 2.885543270991775e-8
672	(   0.98701416375657002877   0.32022871648639000819 )	0.35993299637431225 6.558815712764954e-8
673	(   0.98701415019081994995   0.32022865214386997401 )	0.35993304715224095 -8.135521456509309e-8
674	(   0.98701415662506997162   0.32022851648639000244 )	0.35993318924342127 -1.1808792255152412e-7
675	(   0.98701415798683000968   0.320228666486389979   )	0.3599330406050651 -1.1405457911450867e-8
676	(   0.98701415137486003815   0.32022881648639001106 )	0.35993288399365975 3.312787377751647e-8
677	(   0.98701413153895001251   0.32022926648638999625 )	0.35993241415944416 1.6672814684426385e-7
678	(   0.98701413137486004867   0.32022893937220997529 )	0.3599327411095482 -4.40537708534805e-8
679	(   0.98701407137485996923   0.32022930802966997899 )	0.35993231245721324 -2.7559848980729384e-7
680	(   0.98701418137485996684   0.32022885270597001295 )	0.3599328777715173 2.901522258014211e-7
681	(   0.9870141400414800259    0.32022943937220998967 )	0.359932249775428 3.4372514345903937e-7
682	(   0.98701408137486001948   0.32022902603844999314 )	0.3599326044475792 -3.782597142176769e-7
683	(   0.98701412270823996042   0.32022843937221001642 )	0.35993323244366837 -4.3183218467746087e-7
684	(   0.98701412469474003597   0.32022913937220998104 )	0.35993253442999884 3.1971380209938616e-8
685	(   0.98701410465437999786   0.32022973937220999829 )	0.35993191439135064 2.600473179015239e-7
686	(   0.98701413928534997844   0.32022863937221002217 )	0.3599330490193624 -1.7453478040607706e-7
687	(   0.98701411010412998248   0.32022963937220999542 )	0.359932019840635 2.38478041758583e-7
688	(   0.98701407469474000678   0.32022899346611000126 )	0.3599326303403697 -4.511873901158481e-7
689	(   0.98701417469473995414   0.32022928527831001633 )	0.3599324385196278 5.151302318040507e-7
690	(   0.98701413369016999244   0.32022893937220997529 )	0.3599327434246603 -2.600768800320452e-8
691	(   0.98701411569930996848   0.32022933937220998679 )	0.35993232543533715 8.995052791505032e-8
692	(   0.9870141046947400465    0.32022904941788998823 )	0.35993260438602714 -1.815254142556455e-7
693	(   0.98701414469474002544   0.32022922932652997385 )	0.3599324644739704 2.454681959918048e-7
694	(   0.98701411469473998572   0.32022914670685997951 )	0.359932517096203 -4.1273490847260064e-8
695	(   0.98701412396127996551   0.32022903937220997816 )	0.3599326336966014 -3.7791202167625215e-8
696	(   0.98701412542820998741   0.32022923937220998392 )	0.3599324351634062 1.017340593989502e-7
697	(   0.9870141346947399752    0.32022913203755998257 )	0.3599325517637946 1.052162517112265e-7
698	(   0.98701411969473995534   0.32022912216220000836 )	0.35993254664043584 -1.802211757606642e-8
699	(   0.9870141046947400465    0.3202290705321699793  )	0.35993258327174715 -1.6800260249638654e-7
700	(   0.98701412969474000558   0.32022910367542001264 )	0.3599325751263618 4.8080281089823984e-8
701	(   0.98701412154342005323   0.32022922216220001124 )	0.35993244848895795 6.043277434031324e-8
702	(   0.98701410969474001611   0.32022914064898000408 )	0.35993251815451 -8.412451357742157e-8
703	(   0.98701411784605996846   0.32022902216220000549 )	0.3599326447919137 -9.647698906434243e-8
704	(   0.98701412469474003597   0.32022908950688999674 )	0.3599325842953188 3.4725111675015796e-11
705	(   0.98701411469473998572   0.32022915481751001998 )	0.35993250898555296 -3.60789575992726e-8
706	(   0.98701412296027002391   0.32022917216219998204 )	0.35993249990568704 3.945312521125288e-8
707	(   0.98701411642920999778   0.32022907216219997917 )	0.3599325933751848 -7.549735414613679e-8
708	(   0.98701413969473994481   0.32022899154096001739 )	0.3599326972599674 5.420526694166483e-8
709	(   0.98701411804969996222   0.32022918950688999962 )	0.3599324776508464 1.228751145276874e-8
710	(   0.9870141313397799987    0.32022898950688999387 )	0.35993269093979113 -1.2218040357225846e-8
711	(   0.98701411469473998572   0.32022902305646999688 )	0.359932640746593 -1.2046639330520748e-7
712	(   0.9870141346947399752    0.32022915595730999661 )	0.35993252784404456 1.2053585418669854e-7
713	(   0.98701412269295996094   0.32022913950689002593 )	0.3599325322937097 1.64552806936058e-8
714	(   0.98701412669651999998   0.32022903950689002306 )	0.3599326362969278 -1.638582602936367e-8
715	(   0.98701411969473995534   0.32022906948912999159 )	0.35993259931350585 -5.175701689452694e-8
716	(   0.98701412969474000558   0.32022910952465000189 )	0.3599325692771318 5.18264684501446e-8
717	(   0.98701412445079994562   0.32022910950688998621 )	0.3599325640513996 1.0942561523563654e-8
718	(   0.9870141249386900073    0.32022906950689000727 )	0.3599326045392479 -1.0873033140512689e-8
719	(   0.98701412269473998151   0.32022908706744002139 )	0.3599325847349396 -1.71161218531779e-8
720	(   0.98701412669473997941   0.32022909194634002761 )	0.3599325838556979 1.7185572076527933e-8
721	(   0.98701412469768001756   0.32022909950688999148 )	0.3599325742982585 6.462221868730467e-9
722	(   0.98701412469180005438   0.320229079506890002   )	0.35993259429237906 -6.392770757202015e-9
723	(   0.98701412369473995323   0.32022908953625001116 )	0.3599325832660442 -7.740711627235441e-9
724	(   0.98701412569474000769   0.32022908947752998232 )	0.35993258532459343 7.810162294674683e-9
725	(   0.9870141241947399946    0.32022909111216002476 )	0.3599325821900914 -2.8342870272979326e-9
726	(   0.98701412519473996632   0.32022908790162002424 )	0.359932586400546 2.9037368065587543e-9
727	(   0.98701412485526995866   0.32022909450689002187 )	0.35993257945583507 4.488225791021705e-9
728	(   0.98701412453421000226   0.32022908450689002713 )	0.3599325891348025 -4.418774679493254e-9
729	(   0.98701412449474001942   0.32022909103851998625 )	0.3599325825637058 -5.431783911546972e-10
730	(   0.98701412489474005252   0.32022908797526000724 )	0.35993258602693173 6.126290585939387e-10
731	(   0.98701412484789996515   0.32022909150688999569 )	0.35993258244846565 2.5094069044939715e-9
732	(   0.98701412454157999576   0.32022908750688999779 )	0.3599325861421718 -2.4399580134115695e-9
733	(   0.98701412466509996779   0.32022909050689002397 )	0.3599325832656813 4.4416204048047803e-10
734	(   0.98701412472437999313   0.32022908850689002502 )	0.3599325853249562 -3.7471181713044643e-10
735	(   0.9870141245947400277    0.32022908921053000464 )	0.35993258449168736 -9.345044738040542e-10
736	(   0.98701412479474004424   0.32022908980324998884 )	0.3599325840989503 1.0039560294217154e-9
737	(   0.98701412464474003183   0.32022908971862001914 )	0.35993258403359313 -2.1938184602277033e-10
738	(   0.98701412474474004011   0.32022908929515997434 )	0.35993258455704463 2.888338457296413e-10
739	(   0.98701412471590999065   0.3202290900068899826  )	0.359932583816487 5.19958298639267e-10
740	(   0.98701412467356997027   0.32022908900689001088 )	0.3599325847741505 -4.505080752892354e-10
741	(   0.98701412470684002365   0.32022908930688998019 )	0.35993258450741783 9.441336601412331e-13
742	(   0.98701412474313998668   0.32022908870688998606 )	0.3599325851437147 -1.00400132652112e-10
743	(   0.98701412469854998832   0.32022908980689002156 )	0.3599325839991284 2.565583301361585e-10
744	(   0.98701412471512994795   0.32022908880688999433 )	0.35993258501570696 -2.5467139508350556e-10
745	(   0.98701412465684001951   0.32022908922395998399 )	0.35993258454035204 -4.418811982986881e-10
746	(   0.98701412475684002779   0.3202290893898199764  )	0.3599325844744835 4.4376946561897057e-10
747	(   0.98701412468684002199   0.32022908938102001564 )	0.35993258441328946 -1.074638156239871e-10
748	(   0.9870141247268400253    0.32022908923276000026 )	0.35993258460154615 1.0935252703347942e-10
749	(   0.98701412469942995109   0.32022908910689001916 )	0.3599325847000084 -1.8490320385922132e-10
750	(   0.98701412471424998518   0.32022908950688999674 )	0.3599325843148271 1.8679102709029394e-10
751	(   0.9870141247067999446    0.32022908920689002743 )	0.3599325846073776 -6.341416280974954e-11
752	(   0.98701412470687999168   0.32022908940688998847 )	0.3599325844074577 6.530154195161231e-11
753	(   0.98701412469684002282   0.32022908930725002552 )	0.35993258449705856 -7.676836943915077e-11
754	(   0.98701412471684002448   0.32022908930652999038 )	0.35993258451777693 7.865619267022339e-11
755	(   0.98701412470184002323   0.32022908931855997849 )	0.3599325844907483 -3.055289354847446e-11
756	(   0.98701412471184002406   0.32022908929521998189 )	0.3599325845240874 3.2441604957966774e-11
757	(   0.9870141247056699596    0.32022908925688997606 )	0.35993258455624777 -4.019895527562767e-11
758	(   0.98701412470800997667   0.32022908935688998433 )	0.35993258445858767 4.2086334417490434e-11
759	(   0.98701412470581995073   0.32022908932688998185 )	0.35993258448639776 5.802469615900918e-12
760	(   0.98701412470785998554   0.32022908928688997854 )	0.35993258452843757 -3.915534563248002e-12
761	(   0.98701412470483995687   0.32022908929665000466 )	0.35993258451565785 -2.120303932429124e-11
762	(   0.98701412470883997941   0.32022908931713001124 )	0.35993258449917753 2.3090862555363856e-11
763	(   0.98701412470584004577   0.32022908930978999376 )	0.35993258450351795 -4.992450897134404e-12
764	(   0.98701412470784000153   0.32022908930399002214 )	0.35993258451131765 6.88071821741687e-12
765	(   0.98701412470655003339   0.32022908929688997937 )	0.35993258451712773 -7.721379091663039e-12
766	(   0.9870141247071300139    0.32022908931688998102 )	0.3599325844977078 9.609202322735655e-12
767	(   0.9870141247063399792    0.32022908930755999979 )	0.3599325845062479 -2.523758979577906e-12
768	(   0.98701412470676996858   0.32022908930188997978 )	0.3599325845123478 -2.8039792709932954e-12
769	(   0.9870141247069099677    0.32022908931188998061 )	0.35993258450248766 4.690470234436361e-12
770	(   0.98701412470733995708   0.32022908930622001611 )	0.3599325845085877 4.412470389070222e-12
771	(   0.98701412470689997569   0.32022908930489002444 )	0.35993258450947774 1.305622276959184e-13
772	(   0.98701412470708005387   0.32022908929888999063 )	0.35993258451565774 -2.3097079804301757e-12
773	(   0.98701412470719995795   0.32022908929989002402 )	0.3599325845147776 -7.340794638821535e-13
774	(   0.98701412470659999343   0.32022908930989002485 )	0.35993258450417775 9.947598300641403e-13
775	(   0.98701412470640004226   0.32022908930186999577 )	0.35993258451199794 -5.699885008425554e-12
776	(   0.98701412470740002014   0.3202290893079099976  )	0.3599325845069578 5.962341731446941e-12
777	(   0.98701412470703997482   0.32022908930289001317 )	0.35993258451161764 -5.950795411990839e-14
778	(   0.98701412470675997657   0.32022908930688998019 )	0.3599325845073378 3.197442310920451e-13
779	(   0.98701412470670002453   0.32022908930346999368 )	0.3599325845106978 -2.3372415114408795e-12
780	(   0.98701412470710003788   0.32022908930630999969 )	0.3599325845082577 2.5988100560425664e-12
781	(   0.9870141247067999446    0.32022908930560001206 )	0.3599325845086676 -1.9451107391432743e-13
782	(   0.98701412470700000679   0.3202290893041799813  )	0.3599325845102877 4.556355293061642e-13
783	(   0.98701412470683003164   0.32022908930388999105 )	0.3599325845104078 -1.0551559626037488e-12
784	(   0.98701412470697003076   0.32022908930589000231 )	0.3599325845085477 1.3162804179955856e-12
785	(   0.9870141247069099677    0.32022908930438997999 )	0.35993258450998766 -1.127986593019159e-13
786	(   0.98701412470688998368   0.32022908930539001338 )	0.35993258450896776 3.730349362740526e-13
787	(   0.98701412470689997569   0.32022908930469001776 )	0.35993258450967774 2.6645352591003757e-15
788	(   0.98701412470689997569   0.32022908930408999773 )	0.35993258451027776 -3.814726312612038e-13
789	(   0.98701412470687999168   0.32022908930513999115 )	0.3599325845092077 1.3500311979441904e-13
790	(   0.98701412470687999168   0.32022908930418997331 )	0.3599325845101577 -4.738431869100168e-13
791	(   0.98701412470689997569   0.32022908930449001108 )	0.35993258450987775 -1.2523315717771766e-13
792	(   0.98701412470689997569   0.32022908930458998666 )	0.3599325845097778 -6.128431095930864e-14
