0.000000 -0.000000 2.837000 -0.000000 0.116800 -0.000000
0.000000 669.853000 21.518700 13.525000 0.105120 2.196000
0.000000 0.107000 3.824000 -0.000000 0.883200 -0.000000
0.000000 0.126000 2.837000 0.235000 0.116800 1.000000
0.000000 -0.000000 25.787000 -0.000000 1.116800 -0.000000
0.000000 21.563000 2.664000 0.838000 1.116800 0.196000
0.000000 -0.000000 3.120700 -0.000000 0.128480 -0.000000
0.000000 45.830000 2.837000 0.921000 0.116800 0.007100
0.000000 13.697000 3.010000 0.842000 0.883200 0.196000
0.000000 85.560000 0.567000 9.827000 4.116800 2.595100
0.000000 6.942890 2.711015 2.459906 0.124296 0.213900
0.000000 22.830422 7.521549 1.321789 0.058083 0.384600
0.000000 415.538096 19.913934 0.213237 1.385666 0.138805
0.000000 51.352503 14.398212 0.266840 0.525600 0.145934
0.000000 11.185823 1.955898 2.767698 0.077618 0.079174
0.000000 0.767987 0.993629 0.239196 0.556851 0.031488
0.000000 9.953232 0.956423 0.925384 2.541851 0.124248
0.000000 67.308065 0.067907 1.485742 2.120751 0.979788
0.000000 67.618805 0.066298 1.429042 2.111451 0.981748
0.000000 29.967431 0.932596 1.459906 0.212149 0.116968
0.000000 11.866387 1.078726 0.592884 0.279451 0.129848
0.000000 20.144658 1.948670 0.449990 0.604549 0.123688
0.000000 5.023461 1.044739 0.223302 0.476451 0.131488
0.000000 18.191600 1.126797 3.540042 0.354851 0.393248
0.000000 8.262011 0.997507 1.224232 0.585451 0.038288
0.000000 15.540241 3.981333 0.779366 2.428549 0.164688
0.000000 4.589364 0.031591 0.520471 1.550251 0.137008
0.000000 5.154203 2.051979 2.000466 0.523149 0.273168
0.000000 3.313112 1.001268 1.820097 0.676031 0.452568
0.000000 3.350893 2.375986 2.640887 0.474569 0.559128
0.000000 2.353819 0.988901 3.422790 0.557851 0.111232
0.000000 2.044617 1.272472 0.065564 0.569731 0.172592
0.000000 5.685609 1.975392 0.179564 0.441949 0.192592
0.000000 1.961597 0.933402 0.686636 0.575851 0.165408
0.000000 16.075334 0.996849 2.505248 0.591451 0.062288
0.000000 44.250071 0.988617 0.949343 0.557851 0.098932
0.000000 30.969880 21.960814 0.553900 0.442149 0.131232
0.000000 2.099551 0.997469 1.154951 0.556051 0.092848
0.000000 29.593048 4.517324 1.092696 1.865005 0.089952
0.000000 6.135761 3.696988 1.862891 0.375431 0.112964
0.000000 15.734264 1.830611 1.855476 0.065969 0.140132
0.000000 13.240018 7.966811 1.332048 0.121460 0.041076
0.000000 1.975965 0.917060 0.925088 0.279959 0.147204
0.000000 5.923831 0.814064 0.196391 1.606077 0.326599
0.000000 1.710604 2.556964 0.116630 0.270981 0.080442
0.000000 1.325388 0.308934 0.423828 0.492061 0.347070
0.000000 2.606298 0.456929 0.287758 1.080053 0.328630
0.000000 4.054509 1.388752 0.134691 0.943373 0.756086
0.000000 1.287217 1.707995 0.228703 0.318185 0.562644
0.000000 2.207699 2.277799 0.100761 0.220630 0.029387
0.000000 0.143215 0.343337 0.312014 0.759553 0.234928
0.000000 3.455463 1.646741 0.466996 0.903606 0.364585
0.000000 1.270711 1.715293 0.118253 0.318302 0.092644
0.000000 1.147238 0.475861 0.843708 0.408672 0.269106
0.000000 0.146643 0.106085 0.048724 0.360606 0.648275
0.000000 1.480300 0.870509 0.002620 0.255344 1.053324
0.000000 6.531286 2.406236 1.065534 0.699757 0.395199
0.000000 0.598466 0.179907 0.450290 0.371054 0.223595
0.000000 1.232066 0.367377 0.826416 0.347266 0.416475
0.000000 0.438036 1.007608 0.072953 0.575565 0.003079
0.000000 1.302686 1.556703 0.104253 0.644730 0.450750
0.000000 1.305803 0.898106 0.138557 0.397267 0.179726
0.000000 0.976505 0.748144 0.093950 0.565165 0.366668
0.000000 1.451832 0.398711 0.878381 0.703650 0.125850
0.000000 0.445305 0.178655 0.427053 0.427782 0.340466
0.000000 1.867031 0.669873 1.241476 0.614342 0.276119
0.000000 0.929402 0.132168 0.284278 0.457835 0.274537
0.000000 1.294705 0.160296 0.207664 0.521588 0.181324
0.000000 0.601435 0.099786 0.056778 0.518552 0.226426
0.000000 1.157490 0.882451 0.120006 0.438318 0.130426
0.000000 0.698848 0.454085 0.076742 0.525982 0.308097
0.000000 0.424748 1.363748 0.506968 0.434565 0.541235
0.000000 0.108662 0.520618 0.050423 0.536850 0.160057
0.000000 0.413848 1.130138 0.154700 0.418518 0.603444
0.000000 0.430495 0.465284 0.055266 0.535982 0.156968
0.000000 3.824438 2.083299 0.389530 0.713734 1.914716
0.000000 7.766607 1.010255 0.455401 0.294626 0.486368
0.000000 7.760343 1.004276 0.453051 0.294626 0.476368
0.000000 0.500920 0.062066 0.599646 0.357486 0.303346
0.000000 6.298629 0.646825 0.128451 0.649194 0.640704
0.000000 0.735146 0.411894 0.200601 0.382086 0.656046
0.000000 11.109621 0.595177 1.717299 0.366206 0.633830
0.000000 9.152718 2.531719 1.434020 0.259806 1.171321
0.000000 9.061625 1.433041 0.825144 0.284206 0.510405
0.000000 11.704573 11.532358 2.027960 0.140194 0.779615
0.000000 13.941555 5.422146 2.957931 0.125006 0.553635
0.000000 22.502968 8.405644 1.141555 0.009394 0.518485
0.000000 11.665065 0.348450 1.061711 0.373406 0.659031
0.000000 5.076614 1.957707 0.332589 0.823033 1.914716
0.000000 5.066981 2.105515 0.690416 1.001907 0.235840
0.000000 0.554655 0.629344 0.367252 0.447334 0.269186
0.000000 0.142470 0.180970 0.153817 0.506450 0.297197
0.000000 0.792691 0.339558 0.079741 0.143763 0.356055
0.000000 0.201066 0.224573 0.270180 0.607851 0.262457
0.000000 0.508679 0.140915 0.245180 0.602179 0.271577
0.000000 0.173144 0.223917 0.285789 0.650242 0.363328
0.000000 0.855374 0.167691 0.361610 0.424100 0.347377
0.000000 0.299223 0.071571 0.079312 0.563914 0.290537
0.000000 0.097389 0.697044 0.002950 0.503530 0.492315
0.000000 0.346594 0.230229 0.067078 0.525398 0.238297
0.000000 0.730911 0.166448 0.528004 0.361154 0.252395
0.000000 0.469507 0.132192 0.100914 0.572829 0.332457
0.000000 1.195830 0.161186 0.430486 0.617914 0.273417
0.000000 0.274619 0.084958 0.189862 0.475515 0.321426
0.000000 0.044485 0.114657 0.157008 0.511126 0.416457
0.000000 0.149427 0.144771 0.268415 0.445982 0.331526
0.000000 0.159752 0.219649 0.095484 0.380493 0.411526
0.000000 1.321940 0.436738 0.272960 0.256555 0.490866
0.000000 0.763642 0.777075 0.289430 0.408942 0.584966
0.000000 0.033706 0.263344 0.024845 0.505182 0.261557
0.000000 0.074554 0.194984 0.146347 0.623854 0.010952
0.000000 0.350833 0.041204 0.109323 0.474464 0.347497
0.000000 0.158553 0.091070 0.332189 0.414849 0.302557
0.000000 0.100209 0.185275 0.216376 0.495749 0.234997
0.000000 0.915193 0.408192 0.260252 0.496450 0.183226
0.000000 0.350883 0.006964 0.167968 0.452171 0.123137
0.000000 0.131240 0.104017 0.159397 0.420394 0.031094
0.000000 0.233296 0.097977 0.204942 0.282928 0.548675
0.000000 0.159307 0.153631 0.149131 0.539652 0.126437
0.000000 0.344599 0.622806 0.131604 0.332474 0.504587
0.000000 28.115777 3.497596 1.767218 0.162526 0.877575
0.000000 28.711144 4.443344 1.206756 0.883174 0.802415
0.000000 0.319895 0.197575 0.056913 0.475814 0.099908
0.000000 0.420501 0.130099 0.110649 0.405814 0.089837
0.000000 0.272503 0.230662 0.128460 0.496714 0.032277
0.000000 0.183642 0.049812 0.296483 0.570994 0.181952
0.000000 0.063281 0.151917 0.026000 0.424114 0.263897
0.000000 0.905061 0.635043 0.177346 0.421914 0.029183
0.000000 0.003558 0.026145 0.027908 0.484114 0.193497
0.000000 0.387791 0.163877 0.090442 0.428514 0.007623
0.000000 0.081640 0.117183 0.265779 0.404114 0.182897
0.000000 0.255495 0.130677 0.152840 0.405314 0.135266
0.000000 0.196736 0.199085 0.093827 0.475214 0.156437
0.000000 0.383170 0.009462 0.272265 0.430194 0.470106
0.000000 3.293375 0.092107 0.391635 0.965294 0.034758
0.000000 1.176595 1.445161 0.325408 0.391074 0.037391
0.000000 3.667394 2.374637 0.279256 0.262114 0.003017
0.000000 1.489410 0.154384 1.526344 0.404494 0.037496
0.000000 6.857211 2.155259 0.554264 0.237614 0.014703
0.000000 8.783927 4.397708 0.040190 0.704994 0.002099
0.000000 15.589719 1.598489 0.370904 0.476994 0.002086
0.000000 0.426072 0.346613 0.153495 0.410394 0.093323
0.000000 0.344599 0.540533 0.131604 0.335861 0.504587
0.000000 4.841571 3.485293 0.718634 0.003672 0.064338
0.000000 6.879900 3.714780 0.792074 0.010286 0.102119
0.000000 0.690203 0.051645 0.040970 0.335505 0.130327
0.000000 0.034775 0.128490 0.088110 0.488629 0.125455
0.000000 0.138204 0.051020 0.012827 0.256240 0.154577
0.000000 2.254773 0.385501 0.393713 0.244483 0.514482
0.000000 0.409459 0.359573 0.680545 0.299600 0.614023
0.000000 1.042006 0.091978 0.702109 0.319271 0.594052
0.000000 0.334392 0.238538 0.270696 0.410041 0.226187
0.000000 0.298232 0.014527 0.012564 0.432147 0.049269
0.000000 3.887260 1.688890 0.435514 0.195828 0.003505
0.000000 0.804181 0.522056 0.260255 0.327227 0.338265
0.000000 2.369438 0.440630 0.062537 0.212690 0.176919
0.000000 1.121610 0.630585 1.285632 0.347556 0.203164
0.000000 7.320313 0.212864 0.588487 0.222911 0.122448
0.000000 9.997563 0.786384 0.020429 0.144595 0.093957
0.000000 3.018817 2.906950 0.640478 0.648733 0.394936
0.000000 8.993638 1.497301 0.502319 0.324092 0.325849
0.000000 0.462077 0.057356 0.016701 0.257211 0.215308
0.000000 2.125405 0.243622 0.401084 0.250154 0.514228
0.000000 5.145420 0.234475 0.658866 0.115822 0.162252
0.000000 4.072053 0.285770 0.650813 0.111896 0.159710
0.000000 0.629346 0.097813 0.169027 0.568147 0.411786
0.000000 0.135350 0.070982 0.050533 0.337510 0.060809
0.000000 3.956554 0.274824 0.976726 0.376283 0.098059
0.000000 0.539227 0.004803 0.378039 0.046016 0.134445
0.000000 2.433737 0.273215 0.286568 0.299907 0.168142
0.000000 1.601412 0.400273 0.403499 0.166950 0.196734
0.000000 0.652706 0.008230 0.121130 0.247984 0.043605
0.000000 0.440061 1.073824 0.105087 0.314703 0.145837
0.000000 5.321906 0.132558 0.290200 0.271858 0.151304
0.000000 3.874275 0.368643 0.294186 0.151331 0.177140
0.000000 3.369516 1.256501 1.850257 0.388327 0.191262
0.000000 2.173740 0.721662 0.290854 0.013282 0.357041
0.000000 0.231348 0.021971 0.017934 0.411019 0.009665
0.000000 0.064793 0.003007 0.203082 0.413082 0.088670
0.000000 0.020059 0.030779 0.096057 0.310848 0.083016
0.000000 0.364720 0.065713 0.015545 0.336086 0.035936
0.000000 0.025376 0.052037 0.002912 0.318793 0.325582
0.000000 0.983436 0.124992 0.068084 0.221061 0.394390
0.000000 0.199026 0.000894 0.003796 0.421718 0.045418
0.000000 0.256674 0.018946 0.013925 0.386297 0.140873
0.000000 0.094243 0.002427 0.011849 0.373798 0.107618
0.000000 0.256986 0.101364 0.225043 0.291532 0.165091
0.000000 0.003837 0.060773 0.059778 0.391039 0.067171
0.000000 0.015300 0.020018 0.192909 0.289066 0.100075
0.000000 0.320773 0.005040 0.062173 0.261190 0.220189
0.000000 0.121006 0.013618 0.002085 0.371038 0.053040
0.000000 0.507814 0.050461 0.038580 0.242272 0.290530
0.000000 0.167403 0.010064 0.011576 0.381161 0.040188
0.000000 0.107137 0.121190 0.051650 0.363278 0.155469
0.000000 0.067370 0.067498 0.038240 0.346376 0.040746
0.000000 0.242863 0.052020 0.043555 0.288180 0.109260
0.000000 0.064364 0.004066 0.005768 0.257198 0.092448
0.000000 0.188612 0.030987 0.034413 0.185027 0.099312
0.000000 0.309779 0.136796 0.016301 0.260072 0.093973
0.000000 9.366764 1.267263 1.261328 0.019044 0.366643
0.000000 0.029988 0.012218 0.026364 0.298186 0.047242
0.000000 0.318856 0.025914 0.055376 0.203886 0.100698
0.000000 0.272354 0.014844 0.006421 0.329381 0.062526
0.000000 0.048478 0.173077 0.070217 0.249960 0.072493
0.000000 0.535507 0.006271 0.200512 0.151831 0.031342
0.000000 0.127869 0.401039 0.040516 0.278580 0.114039
0.000000 3.889211 0.046138 0.215743 0.261452 0.071275
0.000000 0.630619 1.152420 0.193187 0.197688 0.151645
0.000000 1.082045 0.162922 0.293438 0.272411 0.025854
0.000000 1.039452 0.363773 0.728993 0.271174 0.167383
0.000000 4.759405 0.022131 0.152559 0.258482 0.101687
0.000000 0.047709 0.023479 0.006827 0.258370 0.092241
0.000000 4.456677 0.687417 0.126834 0.012920 0.162950
0.000000 0.064523 0.027381 0.066624 0.175035 0.227148
0.000000 0.125154 1.023783 0.061015 0.257171 0.068972
0.000000 1.605752 0.566553 0.083818 0.271530 0.115518
0.000000 0.728255 2.137607 0.191702 0.449150 0.121429
0.000000 0.772902 0.441426 0.050305 0.256546 0.105485
0.000000 3.167360 1.232175 0.763007 0.263998 0.130452
0.000000 5.734846 0.770057 0.712648 0.246784 0.046644
0.000000 5.389162 0.229112 0.090019 0.256662 0.103725
0.000000 1.571788 2.368923 0.263172 0.413787 0.016616
0.000000 2.964522 2.342895 0.176757 0.067070 0.247124
0.000000 0.000288 0.106114 0.010006 0.261886 0.091619
0.000000 8.454121 1.053533 0.112309 0.087881 0.000485
0.000000 0.090658 0.015674 0.269359 0.207832 0.114121
0.000000 0.000438 0.019668 0.075244 0.269125 0.106220
0.000000 0.142294 0.307694 0.135729 0.240933 0.149327
0.000000 0.023231 0.176857 0.045856 0.255833 0.058408
0.000000 0.580531 0.002615 0.052182 0.206999 0.125677
0.000000 2.769432 0.060439 0.004737 0.263621 0.125552
0.000000 0.351705 0.204735 0.132111 0.248080 0.023151
0.000000 0.746886 0.274435 0.447883 0.243668 0.018598
0.000000 0.094923 1.169015 0.025403 0.312159 0.096370
0.000000 4.527229 0.080248 0.415554 0.255677 0.125038
0.000000 0.958243 0.015018 0.001328 0.254417 0.081569
0.000000 0.624657 0.022002 0.038752 0.254056 0.123525
0.000000 0.083403 0.057458 0.009584 0.231047 0.044289
0.000000 0.135942 0.108658 0.008543 0.218318 0.010794
0.000000 0.315706 0.155957 0.015824 0.149762 0.104215
0.000000 3.600884 1.006882 0.069621 0.099124 0.035246
0.000000 0.017375 0.131935 0.067475 0.217256 0.119243
0.000000 0.233456 0.045463 0.300938 0.220232 0.045525
0.000000 1.009078 0.236090 0.106660 0.249160 0.035969
0.000000 0.212289 0.100820 0.000941 0.234278 0.056071
0.000000 4.269816 0.706529 0.349092 0.305963 0.044339
0.000000 3.625389 0.886592 0.337938 0.210733 0.044702
0.000000 2.959083 1.084778 0.152747 0.200657 0.049329
0.000000 2.948437 0.373961 0.227294 0.176299 0.035134
0.000000 0.078013 0.388455 0.121897 0.183703 0.050015
0.000000 4.359065 1.397176 0.321039 0.280718 0.077688
0.000000 0.319073 0.155435 0.016999 0.149762 0.099215
0.000000 0.673630 0.316878 0.000340 0.262790 0.063102
0.000000 0.022136 0.003839 0.007076 0.154872 0.145463
0.000000 0.016141 0.015877 0.000603 0.083458 0.194960
0.000000 0.417064 0.066495 0.007569 0.129536 0.342578
0.000000 1.424658 0.252649 0.726047 0.010279 0.156861
0.000000 0.039812 0.036348 0.107979 0.132030 0.091915
0.000000 0.049426 0.064808 0.194212 0.063525 0.078670
0.000000 0.207762 0.026797 0.475255 0.285754 0.209711
0.000000 1.328369 0.273721 0.382940 0.000050 0.027515
0.000000 2.294976 0.044221 0.391374 0.009950 0.026961
0.000000 0.074064 0.035029 0.017402 0.161665 0.088064
0.000000 1.418929 0.623106 0.254552 0.166533 0.136616
0.000000 1.829894 0.234338 0.218705 0.152037 0.130283
0.000000 2.447395 0.791865 0.450925 0.057593 0.181684
0.000000 1.664730 0.680968 0.388157 0.178910 0.163644
0.000000 2.366318 0.677290 0.341573 0.177710 0.170832
0.000000 2.693189 0.885727 0.268542 0.211555 0.226152
0.000000 1.477338 2.426054 0.440972 0.200972 0.069911
0.000000 5.087549 2.204283 1.003426 0.291401 0.015830
0.000000 1.635354 0.405598 0.022287 0.103564 0.106170
0.000000 0.413333 0.109157 0.446618 0.284429 0.209667
0.000000 0.120730 0.815110 0.045179 0.069434 0.119303
0.000000 0.169594 0.064948 0.082140 0.068402 0.084680
0.000000 0.090904 0.150818 0.106525 0.131685 0.091671
0.000000 2.465447 0.394074 0.038596 0.115861 0.070041
0.000000 0.260672 0.062707 0.093160 0.132017 0.097959
0.000000 0.373223 0.003731 0.217483 0.133809 0.092068
0.000000 3.784155 0.077355 0.391196 0.124418 0.081922
0.000000 0.271957 0.280311 0.092993 0.147006 0.006735
0.000000 1.858513 1.210851 0.063344 0.155187 0.007030
0.000000 0.421658 1.066673 0.082809 0.037630 0.068099
0.000000 2.547485 0.061041 0.218998 0.129663 0.146527
0.000000 0.403445 0.653902 0.084157 0.086592 0.148644
0.000000 0.145001 0.056792 0.125139 0.001911 0.112564
0.000000 0.935570 0.266331 0.086535 0.152622 0.042732
0.000000 0.542879 0.197054 0.128753 0.146974 0.110399
0.000000 1.136515 0.358526 0.309723 0.157620 0.121418
0.000000 0.138522 0.106120 0.107722 0.137039 0.096554
0.000000 0.056818 0.015978 0.114290 0.129514 0.087015
0.000000 1.262504 0.511514 0.114180 0.140440 0.059942
0.000000 1.253939 0.172301 0.299653 0.112689 0.068174
0.000000 0.973330 0.257306 0.102998 0.122066 0.114041
0.000000 1.376221 0.863753 0.033458 0.084602 0.078645
0.000000 1.498113 0.442888 0.024204 0.125045 0.117496
0.000000 0.253440 0.070264 0.152842 0.059562 0.091556
0.000000 0.077418 0.040730 0.063213 0.153685 0.097372
0.000000 0.199374 0.003589 0.117921 0.140407 0.092126
0.000000 0.042873 0.040314 0.110562 0.132576 0.111976
0.000000 0.080802 0.052874 0.034853 0.133565 0.091803
0.000000 0.431814 0.102454 0.184534 0.138160 0.091472
0.000000 0.813465 0.174032 0.127843 0.113148 0.067599
0.000000 0.023484 0.013860 0.063396 0.202967 0.120945
0.000000 0.028813 0.046146 0.130725 0.098437 0.089204
0.000000 0.173615 0.015053 0.067405 0.205567 0.115940
0.000000 0.084864 0.043520 0.077754 0.102724 0.092503
0.000000 0.046100 0.010146 0.027984 0.134048 0.083865
0.000000 0.085028 0.004410 0.013350 0.134774 0.069876
0.000000 0.042571 0.051265 0.135338 0.106745 0.035268
0.000000 0.067078 0.015533 0.098554 0.096014 0.067535
0.000000 0.102272 0.102488 0.161080 0.071672 0.071735
0.000000 0.031490 0.000019 0.054891 0.139143 0.084008
0.000000 0.051246 0.048247 0.053205 0.106147 0.071934
0.000000 0.099764 0.065068 0.023535 0.094506 0.064235
0.000000 0.057489 0.030553 0.046050 0.097142 0.062101
0.000000 0.102748 0.029181 0.015138 0.079686 0.047121
0.000000 0.075195 0.016678 0.000837 0.130314 0.058047
0.000000 0.039107 0.002662 0.089415 0.094474 0.047009
0.000000 0.021960 0.011947 0.024154 0.118528 0.106731
0.000000 0.115929 0.014876 0.009232 0.126263 0.052800
0.000000 0.066515 0.000221 0.026095 0.120325 0.062700
0.000000 0.009488 0.028524 0.024871 0.085072 0.055934
0.000000 0.000339 0.041809 0.009974 0.058034 0.041960
0.000000 0.125881 0.020110 0.041374 0.118843 0.066070
0.000000 0.014180 0.017211 0.063569 0.101686 0.067147
0.000000 0.004842 0.025758 0.038985 0.072539 0.045497
0.000000 0.070384 0.052485 0.104789 0.076879 0.007676
0.000000 0.027001 0.038889 0.107046 0.051506 0.043461
0.000000 0.045217 0.006137 0.002765 0.098788 0.103105
0.000000 0.049462 0.009421 0.042513 0.067462 0.046273
0.000000 0.096894 0.034829 0.073780 0.040065 0.051429
0.000000 0.009830 0.046500 0.112596 0.047192 0.001555
0.000000 0.006598 0.052976 0.033860 0.039389 0.042090
0.000000 0.095768 0.025173 0.040222 0.093634 0.035291
0.000000 0.050509 0.032448 0.065229 0.053492 0.047422
0.000000 0.091839 0.032409 0.073128 0.025620 0.020946
0.000000 0.041796 0.049502 0.058265 0.002152 0.004275
0.000000 0.026383 0.029683 0.001802 0.039897 0.018227
0.000000 0.022452 0.025451 0.051034 0.034059 0.005590
0.000000 0.068489 0.014486 0.031872 0.042733 0.068437
0.000000 0.034146 0.027526 0.018782 0.068364 0.057653
0.000000 0.017122 0.026774 0.031340 0.044145 0.033676
0.000000 0.055011 0.044994 0.066307 0.055444 0.004120
0.000000 0.041475 0.021838 0.007241 0.045771 0.052304
0.000000 0.024667 0.077371 0.020338 0.025079 0.027652
0.000000 0.052102 0.053814 0.040076 0.013370 0.008800
0.000000 0.018695 0.063423 0.017482 0.005608 0.011716
0.000000 0.067497 0.007707 0.042519 0.034191 0.025566
0.000000 0.043081 0.024503 0.027018 0.031932 0.026098
0.000000 0.003375 0.029393 0.044353 0.064688 0.054487
0.000000 0.033666 0.043527 0.032829 0.017667 0.016773
0.000000 0.018463 0.021035 0.028054 0.054426 0.051939
0.000000 0.038825 0.016454 0.037032 0.032153 0.021065
0.000000 0.065363 0.046719 0.022899 0.011587 0.003476
0.000000 0.044666 0.039687 0.009967 0.022273 0.015618
0.000000 0.000232 0.049347 0.005355 0.014461 0.006034
0.000000 0.017264 0.061872 0.011410 0.001127 0.035106
0.000000 0.045703 0.031422 0.011993 0.008882 0.007743
0.000000 0.079431 0.046750 0.033796 0.008202 0.009743
0.000000 0.006061 0.032490 0.015453 0.031124 0.022797
0.000000 0.013380 0.051102 0.034437 0.003780 0.003060
0.000000 0.028757 0.009480 0.004887 0.043691 0.007691
0.000000 0.021038 0.022229 0.051933 0.026958 0.000320
0.000000 0.009225 0.049978 0.013985 0.011227 0.009080
0.000000 0.011041 0.029757 0.032197 0.018332 0.009804
0.000000 0.030278 0.024638 0.052674 0.016404 0.022533
0.000000 0.007095 0.048137 0.034749 0.011467 0.002903
0.000000 0.018258 0.018086 0.035270 0.036475 0.007762
0.000000 0.025636 0.015030 0.034684 0.035178 0.003031
0.000000 0.004613 0.028217 0.010352 0.005497 0.016073
0.000000 0.006735 0.028967 0.016097 0.011756 0.033294
0.000000 0.028777 0.026320 0.004301 0.057875 0.007819
0.000000 0.025554 0.030118 0.008407 0.007791 0.003897
0.000000 0.003297 0.046812 0.032440 0.006991 0.004669
0.000000 0.003568 0.038876 0.015727 0.014035 0.002789
0.000000 0.051769 0.024473 0.055706 0.032990 0.034886
0.000000 0.090544 0.042078 0.058195 0.006658 0.001279
0.000000 0.003635 0.009528 0.027967 0.019450 0.001188
0.000000 0.507247 0.170850 0.088064 0.011591 0.004214
0.000000 0.036500 0.008073 0.015325 0.005747 0.016642
0.000000 0.593110 0.128565 0.074347 0.019636 0.000707
0.000000 0.129324 0.038455 0.010009 0.008688 0.033758
0.000000 1.162755 0.008872 0.008410 0.000801 0.013479
0.000000 0.656567 0.079957 0.334346 0.014020 0.019874
0.000000 0.344919 0.210702 0.080637 0.008713 0.021481
0.000000 1.570189 0.045218 0.180970 0.011250 0.015676
0.000000 0.058042 0.477391 0.117287 0.000213 0.028934
0.000000 0.051769 0.023963 0.055706 0.033011 0.034886
0.000000 0.670513 0.086114 0.177201 0.006834 0.001734
0.000000 0.716022 0.091388 0.182546 0.007126 0.002717
0.000000 0.007214 0.022805 0.007132 0.012696 0.045223
0.000000 0.003786 0.030201 0.013653 0.020188 0.005761
0.000000 0.014713 0.001684 0.032141 0.005387 0.013505
0.000000 0.029549 0.014087 0.005055 0.001685 0.010594
0.000000 0.052788 0.006330 0.024445 0.011751 0.011001
0.000000 0.100638 0.027705 0.051751 0.023136 0.005907
0.000000 0.317811 0.013268 0.222781 0.039207 0.035808
0.000000 0.407451 0.005172 0.201183 0.039498 0.036519
0.000000 0.036884 0.012526 0.006005 0.030898 0.018596
0.000000 0.007566 0.024583 0.013325 0.001085 0.020328
0.000000 0.010136 0.002316 0.103867 0.018934 0.000568
0.000000 0.204652 0.128375 0.068215 0.004388 0.017185
0.000000 0.159846 0.020053 0.080044 0.001857 0.017475
0.000000 0.187432 0.014471 0.082872 0.005238 0.054045
0.000000 0.673549 0.010031 0.103785 0.000362 0.018702
0.000000 0.576401 0.003459 0.133622 0.003652 0.026877
0.000000 0.478119 0.008854 0.246151 0.001661 0.037660
0.000000 0.768319 0.002859 0.348508 0.004055 0.038901
0.000000 0.071799 0.043375 0.250630 0.030754 0.010424
0.000000 0.100638 0.028812 0.051751 0.023182 0.005907
0.000000 0.078284 0.036765 0.080552 0.004073 0.000808
0.000000 0.027807 0.001900 0.044466 0.001238 0.016376
0.000000 0.010188 0.028517 0.000609 0.010897 0.006206
0.000000 0.048889 0.071733 0.011330 0.048569 0.006984
0.000000 1.292080 0.040010 0.170597 0.009448 0.014758
0.000000 0.858348 0.011607 0.128112 0.010621 0.014996
0.000000 0.012993 0.033133 0.009754 0.010830 0.000141
0.000000 0.034493 0.052209 0.010204 0.021128 0.006197
0.000000 0.079036 0.027975 0.005723 0.013357 0.003809
0.000000 0.071646 0.083890 0.008999 0.006246 0.006571
0.000000 0.343151 0.036325 0.019528 0.001955 0.005112
0.000000 0.032879 0.036318 0.011135 0.010896 0.056206
0.000000 0.149183 0.026657 0.129104 0.014502 0.006198
0.000000 0.557896 0.014805 0.068357 0.031767 0.006228
0.000000 0.467510 0.037231 0.003158 0.000422 0.006307
0.000000 0.014287 0.013969 0.099287 0.003777 0.007374
0.000000 0.049714 0.072811 0.011346 0.048614 0.006984
0.000000 0.138750 0.006453 0.017485 0.009427 0.017305
0.000000 0.101483 0.008170 0.012418 0.009920 0.012676
0.000000 0.009917 0.012358 0.017176 0.009631 0.011620
0.000000 0.027805 0.003642 0.021245 0.010500 0.015485
0.000000 0.008132 0.008066 0.012280 0.005473 0.025592
0.000000 0.028767 0.001389 0.017166 0.000196 0.026465
0.000000 0.002320 0.024560 0.011610 0.008048 0.006536
0.000000 0.002818 0.035839 0.010556 0.005897 0.011049
0.000000 0.010513 0.010222 0.021309 0.005493 0.012888
0.000000 0.013095 0.027966 0.007720 0.011610 0.026297
0.000000 0.005515 0.014126 0.018998 0.011731 0.007477
0.000000 0.006420 0.010372 0.008414 0.012101 0.003886
0.000000 0.006815 0.003132 0.005697 0.018750 0.004343
0.000000 0.009706 0.002253 0.010746 0.007197 0.005165
0.000000 0.012379 0.010851 0.010989 0.008057 0.000364
0.000000 0.019260 0.013518 0.029734 0.016594 0.009221
0.000000 0.016716 0.013932 0.003954 0.002883 0.010257
0.000000 0.001260 0.004374 0.026685 0.002023 0.014656
0.000000 0.001370 0.012782 0.017436 0.020251 0.007447
0.000000 0.008875 0.029839 0.000253 0.017317 0.002070
0.000000 0.002814 0.004050 0.020472 0.005853 0.010526
0.000000 0.008409 0.010222 0.010578 0.004563 0.024529
0.000000 0.006557 0.010867 0.012301 0.001639 0.016588
0.000000 0.001718 0.012934 0.004302 0.009256 0.005146
0.000000 0.011804 0.004303 0.012173 0.007021 0.011152
0.000000 0.005101 0.001553 0.003354 0.002139 0.011134
0.000000 0.005818 0.004756 0.004863 0.002607 0.012916
0.000000 0.007811 0.000519 0.018909 0.013038 0.029048
0.000000 0.184915 0.072633 0.023704 0.003320 0.016952
0.000000 0.546730 0.085112 0.107232 0.006991 0.005508
0.000000 0.011704 0.000525 0.008053 0.009665 0.000665
0.000000 0.147118 0.001565 0.007328 0.001755 0.011637
0.000000 0.031288 0.015044 0.040571 0.002383 0.014218
0.000000 0.080027 0.026587 0.106074 0.001612 0.023396
0.000000 0.006107 0.003977 0.008688 0.002427 0.060903
0.000000 0.227833 0.001457 0.002072 0.002022 0.011632
0.000000 0.143437 0.015765 0.010067 0.022221 0.012288
0.000000 0.005192 0.050695 0.010085 0.000228 0.008309
0.000000 0.254175 0.009295 0.137196 0.000529 0.034594
0.000000 0.161818 0.036853 0.008595 0.003847 0.000816
0.000000 0.007811 0.000462 0.018909 0.013036 0.029048
0.000000 0.039386 0.026784 0.042405 0.012998 0.027531
0.000000 0.002601 0.007770 0.004487 0.009171 0.002607
0.000000 0.046215 0.000257 0.005780 0.003795 0.014799
0.000000 0.002029 0.015429 0.006495 0.003872 0.012680
0.000000 0.016834 0.022644 0.007002 0.002459 0.012782
0.000000 0.160800 0.010827 0.028411 0.002329 0.024293
0.000000 0.074227 0.000762 0.060025 0.003796 0.013360
0.000000 0.079360 0.003402 0.004194 0.001585 0.006117
0.000000 0.022225 0.010627 0.008154 0.005204 0.031464
0.000000 0.036622 0.006701 0.014689 0.007934 0.002886
0.000000 0.100129 0.005067 0.019718 0.011815 0.004957
0.000000 0.041644 0.009350 0.009141 0.000471 0.004208
0.000000 0.006533 0.001632 0.000647 0.005007 0.013382
0.000000 0.026580 0.001248 0.002224 0.004469 0.004802
0.000000 0.011427 0.012815 0.002638 0.002819 0.010743
0.000000 0.006397 0.008233 0.005231 0.001785 0.012688
0.000000 0.032028 0.005115 0.014822 0.002883 0.005750
0.000000 0.059758 0.001136 0.004051 0.004121 0.006076
0.000000 0.067544 0.005136 0.008042 0.002846 0.001912
0.000000 0.049314 0.002995 0.029015 0.001088 0.013753
0.000000 0.048489 0.001463 0.007458 0.004242 0.005637
0.000000 0.015952 0.010100 0.018231 0.003303 0.020874
0.000000 0.061580 0.000566 0.023146 0.006516 0.013192
0.000000 0.019218 0.012860 0.001638 0.002139 0.003903
0.000000 0.003285 0.008369 0.004460 0.003439 0.010486
0.000000 0.002847 0.018093 0.007677 0.003194 0.019642
0.000000 0.009892 0.003563 0.006294 0.005243 0.004643
0.000000 0.003042 0.009525 0.001510 0.002647 0.007024
0.000000 0.001277 0.020702 0.000951 0.002561 0.005161
0.000000 0.004343 0.042896 0.003948 0.004180 0.005328
0.000000 0.058419 0.011395 0.004399 0.002951 0.004394
0.000000 0.000151 0.001512 0.012125 0.004112 0.014916
0.000000 0.008665 0.000024 0.002990 0.006223 0.004249
0.000000 0.025079 0.028554 0.016696 0.016990 0.004087
0.000000 0.055336 0.002473 0.016290 0.004113 0.001659
0.000000 0.059281 0.001871 0.015611 0.004247 0.001805
0.000000 0.001551 0.001854 0.010264 0.001911 0.010151
0.000000 0.015526 0.016051 0.002555 0.007285 0.005500
0.000000 0.085401 0.002122 0.009489 0.009474 0.006584
0.000000 0.091875 0.012367 0.023997 0.003381 0.010406
0.000000 0.007615 0.022767 0.005398 0.004476 0.003473
0.000000 0.080087 0.001123 0.060325 0.004438 0.002925
0.000000 0.022812 0.006022 0.021452 0.014371 0.012517
0.000000 0.020958 0.005507 0.005323 0.003814 0.024600
0.000000 0.154480 0.006298 0.024985 0.003215 0.003226
0.000000 0.031693 0.000080 0.003574 0.006741 0.004098
0.000000 0.024773 0.028593 0.016532 0.016947 0.004093
0.000000 0.029580 0.006931 0.027436 0.000717 0.003971
0.000000 0.004522 0.005871 0.004133 0.008091 0.001657
0.000000 0.003998 0.011228 0.008592 0.013437 0.003932
0.000000 0.008486 0.023629 0.025436 0.013645 0.006110
0.000000 0.012841 0.022395 0.007481 0.008360 0.007475
0.000000 0.020844 0.023112 0.009622 0.008431 0.007578
0.000000 0.003260 0.000548 0.000986 0.013750 0.001645
0.000000 0.087711 0.005842 0.014822 0.005621 0.001124
0.000000 0.079075 0.004282 0.021186 0.013729 0.009998
0.000000 0.004643 0.003302 0.013947 0.006779 0.021501
0.000000 0.102087 0.002465 0.062367 0.006283 0.000351
0.000000 0.024260 0.008323 0.011655 0.004859 0.000160
0.000000 0.070199 0.012931 0.025448 0.004457 0.003105
0.000000 0.036687 0.007940 0.014880 0.012673 0.008025
0.000000 0.100776 0.028157 0.003184 0.001389 0.004228
0.000000 0.107508 0.040959 0.093535 0.003505 0.006489
0.000000 0.008064 0.023588 0.025468 0.013693 0.006113
0.000000 0.011568 0.011498 0.028416 0.002145 0.002941
0.000000 0.006321 0.008198 0.004819 0.007899 0.001857
0.000000 0.027065 0.012261 0.005267 0.009022 0.002464
0.000000 0.021346 0.005954 0.004986 0.008105 0.000954
0.000000 0.011035 0.000643 0.002095 0.013042 0.000144
0.000000 0.027133 0.006887 0.005819 0.008429 0.002659
0.000000 0.015032 0.006060 0.008082 0.008755 0.002259
0.000000 0.027500 0.007574 0.005543 0.007414 0.011649
0.000000 0.055286 0.005984 0.028601 0.008441 0.002061
0.000000 0.089867 0.007802 0.014655 0.013305 0.008128
0.000000 0.068498 0.009672 0.034100 0.001225 0.001066
0.000000 0.044533 0.011785 0.005860 0.001293 0.001910
0.000000 0.000306 0.000684 0.010894 0.005391 0.003492
0.000000 0.010120 0.004751 0.017102 0.008106 0.001367
0.000000 0.007379 0.006518 0.003778 0.008071 0.003377
0.000000 0.010028 0.007166 0.003732 0.006063 0.001476
0.000000 0.016039 0.011638 0.006779 0.007947 0.003575
0.000000 0.007199 0.003770 0.007641 0.007663 0.003121
0.000000 0.020570 0.009811 0.007990 0.008095 0.002616
0.000000 0.035864 0.011181 0.006403 0.008023 0.003012
0.000000 0.009559 0.005758 0.001693 0.008316 0.000560
0.000000 0.036149 0.002386 0.009649 0.007894 0.007064
0.000000 0.010951 0.001104 0.003868 0.008668 0.004682
0.000000 0.006856 0.008392 0.007027 0.008588 0.005350
0.000000 0.006501 0.001275 0.001146 0.008648 0.002174
0.000000 0.018270 0.001340 0.001786 0.011840 0.001969
0.000000 0.002954 0.005040 0.002351 0.007507 0.000614
0.000000 0.003375 0.006402 0.001305 0.002592 0.001717
0.000000 0.003366 0.009328 0.001469 0.002988 0.003397
0.000000 0.004419 0.001354 0.000493 0.006594 0.000199
0.000000 0.003872 0.017690 0.008342 0.006685 0.002631
0.000000 0.003776 0.001723 0.001532 0.007596 0.000734
0.000000 0.012453 0.004363 0.006418 0.006903 0.003311
0.000000 0.002304 0.003916 0.004128 0.007474 0.001513
0.000000 0.004623 0.000961 0.002470 0.006347 0.004411
0.000000 0.001632 0.001990 0.006301 0.004541 0.005395
0.000000 0.005109 0.002061 0.001780 0.004734 0.002066
0.000000 0.009966 0.006026 0.004735 0.003055 0.002270
0.000000 0.009965 0.001699 0.003337 0.003198 0.001521
0.000000 0.002383 0.001381 0.000021 0.007285 0.002011
0.000000 0.000804 0.002976 0.000750 0.004283 0.003430
0.000000 0.002641 0.006979 0.002300 0.002671 0.004838
0.000000 0.000132 0.003804 0.006458 0.007185 0.001842
0.000000 0.001198 0.000542 0.003108 0.005202 0.003586
0.000000 0.001050 0.003215 0.004544 0.003684 0.002559
0.000000 0.004807 0.001309 0.001537 0.004146 0.000801
0.000000 0.003380 0.001482 0.001371 0.002034 0.004327
0.000000 0.006989 0.003083 0.002820 0.000747 0.006857
0.000000 0.005032 0.001567 0.000432 0.001896 0.004924
0.000000 0.001073 0.002326 0.000031 0.000143 0.003441
0.000000 0.002871 0.004177 0.000039 0.003857 0.004155
0.000000 0.003103 0.009526 0.001681 0.003868 0.004166
0.000000 0.001745 0.002419 0.000556 0.002910 0.002329
0.000000 0.007066 0.000052 0.001981 0.001270 0.003883
0.000000 0.002061 0.001533 0.000842 0.003868 0.002520
0.000000 0.004889 0.000438 0.000535 0.004600 0.000424
0.000000 0.002347 0.001910 0.005915 0.003041 0.002255
0.000000 0.000206 0.001934 0.001932 0.003524 0.002483
0.000000 0.000269 0.001114 0.002999 0.001104 0.000952
0.000000 0.001018 0.001401 0.006059 0.000945 0.000366
0.000000 0.005184 0.001389 0.001308 0.000832 0.004246
0.000000 0.002352 0.000674 0.000072 0.003658 0.001380
0.000000 0.006278 0.000355 0.002676 0.001164 0.006017
0.000000 0.002042 0.001071 0.000484 0.003401 0.000903
0.000000 0.001939 0.001790 0.000079 0.000806 0.001154
0.000000 0.003293 0.004174 0.000255 0.000933 0.000014
0.000000 0.002588 0.002594 0.002562 0.002748 0.000536
0.000000 0.002453 0.000156 0.000784 0.000635 0.000507
0.000000 0.004713 0.001000 0.000753 0.000983 0.000500
0.000000 0.002245 0.001904 0.001380 0.001226 0.003823
0.000000 0.001039 0.000780 0.000396 0.001606 0.002733
0.000000 0.000169 0.001924 0.001336 0.000029 0.000866
0.000000 0.000353 0.003853 0.002966 0.001805 0.000059
0.000000 0.002191 0.002554 0.000958 0.000150 0.000655
0.000000 0.001921 0.000071 0.000727 0.001851 0.001423
0.000000 0.001398 0.002323 0.000805 0.001523 0.001142
0.000000 0.001845 0.001914 0.001640 0.002489 0.000884
0.000000 0.000884 0.001169 0.001110 0.001017 0.000888
0.000000 0.002702 0.004329 0.000235 0.000845 0.001191
0.000000 0.000966 0.000834 0.000777 0.000098 0.000789
0.000000 0.000076 0.002959 0.002364 0.000662 0.000853
0.000000 0.000184 0.000096 0.001659 0.000663 0.000927
0.000000 0.001554 0.000843 0.001547 0.001399 0.001380
0.000000 0.000885 0.001066 0.000532 0.002046 0.002436
0.000000 0.000833 0.001475 0.000735 0.000630 0.000248
0.000000 0.001673 0.001536 0.000610 0.001948 0.000547
0.000000 0.000768 0.001170 0.000643 0.000998 0.000055
0.000000 0.001853 0.000844 0.000430 0.002095 0.002588
0.000000 0.000693 0.000844 0.001049 0.000526 0.000388
0.000000 0.002293 0.000339 0.001279 0.000442 0.000332
0.000000 0.002144 0.001173 0.000698 0.000541 0.000105
0.000000 0.003092 0.002045 0.000057 0.000511 0.001054
0.000000 0.000945 0.000257 0.000973 0.000204 0.000014
0.000000 0.002110 0.000305 0.000703 0.000695 0.000593
0.000000 0.000715 0.000852 0.003251 0.000363 0.000237
0.000000 0.000050 0.001230 0.000192 0.000069 0.000591
0.000000 0.002089 0.000999 0.000986 0.000517 0.000036
0.000000 0.001063 0.000478 0.000772 0.000392 0.000454
0.000000 0.001394 0.000038 0.000493 0.001548 0.000368
0.000000 0.000821 0.000264 0.000646 0.000906 0.000053
0.000000 0.000481 0.001317 0.000308 0.000072 0.000651
0.000000 0.000251 0.000294 0.000353 0.000214 0.000423
0.000000 0.000806 0.001178 0.000163 0.000637 0.000759
0.000000 0.001476 0.000354 0.000374 0.000885 0.000349
0.000000 0.000918 0.000027 0.000443 0.000414 0.000249
0.000000 0.002148 0.001864 0.000155 0.000113 0.000629
0.000000 0.000190 0.000159 0.000620 0.000046 0.000434
0.000000 0.000265 0.000064 0.000224 0.000653 0.000754
0.000000 0.000423 0.000882 0.001154 0.000380 0.001367
0.000000 0.000475 0.000767 0.000061 0.000042 0.000147
0.000000 0.000306 0.000029 0.000102 0.000171 0.000112
0.000000 0.000986 0.000196 0.000535 0.000453 0.000058
0.000000 0.000351 0.000184 0.000164 0.000955 0.000661
0.000000 0.000784 0.000172 0.000773 0.000032 0.000755
0.000000 0.000103 0.001064 0.000249 0.000331 0.000219
0.000000 0.000905 0.000316 0.001082 0.000304 0.000079
0.000000 0.000361 0.000050 0.000309 0.000100 0.000546
0.000000 0.000463 0.000362 0.000439 0.000833 0.000012
0.000000 0.000360 0.001062 0.000073 0.000500 0.000370
0.000000 0.000011 0.000532 0.000207 0.000124 0.000258
0.000000 0.000891 0.000168 0.000179 0.000655 0.000344
0.000000 0.000462 0.000022 0.000284 0.000147 0.000272
0.000000 0.000432 0.000305 0.000216 0.000836 0.000675
0.000000 0.000239 0.000195 0.000277 0.000415 0.000159
0.000000 0.000243 0.000025 0.000575 0.000716 0.000239
0.000000 0.000113 0.000035 0.000375 0.000374 0.000009
0.000000 0.000601 0.001056 0.000369 0.000209 0.000700
0.000000 0.000209 0.000311 0.000138 0.000021 0.000066
0.000000 0.000161 0.000013 0.000316 0.000230 0.000027
0.000000 0.000472 0.000238 0.000616 0.000116 0.000215
0.000000 0.000155 0.000022 0.000078 0.000104 0.000357
0.000000 0.000383 0.000174 0.000156 0.000026 0.000108
0.000000 0.000212 0.000589 0.000099 0.000028 0.000034
0.000000 0.000158 0.000309 0.000023 0.000052 0.000039
0.000000 0.000312 0.000161 0.000256 0.000020 0.000106
0.000000 0.000234 0.000423 0.000381 0.000641 0.000060
0.000000 0.000128 0.000041 0.000115 0.000151 0.000105
0.000000 0.000184 0.000262 0.000543 0.000279 0.000113
0.000000 0.000038 0.000039 0.000144 0.000210 0.000036
0.000000 0.000420 0.000019 0.000060 0.000180 0.000267
0.000000 0.000182 0.000135 0.000103 0.000025 0.000014
0.000000 0.000403 0.000025 0.000199 0.000185 0.000288
0.000000 0.000131 0.000127 0.000140 0.000031 0.000008
0.000000 0.000151 0.000234 0.000302 0.000114 0.000146
0.000000 0.000088 0.000049 0.000158 0.000143 0.000057
0.000000 0.000233 0.000261 0.000049 0.000021 0.000259
0.000000 0.000058 0.000048 0.000048 0.000083 0.000203
0.000000 0.000201 0.000137 0.000217 0.000121 0.000067
0.000000 0.000339 0.000103 0.000004 0.000043 0.000008
0.000000 0.000175 0.000085 0.000030 0.000011 0.000035
0.000000 0.000326 0.000325 0.000156 0.000019 0.000046
0.000000 0.000069 0.000021 0.000123 0.000086 0.000062
0.000000 0.000802 0.000340 0.000404 0.000310 0.000142
0.000000 0.001185 0.000299 0.000396 0.000045 0.001340
0.000000 0.007821 0.000386 0.002862 0.000101 0.001305
0.000000 0.000090 0.000204 0.000062 0.000058 0.000080
0.000000 0.007788 0.000991 0.000187 0.000916 0.000118
0.000000 0.000523 0.001408 0.000257 0.000144 0.000180
0.000000 0.001401 0.002314 0.000165 0.000185 0.000052
0.000000 0.009599 0.000152 0.000306 0.000068 0.000334
0.000000 0.000922 0.000558 0.001340 0.000047 0.001979
0.000000 0.010494 0.000093 0.001402 0.000075 0.000743
0.000000 0.008961 0.000095 0.006519 0.000087 0.000157
0.000000 0.007005 0.000429 0.001485 0.000093 0.001146
0.000000 0.006656 0.000649 0.006256 0.000159 0.003532
0.000000 0.005068 0.001874 0.001846 0.000087 0.002105
0.000000 0.006603 0.001720 0.002152 0.000038 0.002012
0.000000 0.000095 0.000006 0.000281 0.000139 0.000094
0.000000 0.000006 0.000030 0.000038 0.000123 0.000050
0.000000 0.000106 0.000103 0.000272 0.000291 0.000012
0.000000 0.000072 0.000005 0.000019 0.000041 0.000081
0.000000 0.000153 0.000316 0.000075 0.000057 0.000036
0.000000 0.000030 0.000074 0.000065 0.000058 0.000069
0.000000 0.000173 0.000075 0.000024 0.000098 0.000151
0.000000 0.000095 0.000083 0.000084 0.000043 0.000028
0.000000 0.000075 0.000019 0.000050 0.000045 0.000073
0.000000 0.000064 0.000013 0.000036 0.000017 0.000105
0.000000 0.000188 0.000094 0.000082 0.000024 0.000082
0.000000 0.000050 0.000071 0.000085 0.000029 0.000014
0.000000 0.000309 0.000111 0.000039 0.000532 0.000173
0.000000 0.013308 0.000374 0.001745 0.000246 0.001287
0.000000 0.011789 0.000329 0.000940 0.000194 0.000921
0.000000 0.000172 0.000056 0.000042 0.000048 0.000033
0.000000 0.000085 0.000021 0.000039 0.000039 0.000034
0.000000 0.000555 0.000069 0.000211 0.000277 0.000107
0.000000 0.002070 0.000526 0.000347 0.000187 0.000607
0.000000 0.001278 0.000662 0.000160 0.000140 0.000611
0.000000 0.000066 0.000051 0.000073 0.000038 0.000001
0.000000 0.006947 0.000022 0.003466 0.000295 0.000012
0.000000 0.000439 0.001451 0.000009 0.000061 0.000037
0.000000 0.000219 0.000215 0.000278 0.000021 0.000972
0.000000 0.002192 0.001238 0.000231 0.000142 0.000030
0.000000 0.006112 0.000022 0.001097 0.000296 0.000015
0.000000 0.007851 0.000058 0.000691 0.000323 0.000143
0.000000 0.006296 0.000156 0.001790 0.001104 0.000057
0.000000 0.014170 0.001309 0.000566 0.000937 0.000001
0.000000 0.000643 0.000172 0.000325 0.000261 0.000278
0.000000 0.002607 0.001162 0.001182 0.000985 0.001110
0.000000 0.000880 0.000511 0.000213 0.000036 0.000010
0.000000 0.000106 0.000061 0.000072 0.000017 0.000026
0.000000 0.000056 0.000025 0.000033 0.000002 0.000027
0.000000 0.000018 0.000023 0.000050 0.000127 0.000002
0.000000 0.000015 0.000010 0.000028 0.000065 0.000011
0.000000 0.000111 0.000037 0.000213 0.000254 0.000036
0.000000 0.001641 0.000025 0.000355 0.000218 0.000955
0.000000 0.001712 0.000015 0.000338 0.000215 0.000953
0.000000 0.000007 0.000098 0.000061 0.000092 0.000036
0.000000 0.000023 0.000031 0.000033 0.000021 0.000043
0.000000 0.000050 0.000093 0.000048 0.000276 0.000140
0.000000 0.001610 0.000556 0.000550 0.000208 0.000673
0.000000 0.001434 0.000331 0.000551 0.000223 0.000671
0.000000 0.000108 0.000000 0.000034 0.000009 0.000175
0.000000 0.000023 0.000009 0.000019 0.000015 0.000035
0.000000 0.000162 0.000129 0.000025 0.000121 0.000269
0.000000 0.001604 0.001272 0.000071 0.000266 0.000055
0.000000 0.003385 0.002065 0.000311 0.000023 0.001919
0.000000 0.000061 0.000010 0.000070 0.000027 0.000030
0.000000 0.001547 0.000006 0.000529 0.000048 0.001040
0.000000 0.008460 0.000886 0.000272 0.000988 0.000096
0.000000 0.001260 0.001435 0.000678 0.000230 0.000192
0.000000 0.001421 0.000277 0.000592 0.000123 0.000214
0.000000 0.009250 0.000020 0.000249 0.000024 0.000045
0.000000 0.000119 0.000905 0.001045 0.000275 0.000292
0.000000 0.002621 0.001497 0.001149 0.000218 0.000307
0.000000 0.003834 0.000951 0.000906 0.000274 0.000291
0.000000 0.011750 0.001507 0.001243 0.000172 0.000453
0.000000 0.000162 0.000129 0.000025 0.000121 0.000269
0.000000 0.001213 0.000187 0.000021 0.000009 0.000580
0.000000 0.001662 0.000111 0.000071 0.000021 0.000784
0.000000 0.000061 0.000082 0.000068 0.000048 0.000019
0.000000 0.000022 0.000033 0.000046 0.000010 0.000015
0.000000 0.000085 0.000004 0.000051 0.000035 0.000065
0.000000 0.000033 0.000003 0.000001 0.000022 0.000044
0.000000 0.001053 0.000007 0.000678 0.000014 0.000037
0.000000 0.000665 0.000241 0.000008 0.000002 0.000096
0.000000 0.000970 0.000017 0.000014 0.000016 0.000522
0.000000 0.000564 0.000597 0.000033 0.000009 0.000168
0.000000 0.001924 0.000164 0.000261 0.000023 0.000088
0.000000 0.003689 0.000021 0.000107 0.000014 0.000411
0.000000 0.003813 0.000484 0.000020 0.000515 0.000037
0.000000 0.004608 0.000003 0.000117 0.000012 0.000200
0.000000 0.001634 0.000271 0.000629 0.000023 0.000231
0.000000 0.000857 0.000059 0.000180 0.000095 0.000010
0.000000 0.000898 0.000059 0.000181 0.000095 0.000001
0.000000 0.000087 0.000065 0.000123 0.000037 0.000028
0.000000 0.000028 0.000022 0.000024 0.000020 0.000007
0.000000 0.000092 0.000017 0.000004 0.000055 0.000013
0.000000 0.000041 0.000011 0.000028 0.000015 0.000022
0.000000 0.000079 0.000006 0.000045 0.000046 0.000063
0.000000 0.000026 0.000006 0.000041 0.000009 0.000006
0.000000 0.000058 0.000026 0.000076 0.000015 0.000001
0.000000 0.000027 0.000012 0.000006 0.000005 0.000020
0.000000 0.000014 0.000010 0.000006 0.000063 0.000016
0.000000 0.000032 0.000041 0.000006 0.000012 0.000022
0.000000 0.000001 0.000008 0.000018 0.000073 0.000005
0.000000 0.000010 0.000010 0.000009 0.000029 0.000011
0.000000 0.000043 0.000021 0.000031 0.000015 0.000005
0.000000 0.000009 0.000010 0.000009 0.000019 0.000047
0.000000 0.000033 0.000036 0.000049 0.000020 0.000008
0.000000 0.000024 0.000006 0.000011 0.000006 0.000006
0.000000 0.000023 0.000037 0.000022 0.000018 0.000014
0.000000 0.000053 0.000009 0.000014 0.000008 0.000033
0.000000 0.000017 0.000006 0.000018 0.000009 0.000008
0.000000 0.000038 0.000042 0.000009 0.000013 0.000026
0.000000 0.000008 0.000017 0.000014 0.000010 0.000004
0.000000 0.000024 0.000012 0.000006 0.000016 0.000047
0.000000 0.000001 0.000005 0.000008 0.000010 0.000023
0.000000 0.000019 0.000051 0.000005 0.000013 0.000010
0.000000 0.001076 0.000524 0.000076 0.000072 0.000062
0.000000 0.000969 0.000510 0.000043 0.000083 0.000065
0.000000 0.000018 0.000007 0.000034 0.000005 0.000003
0.000000 0.000391 0.000015 0.000314 0.000003 0.000010
0.000000 0.000407 0.000024 0.000035 0.000001 0.000025
0.000000 0.001606 0.000288 0.000016 0.000206 0.000036
0.000000 0.000126 0.000300 0.000079 0.000051 0.000142
0.000000 0.000104 0.000136 0.000009 0.000021 0.000047
0.000000 0.000173 0.000082 0.000023 0.000079 0.000193
0.000000 0.000736 0.000024 0.000071 0.000010 0.000005
0.000000 0.002356 0.000031 0.000032 0.000001 0.000017
0.000000 0.001116 0.000275 0.000005 0.000071 0.000053
0.000000 0.000093 0.000165 0.000122 0.000057 0.000021
0.000000 0.002255 0.000062 0.000002 0.000070 0.000194
0.000000 0.000025 0.000009 0.000025 0.000021 0.000041
0.000000 0.000011 0.000005 0.000008 0.000006 0.000016
0.000000 0.000034 0.000026 0.000025 0.000029 0.000006
0.000000 0.000012 0.000010 0.000012 0.000008 0.000003
0.000000 0.000019 0.000010 0.000041 0.000014 0.000003
0.000000 0.000009 0.000002 0.000015 0.000000 0.000001
0.000000 0.000033 0.000013 0.000011 0.000015 0.000024
0.000000 0.000012 0.000006 0.000002 0.000000 0.000009
0.000000 0.000010 0.000013 0.000007 0.000027 0.000016
0.000000 0.000005 0.000004 0.000005 0.000015 0.000004
0.000000 0.000029 0.000005 0.000017 0.000014 0.000003
0.000000 0.000011 0.000003 0.000004 0.000001 0.000003
0.000000 0.000019 0.000006 0.000017 0.000004 0.000014
0.000000 0.000008 0.000003 0.000009 0.000006 0.000003
0.000000 0.000002 0.000007 0.000007 0.000006 0.000025
0.000000 0.000000 0.000002 0.000004 0.000006 0.000011
0.000000 0.000011 0.000020 0.000016 0.000007 0.000006
0.000000 0.000003 0.000008 0.000007 0.000006 0.000001
0.000000 0.000012 0.000005 0.000010 0.000012 0.000018
0.000000 0.000005 0.000002 0.000003 0.000001 0.000008
0.000000 0.000012 0.000019 0.000026 0.000002 0.000020
0.000000 0.000779 0.000068 0.000035 0.000105 0.000012
0.000000 0.000799 0.000068 0.000034 0.000105 0.000013
0.000000 0.000015 0.000012 0.000013 0.000015 0.000004
0.000000 0.000005 0.000004 0.000005 0.000002 0.000001
0.000000 0.000006 0.000011 0.000032 0.000003 0.000028
0.000000 0.001045 0.000048 0.000026 0.000102 0.000004
0.000000 0.000975 0.000072 0.000024 0.000092 0.000003
0.000000 0.000009 0.000005 0.000020 0.000008 0.000002
0.000000 0.000004 0.000001 0.000007 0.000002 0.000000
0.000000 0.000033 0.000010 0.000010 0.000012 0.000002
0.000000 0.000580 0.000295 0.000276 0.000018 0.000189
0.000000 0.000116 0.000070 0.000077 0.000006 0.000201
0.000000 0.000007 0.000007 0.000004 0.000011 0.000006
0.000000 0.000004 0.000004 0.000001 0.000005 0.000004
0.000000 0.000357 0.000008 0.000032 0.000008 0.000002
0.000000 0.000096 0.000086 0.000031 0.000040 0.000023
0.000000 0.001702 0.000142 0.000088 0.000100 0.000058
0.000000 0.000199 0.000091 0.000147 0.000062 0.000039
0.000000 0.000222 0.000054 0.000042 0.000035 0.000030
0.000000 0.001312 0.000029 0.000072 0.000078 0.000062
0.000000 0.000133 0.000089 0.000066 0.000044 0.000101
0.000000 0.000005 0.000146 0.000005 0.000002 0.000001
0.000000 0.000090 0.000008 0.000019 0.000003 0.000039
0.000000 0.000286 0.000013 0.000012 0.000016 0.000012
0.000000 0.000272 0.000036 0.000011 0.000015 0.000012
0.000000 0.000013 0.000004 0.000003 0.000003 0.000014
0.000000 0.000006 0.000004 0.000001 0.000001 0.000003
0.000000 0.000009 0.000001 0.000010 0.000005 0.000008
0.000000 0.000004 0.000002 0.000004 0.000003 0.000000
0.000000 0.000000 0.000005 0.000005 0.000005 0.000009
0.000000 0.000004 0.000005 0.000011 0.000008 0.000001
0.000000 0.000001 0.000005 0.000002 0.000002 0.000001
0.000000 0.000000 0.000003 0.000003 0.000005 0.000011
0.000000 0.000000 0.000003 0.000003 0.000003 0.000004
0.000000 0.000013 0.000001 0.000002 0.000000 0.000003
0.000000 0.000005 0.000002 0.000003 0.000001 0.000002
0.000000 0.000005 0.000012 0.000003 0.000000 0.000002
0.000000 0.000265 0.000016 0.000051 0.000016 0.000008
0.000000 0.000230 0.000017 0.000059 0.000017 0.000001
0.000000 0.000007 0.000006 0.000007 0.000001 0.000009
0.000000 0.000002 0.000000 0.000001 0.000001 0.000003
0.000000 0.000013 0.000015 0.000004 0.000011 0.000016
0.000000 0.000206 0.000028 0.000003 0.000020 0.000009
0.000000 0.000203 0.000028 0.000003 0.000020 0.000011
0.000000 0.000003 0.000001 0.000001 0.000005 0.000005
0.000000 0.000055 0.000166 0.000036 0.000019 0.000001
0.000000 0.000396 0.000064 0.000003 0.000050 0.000010
0.000000 0.000063 0.000019 0.000062 0.000001 0.000012
0.000000 0.000338 0.000077 0.000010 0.000006 0.000049
0.000000 0.000508 0.000048 0.000003 0.000004 0.000026
0.000000 0.000072 0.000004 0.000016 0.000002 0.000027
0.000000 0.000147 0.000001 0.000010 0.000001 0.000003
0.000000 0.000057 0.000124 0.000027 0.000001 0.000035
0.000000 0.000009 0.000013 0.000005 0.000005 0.000026
0.000000 0.000027 0.000022 0.000013 0.000009 0.000001
0.000000 0.000020 0.000022 0.000012 0.000009 0.000001
0.000000 0.000007 0.000008 0.000004 0.000004 0.000001
0.000000 0.000002 0.000001 0.000003 0.000000 0.000001
0.000000 0.000005 0.000004 0.000006 0.000000 0.000002
0.000000 0.000002 0.000001 0.000003 0.000001 0.000001
0.000000 0.000007 0.000001 0.000001 0.000001 0.000002
0.000000 0.000001 0.000004 0.000000 0.000004 0.000005
0.000000 0.000000 0.000003 0.000000 0.000002 0.000002
0.000000 0.000007 0.000005 0.000000 0.000001 0.000001
0.000000 0.000004 0.000000 0.000001 0.000001 0.000001
0.000000 0.000006 0.000001 0.000007 0.000004 0.000001
0.000000 0.000001 0.000002 0.000001 0.000001 0.000000
0.000000 0.000004 0.000001 0.000001 0.000001 0.000002
0.000000 0.000000 0.000001 0.000003 0.000004 0.000005
0.000000 0.000000 0.000002 0.000002 0.000001 0.000002
0.000000 0.000002 0.000003 0.000004 0.000003 0.000001
0.000000 0.000001 0.000003 0.000001 0.000001 0.000000
0.000000 0.000005 0.000002 0.000003 0.000001 0.000002
0.000000 0.000002 0.000001 0.000000 0.000000 0.000001
0.000000 0.000004 0.000002 0.000001 0.000001 0.000001
0.000000 0.000002 0.000001 0.000001 0.000000 0.000000
0.000000 0.000003 0.000002 0.000004 0.000003 0.000003
0.000000 0.000030 0.000012 0.000011 0.000003 0.000002
0.000000 0.000016 0.000012 0.000011 0.000003 0.000002
0.000000 0.000000 0.000001 0.000001 0.000002 0.000003
0.000000 0.000064 0.000007 0.000006 0.000000 0.000000
0.000000 0.000055 0.000009 0.000004 0.000001 0.000001
0.000000 0.000053 0.000019 0.000009 0.000001 0.000020
0.000000 0.000227 0.000001 0.000004 0.000000 0.000001
0.000000 0.000161 0.000025 0.000001 0.000020 0.000001
0.000000 0.000096 0.000062 0.000030 0.000004 0.000002
0.000000 0.000168 0.000062 0.000034 0.000005 0.000010
0.000000 0.000199 0.000002 0.000023 0.000002 0.000002
0.000000 0.000121 0.000014 0.000000 0.000009 0.000003
0.000000 0.000090 0.000017 0.000013 0.000013 0.000012
0.000000 0.000030 0.000003 0.000012 0.000007 0.000012
0.000000 0.000003 0.000001 0.000003 0.000000 0.000000
0.000000 0.000001 0.000001 0.000002 0.000001 0.000001
0.000000 0.000001 0.000003 0.000000 0.000002 0.000002
0.000000 0.000000 0.000000 0.000001 0.000001 0.000001
0.000000 0.000002 0.000004 0.000003 0.000001 0.000001
0.000000 0.000001 0.000000 0.000002 0.000000 0.000001
0.000000 0.000002 0.000003 0.000002 0.000002 0.000005
0.000000 0.000001 0.000001 0.000000 0.000000 0.000001
0.000000 0.000000 0.000000 0.000001 0.000002 0.000001
0.000000 0.000001 0.000002 0.000001 0.000000 0.000000
0.000000 0.000001 0.000000 0.000002 0.000001 0.000001
0.000000 0.000001 0.000000 0.000001 0.000001 0.000000
0.000000 0.000005 0.000002 0.000003 0.000004 0.000003
0.000000 0.000053 0.000010 0.000006 0.000012 0.000000
0.000000 0.000044 0.000009 0.000005 0.000013 0.000002
0.000000 0.000002 0.000002 0.000002 0.000000 0.000000
0.000000 0.000000 0.000001 0.000001 0.000001 0.000000
0.000000 0.000126 0.000005 0.000008 0.000005 0.000003
0.000000 0.000008 0.000011 0.000001 0.000001 0.000001
0.000000 0.000055 0.000022 0.000016 0.000013 0.000003
0.000000 0.000026 0.000026 0.000001 0.000005 0.000002
0.000000 0.000092 0.000014 0.000009 0.000021 0.000006
0.000000 0.000083 0.000008 0.000001 0.000009 0.000007
0.000000 0.000178 0.000024 0.000011 0.000018 0.000010
0.000000 0.000228 0.000000 0.000004 0.000001 0.000001
0.000000 0.000336 0.000012 0.000002 0.000003 0.000004
0.000000 0.000034 0.000010 0.000004 0.000007 0.000004
0.000000 0.000030 0.000009 0.000003 0.000007 0.000009
0.000000 0.000000 0.000002 0.000001 0.000001 0.000000
0.000000 0.000000 0.000001 0.000001 0.000001 0.000000
0.000000 0.000030 0.000002 0.000004 0.000001 0.000002
0.000000 0.000018 0.000001 0.000007 0.000002 0.000000
0.000000 0.000023 0.000015 0.000001 0.000003 0.000001
0.000000 0.000005 0.000009 0.000000 0.000004 0.000003
0.000000 0.000037 0.000012 0.000001 0.000002 0.000002
0.000000 0.000017 0.000005 0.000002 0.000002 0.000006
0.000000 0.000091 0.000000 0.000001 0.000001 0.000001
0.000000 0.000085 0.000009 0.000000 0.000009 0.000001
0.000000 0.000044 0.000002 0.000003 0.000000 0.000005
0.000000 0.000004 0.000003 0.000004 0.000000 0.000002
0.000000 0.000044 0.000002 0.000007 0.000000 0.000001
0.000000 0.000001 0.000002 0.000001 0.000001 0.000002
0.000000 0.000000 0.000000 0.000000 0.000002 0.000001
0.000000 0.000001 0.000001 0.000002 0.000001 0.000001
0.000000 0.000001 0.000000 0.000001 0.000000 0.000000
0.000000 0.000002 0.000000 0.000001 0.000001 0.000000
0.000000 0.000001 0.000000 0.000001 0.000001 0.000000
0.000000 0.000002 0.000000 0.000000 0.000001 0.000001
0.000000 0.000001 0.000000 0.000000 0.000001 0.000001
0.000000 0.000001 0.000001 0.000000 0.000000 0.000001
0.000000 0.000000 0.000001 0.000000 0.000000 0.000000
0.000000 0.000001 0.000001 0.000000 0.000000 0.000001
0.000000 0.000000 0.000001 0.000000 0.000000 0.000000
0.000000 0.000001 0.000001 0.000000 0.000000 0.000000
0.000000 0.000001 0.000000 0.000001 0.000000 0.000000
0.000000 0.000002 0.000000 0.000001 0.000000 0.000000
0.000000 0.000000 0.000001 0.000000 0.000001 0.000000
0.000000 0.000000 0.000002 0.000002 0.000001 0.000000
0.000000 0.000008 0.000011 0.000001 0.000005 0.000001
0.000000 0.000006 0.000009 0.000001 0.000005 0.000001
0.000000 0.000000 0.000001 0.000001 0.000000 0.000001
0.000000 0.000000 0.000001 0.000001 0.000000 0.000000
0.000000 0.000018 0.000005 0.000001 0.000001 0.000001
0.000000 0.000011 0.000005 0.000000 0.000001 0.000002
0.000000 0.000022 0.000001 0.000001 0.000001 0.000001
0.000000 0.000011 0.000002 0.000007 0.000001 0.000000
0.000000 0.000035 0.000008 0.000000 0.000005 0.000000
0.000000 0.000035 0.000006 0.000003 0.000002 0.000001
0.000000 0.000021 0.000000 0.000001 0.000002 0.000001
0.000000 0.000062 0.000003 0.000002 0.000001 0.000001
0.000000 0.000112 0.000010 0.000012 0.000005 0.000002
0.000000 0.000010 0.000002 0.000001 0.000002 0.000000
0.000000 0.000011 0.000002 0.000000 0.000002 0.000000
0.000000 0.000000 0.000000 0.000001 0.000001 0.000002
0.000000 0.000001 0.000001 0.000000 0.000000 0.000001
0.000000 0.000015 0.000001 0.000000 0.000002 0.000000
0.000000 0.000001 0.000000 0.000000 0.000000 0.000001
0.000000 0.000003 0.000001 0.000003 0.000000 0.000000
0.000000 0.000030 0.000000 0.000000 0.000000 0.000000
0.000000 0.000000 0.000004 0.000000 0.000001 0.000000
0.000000 0.000011 0.000002 0.000000 0.000000 0.000000
0.000000 0.000014 0.000001 0.000001 0.000000 0.000000
0.000000 0.000002 0.000002 0.000000 0.000000 0.000000
0.000000 0.000005 0.000002 0.000000 0.000000 0.000000
0.000000 0.000000 0.000000 0.000001 0.000000 0.000000
0.000000 0.000004 0.000000 0.000001 0.000000 0.000000
0.000000 0.000002 0.000001 0.000001 0.000000 0.000001
0.000000 0.000000 0.000000 0.000000 0.000000 0.000001
0.000000 0.000000 0.000000 0.000000 0.000001 0.000000
0.000000 0.000001 0.000000 0.000001 -0.000000 0.000000
0.000000 0.000001 0.000000 0.000001 0.000000 0.000000
0.000000 0.000001 0.000001 0.000000 0.000000 0.000001
0.000000 0.000016 0.000001 0.000001 0.000001 0.000000
0.000000 0.000009 0.000002 0.000000 0.000001 0.000000
0.000000 0.000000 0.000001 0.000002 0.000001 0.000000
0.000000 0.000001 0.000000 0.000000 0.000000 0.000000
0.000000 0.000013 0.000001 0.000000 0.000000 0.000000
0.000000 0.000001 0.000001 0.000000 0.000000 0.000000
0.000000 0.000004 0.000001 0.000001 0.000000 0.000000
0.000000 0.000016 0.000002 0.000000 0.000002 0.000000
0.000000 0.000006 0.000000 0.000000 0.000000 0.000000
0.000000 0.000000 0.000001 0.000000 0.000001 0.000000
0.000000 0.000000 0.000001 0.000000 0.000000 0.000000
0.000000 0.000001 0.000000 0.000000 0.000001 0.000001
0.000000 0.000001 0.000001 0.000000 0.000000 0.000000
0.000000 0.000002 0.000000 0.000000 0.000001 0.000000
0.000000 0.000003 0.000001 0.000001 0.000001 0.000000
0.000000 0.000001 0.000000 0.000000 0.000000 0.000000
0.000000 0.000006 0.000001 0.000000 0.000001 0.000000
0.000000 0.000003 0.000001 0.000000 0.000000 -0.000000
0.000000 0.000000 0.000001 0.000000 0.000000 0.000000
0.000000 0.000002 0.000001 0.000000 0.000000 0.000000
0.000000 0.000000 0.000000 0.000000 0.000000 0.000000
0.000000 0.000002 0.000002 0.000000 0.000000 0.000000
0.000000 0.000000 0.000000 0.000000 0.000001 0.000000
0.000000 0.000004 0.000001 0.000000 0.000000 0.000000
0.000000 0.000004 0.000001 0.000000 0.000000 0.000000
0.000000 0.000000 0.000000 0.000000 0.000000 0.000000
0.000000 0.000000 0.000000 0.000000 0.000000 0.000000
0.000000 0.000000 0.000000 0.000000 0.000000 0.000000
0.000000 0.000000 0.000000 0.000000 0.000000 0.000000
0.000000 0.000001 0.000001 0.000000 0.000001 0.000000
0.000000 0.000000 -0.000000 0.000000 0.000000 0.000000
0.000000 0.000000 0.000000 0.000000 0.000000 0.000001
0.000000 0.000000 0.000000 0.000000 0.000000 0.000000
0.000000 0.000000 0.000000 0.000000 0.000000 0.000000
0.000000 0.000000 0.000000 0.000000 0.000000 0.000000
0.000000 0.000000 0.000000 0.000001 0.000000 0.000000
0.000000 0.000000 0.000000 0.000000 0.000000 0.000000
0.000000 0.000001 0.000000 0.000000 0.000000 0.000000
0.000000 0.000000 0.000000 0.000000 0.000000 0.000000
0.000000 0.000000 0.000001 0.000000 0.000000 0.000000
0.000000 0.000000 0.000000 0.000000 0.000000 0.000000
0.000000 0.000000 0.000000 -0.000000 0.000000 0.000000
0.000000 0.000000 0.000000 -0.000000 0.000000 0.000000
0.000000 0.000000 0.000000 0.000000 0.000000 0.000000
0.000000 0.000000 0.000000 0.000000 0.000000 0.000000
0.000000 0.000002 0.000000 0.000001 0.000000 0.000000
0.000000 0.000003 0.000001 0.000000 0.000000 0.000000
0.000000 0.000004 0.000000 -0.000000 0.000000 0.000000
0.000000 0.000003 0.000000 0.000000 0.000000 0.000000
0.000000 0.000000 0.000001 0.000000 0.000000 0.000000
0.000000 0.000006 0.000000 0.000000 0.000000 0.000000
0.000000 0.000003 0.000001 0.000000 0.000001 0.000000
0.000000 0.000001 0.000000 0.000000 0.000000 0.000000
0.000000 0.000004 0.000000 0.000001 0.000001 0.000000
0.000000 0.000000 0.000000 0.000000 0.000000 0.000000
0.000000 0.000000 0.000000 0.000000 0.000000 0.000000
0.000000 0.000000 0.000000 0.000000 0.000000 0.000000
0.000000 0.000000 0.000000 0.000000 0.000000 0.000000
0.000000 0.000000 0.000000 0.000000 0.000000 0.000000
0.000000 0.000001 0.000000 0.000000 0.000000 0.000000
0.000000 0.000001 0.000001 0.000000 0.000000 0.000000
0.000000 0.000001 0.000000 0.000000 0.000000 0.000000
0.000000 0.000000 0.000000 0.000000 0.000000 0.000000
0.000000 0.000002 0.000001 0.000000 0.000001 0.000000
0.000000 0.000000 0.000000 0.000000 0.000001 0.000000
0.000000 0.000005 0.000000 0.000000 0.000001 0.000000
0.000000 0.000001 0.000000 0.000000 0.000001 0.000000
0.000000 0.000003 0.000001 0.000000 0.000000 0.000000
0.000000 0.000002 0.000001 0.000000 0.000000 0.000000
0.000000 0.000001 0.000000 0.000000 0.000000 0.000000
0.000000 0.000001 0.000001 0.000000 0.000000 0.000000
0.000000 -0.000000 0.000000 0.000000 0.000000 0.000000
0.000000 0.000000 0.000000 0.000000 0.000000 0.000000
0.000000 0.000000 0.000000 -0.000000 0.000000 0.000000
0.000000 0.000000 0.000000 0.000000 0.000000 0.000000
0.000000 0.000001 0.000000 0.000000 0.000000 0.000000
0.000000 0.000002 0.000000 0.000000 0.000000 0.000000
0.000000 0.000000 0.000000 0.000000 0.000000 0.000000
0.000000 0.000000 0.000000 0.000000 0.000000 0.000000
0.000000 0.000001 0.000000 0.000000 0.000000 0.000000
0.000000 0.000000 0.000000 0.000000 0.000000 0.000000
0.000000 0.000000 0.000000 0.000000 0.000000 0.000000
0.000000 0.000001 0.000000 0.000000 0.000000 0.000000
0.000000 0.000000 0.000000 0.000000 0.000000 0.000000
0.000000 0.000001 0.000001 -0.000000 0.000000 0.000000
0.000000 0.000003 0.000000 0.000000 0.000001 0.000000
0.000000 0.000001 0.000000 0.000000 0.000000 0.000000
0.000000 0.000001 0.000000 0.000000 0.000000 0.000000
0.000000 0.000000 0.000000 0.000000 0.000000 0.000000
0.000000 0.000001 0.000000 0.000000 0.000000 0.000000
0.000000 0.000000 0.000000 0.000000 0.000000 0.000000
0.000000 0.000000 0.000000 0.000000 0.000000 0.000000
0.000000 0.000000 0.000000 0.000000 0.000000 0.000000
0.000000 0.000001 0.000000 0.000000 0.000000 0.000000
0.000000 0.000000 0.000000 0.000000 0.000000 0.000000
0.000000 0.000000 0.000000 0.000000 0.000000 0.000000
0.000000 0.000001 0.000000 0.000000 0.000000 0.000000
0.000000 0.000001 0.000000 0.000000 0.000000 0.000000
0.000000 0.000001 0.000000 0.000000 0.000000 0.000000
0.000000 0.000000 0.000001 0.000000 0.000000 0.000000
0.000000 0.000000 0.000000 0.000000 0.000000 0.000000
0.000000 0.000001 0.000001 -0.000000 0.000000 0.000000
0.000000 0.000001 0.000000 0.000000 0.000000 0.000000
0.000000 0.000000 0.000000 0.000000 0.000000 0.000000
0.000000 0.000001 0.000000 0.000000 0.000000 0.000000
0.000000 0.000000 0.000000 -0.000000 0.000000 0.000000
0.000000 0.000000 0.000000 0.000000 0.000000 0.000000
0.000000 0.000000 0.000000 0.000000 0.000000 0.000000
0.000000 0.000000 0.000000 0.000000 0.000000 0.000000
0.000000 0.000000 0.000000 0.000000 0.000000 0.000000
0.000000 0.000000 0.000000 0.000000 0.000000 0.000000
0.000000 0.000000 0.000000 0.000000 0.000000 0.000000
0.000000 0.000000 0.000000 0.000000 0.000000 0.000000
0.000000 0.000000 0.000000 0.000000 0.000000 0.000000
0.000000 0.000000 0.000000 0.000000 0.000000 0.000000
0.000000 0.000000 0.000001 0.000000 0.000000 0.000000
0.000000 0.000000 0.000001 0.000000 0.000000 0.000000
0.000000 0.000000 0.000000 0.000000 0.000000 0.000000
0.000000 0.000000 0.000000 0.000000 0.000000 0.000000
0.000000 0.000000 0.000000 0.000000 0.000000 0.000000
0.000000 0.000000 0.000000 0.000000 0.000000 0.000000
0.000000 0.000000 0.000000 0.000000 0.000000 0.000000
0.000000 0.000000 0.000000 0.000000 0.000000 0.000000
0.000000 0.000000 0.000000 0.000000 0.000000 0.000000
0.000000 0.000000 0.000000 0.000000 0.000000 0.000000
0.000000 0.000000 0.000000 0.000000 0.000000 0.000000
0.000000 0.000000 0.000000 0.000000 0.000000 0.000000
0.000000 0.000000 0.000000 0.000000 0.000000 0.000000
0.000000 0.000000 0.000001 0.000000 0.000000 0.000000
0.000000 0.000000 0.000001 -0.000000 0.000000 0.000000
0.000000 0.000000 0.000000 0.000000 0.000000 0.000000
0.000000 0.000000 0.000000 0.000000 0.000000 0.000000
0.000000 0.000000 0.000000 0.000000 0.000000 0.000000
0.000000 0.000000 0.000000 0.000000 0.000000 0.000000
0.000000 0.000000 0.000000 0.000000 0.000000 0.000000
0.000000 0.000000 0.000000 0.000000 0.000000 0.000000
0.000000 0.000000 0.000000 0.000000 0.000000 0.000000
0.000000 0.000000 0.000000 0.000000 0.000000 0.000000
0.000000 0.000000 0.000000 0.000000 0.000000 0.000000
0.000000 0.000000 0.000000 0.000000 0.000000 0.000000
0.000000 0.000000 0.000000 0.000000 0.000000 0.000000
0.000000 0.000000 0.000001 0.000000 0.000000 0.000000
0.000000 0.000000 0.000001 0.000000 0.000000 0.000000
0.000000 0.000000 0.000000 0.000000 0.000000 0.000000
0.000000 0.000000 0.000000 0.000000 0.000000 0.000000
0.000000 0.000000 0.000000 0.000000 0.000000 0.000000
0.000000 0.000000 0.000000 0.000000 0.000000 0.000000
0.000000 0.000000 0.000000 0.000000 0.000000 0.000000
0.000000 0.000000 0.000000 0.000000 0.000000 0.000000
0.000000 0.000000 0.000000 0.000000 0.000000 0.000000
0.000000 0.000000 0.000000 0.000000 0.000000 0.000000
0.000000 0.000000 0.000000 0.000000 0.000000 0.000000
0.000000 0.000000 0.000000 0.000000 0.000000 0.000000
0.000000 0.000000 0.000000 0.000000 0.000000 0.000000
0.000000 0.000000 0.000001 0.000000 0.000000 0.000000
0.000000 0.000000 0.000001 0.000000 0.000000 0.000000
0.000000 0.000000 0.000000 0.000000 0.000000 0.000000
0.000000 0.000000 0.000000 0.000000 0.000000 0.000000
0.000000 0.000000 0.000000 0.000000 0.000000 0.000000
0.000000 0.000000 0.000000 0.000000 0.000000 0.000000
0.000000 0.000000 0.000000 0.000000 0.000000 0.000000
0.000000 0.000000 0.000000 0.000000 0.000000 0.000000
0.000000 0.000000 0.000000 0.000000 0.000000 0.000000
0.000000 0.000000 0.000000 0.000000 0.000000 0.000000
0.000000 0.000000 0.000000 0.000000 0.000000 0.000000
0.000000 0.000000 0.000000 0.000000 0.000000 0.000000
0.000000 0.000000 0.000000 0.000000 0.000000 0.000000
0.000000 0.000000 0.000001 0.000000 0.000000 0.000000
0.000000 0.000000 0.000001 0.000000 0.000000 0.000000
0.000000 0.000000 0.000000 0.000000 0.000000 0.000000
0.000000 0.000000 0.000000 0.000000 0.000000 0.000000
0.000000 0.000000 0.000000 0.000000 0.000000 0.000000
0.000000 0.000000 0.000000 0.000000 0.000000 0.000000
0.000000 0.000000 0.000000 0.000000 0.000000 0.000000
0.000000 0.000000 0.000000 0.000000 0.000000 0.000000
0.000000 0.000000 0.000000 0.000000 0.000000 0.000000
0.000000 0.000000 0.000000 0.000000 0.000000 0.000000
0.000000 0.000000 0.000000 0.000000 0.000000 0.000000
0.000000 0.000000 0.000000 0.000000 0.000000 0.000000
0.000000 0.000000 0.000000 0.000000 0.000000 0.000000
0.000000 0.000000 0.000001 0.000000 0.000000 0.000000
0.000000 0.000000 0.000001 0.000000 0.000000 0.000000
0.000000 0.000000 0.000000 0.000000 0.000000 0.000000
0.000000 0.000000 0.000000 0.000000 0.000000 0.000000
0.000000 0.000000 0.000000 0.000000 0.000000 0.000000
0.000000 0.000000 0.000000 0.000000 0.000000 0.000000
0.000000 0.000000 0.000000 0.000000 0.000000 0.000000
0.000000 0.000000 0.000000 0.000000 0.000000 0.000000
0.000000 0.000000 0.000000 0.000000 0.000000 0.000000
0.000000 0.000000 0.000000 0.000000 0.000000 0.000000
0.000000 0.000000 0.000000 0.000000 0.000000 0.000000
0.000000 0.000000 0.000000 0.000000 0.000000 0.000000
0.000000 0.000000 0.000000 0.000000 0.000000 0.000000
0.000000 0.000000 0.000001 0.000000 0.000000 0.000000
0.000000 0.000000 0.000001 0.000000 0.000000 0.000000
0.000000 0.000000 0.000000 0.000000 0.000000 0.000000
0.000000 0.000000 0.000000 0.000000 0.000000 0.000000
0.000000 0.000000 0.000000 0.000000 0.000000 0.000000
0.000000 0.000000 0.000000 0.000000 0.000000 0.000000
0.000000 0.000000 0.000000 0.000000 0.000000 0.000000
0.000000 0.000000 0.000000 0.000000 0.000000 0.000000
0.000000 0.000000 0.000000 0.000000 0.000000 0.000000
0.000000 0.000000 0.000000 0.000000 0.000000 0.000000
0.000000 0.000000 0.000000 0.000000 0.000000 0.000000
0.000000 0.000000 0.000000 0.000000 0.000000 0.000000
0.000000 0.000000 0.000000 0.000000 0.000000 0.000000
0.000000 0.000000 0.000001 0.000000 0.000000 0.000000
0.000000 0.000000 0.000001 0.000000 0.000000 0.000000
0.000000 0.000000 0.000000 0.000000 0.000000 0.000000
0.000000 0.000000 0.000000 0.000000 0.000000 0.000000
0.000000 0.000000 0.000000 0.000000 0.000000 0.000000
0.000000 0.000000 0.000000 0.000000 0.000000 0.000000
0.000000 0.000000 0.000000 0.000000 0.000000 0.000000
0.000000 0.000000 0.000000 0.000000 0.000000 0.000000
0.000000 0.000000 0.000000 0.000000 0.000000 0.000000
0.000000 0.000000 0.000000 0.000000 0.000000 0.000000
0.000000 0.000000 0.000000 0.000000 0.000000 0.000000
0.000000 0.000000 0.000000 0.000000 0.000000 0.000000
0.000000 0.000000 0.000000 0.000000 0.000000 0.000000
0.000000 0.000000 0.000001 0.000000 0.000000 0.000000
0.000000 0.000000 0.000001 0.000000 0.000000 0.000000
0.000000 0.000000 0.000000 0.000000 0.000000 0.000000
0.000000 0.000000 0.000000 0.000000 0.000000 0.000000
0.000000 0.000000 0.000000 0.000000 0.000000 0.000000
0.000000 0.000000 0.000000 0.000000 0.000000 0.000000
0.000000 0.000000 0.000000 0.000000 0.000000 0.000000
0.000000 0.000000 0.000000 0.000000 0.000000 0.000000
0.000000 0.000000 0.000000 0.000000 0.000000 0.000000
0.000000 0.000000 0.000000 0.000000 0.000000 0.000000
0.000000 0.000000 0.000000 0.000000 0.000000 0.000000
0.000000 0.000000 0.000000 0.000000 0.000000 0.000000
0.000000 0.000000 0.000000 0.000000 0.000000 0.000000
0.000000 0.000000 0.000001 0.000000 0.000000 0.000000
0.000000 0.000000 0.000001 0.000000 0.000000 0.000000
0.000000 0.000000 0.000000 0.000000 0.000000 0.000000
0.000000 0.000000 0.000000 0.000000 0.000000 0.000000
0.000000 0.000000 0.000000 0.000000 0.000000 0.000000
0.000000 0.000000 0.000000 0.000000 0.000000 0.000000
0.000000 0.000000 0.000000 0.000000 0.000000 0.000000
0.000000 0.000000 0.000000 0.000000 0.000000 0.000000
0.000000 0.000000 0.000000 0.000000 0.000000 0.000000
0.000000 0.000000 0.000000 0.000000 0.000000 0.000000
0.000000 0.000000 0.000000 0.000000 0.000000 0.000000
0.000000 0.000000 0.000000 0.000000 0.000000 0.000000
0.000000 0.000000 0.000000 0.000000 0.000000 0.000000
0.000000 0.000000 0.000001 0.000000 0.000000 0.000000
0.000000 0.000000 0.000001 0.000000 0.000000 0.000000
0.000000 0.000000 0.000000 0.000000 0.000000 0.000000
0.000000 0.000000 0.000000 0.000000 0.000000 0.000000
0.000000 0.000000 0.000000 0.000000 0.000000 0.000000
0.000000 0.000000 0.000000 0.000000 0.000000 0.000000
0.000000 0.000000 0.000000 0.000000 0.000000 0.000000
0.000000 0.000000 0.000000 0.000000 0.000000 0.000000
0.000000 0.000000 0.000000 0.000000 0.000000 0.000000
0.000000 0.000000 0.000000 0.000000 0.000000 0.000000
0.000000 0.000000 0.000000 0.000000 0.000000 0.000000
0.000000 0.000000 0.000000 0.000000 0.000000 0.000000
0.000000 0.000000 0.000000 0.000000 0.000000 0.000000
0.000000 0.000000 0.000001 0.000000 0.000000 0.000000
0.000000 0.000000 0.000001 0.000000 0.000000 0.000000
0.000000 0.000000 0.000000 0.000000 0.000000 0.000000
0.000000 0.000000 0.000000 0.000000 0.000000 0.000000
0.000000 0.000000 0.000000 0.000000 0.000000 0.000000
0.000000 0.000000 0.000000 0.000000 0.000000 0.000000
0.000000 0.000000 0.000000 0.000000 0.000000 0.000000
0.000000 0.000000 0.000000 0.000000 0.000000 0.000000
0.000000 0.000000 0.000000 0.000000 0.000000 0.000000
0.000000 0.000000 0.000000 0.000000 0.000000 0.000000
0.000000 0.000000 0.000000 0.000000 0.000000 0.000000
0.000000 0.000000 0.000000 0.000000 0.000000 0.000000
0.000000 0.000000 0.000000 0.000000 0.000000 0.000000
0.000000 0.000000 0.000001 0.000000 0.000000 0.000000
0.000000 0.000000 0.000001 0.000000 0.000000 0.000000
0.000000 0.000000 0.000000 0.000000 0.000000 0.000000
0.000000 0.000000 0.000000 0.000000 0.000000 0.000000
0.000000 0.000000 0.000000 0.000000 0.000000 0.000000
0.000000 0.000000 0.000000 0.000000 0.000000 0.000000
0.000000 0.000000 0.000000 0.000000 0.000000 0.000000
0.000000 0.000000 0.000000 0.000000 0.000000 0.000000
0.000000 0.000000 0.000000 0.000000 0.000000 0.000000
0.000000 0.000000 0.000000 0.000000 0.000000 0.000000
0.000000 0.000000 0.000000 0.000000 0.000000 0.000000
0.000000 0.000000 0.000000 0.000000 0.000000 0.000000
0.000000 0.000000 0.000001 0.000000 0.000000 0.000000
0.000000 0.000000 0.000001 0.000000 0.000000 0.000000
0.000000 0.000000 0.000000 0.000000 0.000000 0.000000
0.000000 0.000000 0.000000 0.000000 0.000000 0.000000
0.000000 0.000000 0.000000 0.000000 0.000000 0.000000
0.000000 0.000000 0.000000 0.000000 0.000000 0.000000
0.000000 0.000000 0.000000 0.000000 0.000000 0.000000
0.000000 0.000000 0.000000 0.000000 0.000000 0.000000
0.000000 0.000000 0.000001 0.000000 0.000000 0.000000
0.000000 0.000000 0.000001 0.000000 0.000000 0.000000
0.000000 0.000000 0.000000 0.000000 0.000000 0.000000
0.000000 0.000000 0.000000 0.000000 0.000000 0.000000
0.000000 0.000000 0.000000 0.000000 0.000000 0.000000
0.000000 0.000000 0.000000 0.000000 0.000000 0.000000
0.000000 0.000000 0.000000 0.000000 0.000000 0.000000
0.000000 0.000000 0.000000 0.000000 0.000000 0.000000
0.000000 0.000000 0.000000 0.000000 0.000000 0.000000
0.000000 0.000000 0.000000 0.000000 0.000000 0.000000
0.000000 0.000000 0.000000 0.000000 0.000000 0.000000
0.000000 0.000000 0.000000 0.000000 0.000000 0.000000
0.000000 0.000000 0.000000 0.000000 0.000000 0.000000
0.000000 0.000000 0.000000 0.000000 0.000000 0.000000
0.000000 0.000000 0.000000 0.000000 0.000000 0.000000
