149.438881 1.000000
222.316269 1.100000
209.408058 1.200000
206.509407 1.200000
173.646316 1.000000
66.107515 0.500000
27.318920 1.000000
34.451304 0.400000
27.474435 1.300000
117.031377 1.000000
26.093254 2.000000
77.911161 0.300000
134.601865 0.900000
41.897177 0.200000
451.789293 1.400000
31.882969 0.400000
30.882396 0.600000
48.033079 0.200000
84.757182 0.700000
35.995036 0.200000
94.167767 0.700000
237.460962 1.400000
42.644410 0.600000
332.788932 0.100000
44.322802 0.300000
46.120707 0.100000
86.166731 0.300000
42.164822 -0.000000
266.599257 0.400000
72.293644 0.300000
1622.971380 0.100000
582.763700 0.400000
504.783866 0.100000
146.671677 0.200000
3.923551 2.100000
291.494186 0.300000
10.526259 0.500000
7382.789499 1.700000
1338.774438 0.100000
349.588508 0.600000
330.349381 -0.000000
289.314612 0.400000
10846.775335 0.200000
80.375214 -0.000000
567.057981 0.100000
75.871932 0.100000
120.366469 0.100000
46.856913 -0.000000
212.883010 0.200000
218.047631 0.300000
372.963632 0.600000
31.260983 1.000000
27.327805 0.100000
14.484309 0.400000
7382.889225 0.700000
164.577961 0.200000
28.375656 0.100000
74.371763 0.300000
63.706801 -0.000000
5.038351 1.300000
69.222636 0.300000
122.559541 0.200000
151.207374 0.200000
118.780225 0.200000
51.654071 0.200000
28.047641 0.200000
101.127095 0.200000
29.223807 -0.000000
84.742815 -0.000000
1094.840461 0.900000
556.084078 0.700000
66.622996 0.200000
134.027320 -0.000000
36.740683 0.500000
79.368027 0.300000
36.699973 0.500000
222.230014 0.500000
153.670431 0.900000
75.433874 0.400000
70.619932 0.100000
70.444015 0.100000
27.472679 -0.000000
1089.483328 0.300000
334.372012 0.100000
167.825328 0.200000
19.429717 0.700000
28.671832 0.100000
47.487073 0.100000
29.258247 0.400000
127.576379 0.400000
93.982764 0.400000
34.720160 0.393000
34.612941 0.394000
16.770916 0.253000
30.126834 0.075000
43.301436 0.175000
31.787827 0.062000
41.149397 0.162000
32.606929 0.056000
40.220304 0.156000
33.029564 0.053000
39.770187 0.153000
33.316291 0.051000
39.475318 0.151000
33.461167 0.050000
39.329424 0.150000
23.500423 0.100000
47.908786 0.201000
35.744485 0.064000
36.087584 0.164000
23.658337 0.212000
23.150572 0.050000
17.958540 0.150000
91.747300 0.100000
48.993070 0.150000
85.436110 0.200000
28.175956 -0.000000
24.901700 0.050000
18.438300 0.350000
31.034098 0.050000
18.661817 0.150000
39.268472 0.100000
40.438132 0.100000
77.424968 0.150000
16.446071 0.200000
24.105433 0.104000
24.210692 0.101000
21.854459 0.138000
44.906981 0.050000
28.580152 0.076000
26.506066 0.004000
25.247210 0.033000
18.287940 0.193000
23.711565 0.013000
32.575584 0.135000
23.906832 0.135000
24.581371 0.112000
58.485745 0.018000
32.183140 0.087000
48.029004 0.141000
42.398882 0.004000
30.090820 0.103000
534.163635 0.016000
27.264617 0.004000
1118.418212 0.004000
53.534213 0.004000
47.901260 0.100000
43.212672 -0.000000
30.369028 0.100000
19.896772 0.104000
31.235612 0.104000
32.347911 -0.000000
35.181073 0.196000
45.170817 -0.000000
54.610132 0.296000
1115.058573 0.004000
33.135623 0.052000
26.589936 0.079000
24.091921 0.033000
22.776617 0.078000
26.283708 0.099000
25.555779 0.084000
33.415060 0.084000
27.523967 0.002000
28.343937 0.004000
40.685255 0.035000
35.970390 0.002000
31.120496 0.099000
25.211131 0.109000
27.872144 0.026000
23.165517 0.128000
24.066347 0.101000
33.725956 0.019000
36.066306 0.097000
27.370586 0.001000
45.068725 0.001000
52.525434 0.100000
47.184928 0.100000
40.638647 -0.000000
25.177514 0.101000
20.054137 0.101000
23.001184 -0.000000
45.425747 -0.000000
30.022418 0.100000
29.997243 0.101000
33.196062 0.100000
33.063642 0.100000
21.307351 0.200000
16.327576 0.300000
19.616360 0.300000
35.938779 0.101000
32.905034 0.099000
19.102390 0.147000
22.583675 0.054000
30.918115 0.050000
29.003338 0.063000
22.476716 0.008000
23.461513 0.029000
31.893950 0.174000
31.067952 0.117000
19.917840 0.102000
42.259692 0.100000
24.794004 0.006000
27.068562 0.004000
17.602488 0.145000
21.453502 0.032000
17.641423 0.144000
26.668457 0.001000
32.330733 0.002000
103.127079 0.051000
33.004960 0.043000
33.050475 0.002000
31.817894 0.088000
16.632165 0.178000
20.176916 0.099000
20.622561 0.069000
25.307818 0.025000
21.490920 0.132000
35.740483 0.134000
29.286662 0.081000
91.319110 0.004000
24.269117 0.074000
15.637758 0.213000
25.625329 0.001000
26.035355 0.001000
25.440732 0.001000
25.637365 0.001000
25.438011 0.001000
25.500238 0.001000
25.519361 0.002000
57.568023 0.051000
33.951025 0.077000
25.566347 0.002000
28.061591 0.034000
27.686003 0.021000
20.197282 0.107000
23.825762 0.011000
19.908434 0.117000
33.591406 0.014000
26.031584 0.016000
38.384462 0.248000
27.823742 0.040000
65.109259 0.004000
17.982206 0.135000
16.451063 0.170000
16.693210 0.171000
21.450602 0.040000
20.998303 0.057000
22.408395 0.014000
25.356969 0.040000
21.995189 0.076000
29.748966 0.078000
22.172693 0.026000
22.123148 0.019000
21.598030 0.073000
23.007115 -0.000000
24.094257 -0.000000
23.806384 -0.000000
23.794039 0.017000
22.903154 0.004000
22.102297 0.020000
24.099529 0.025000
25.012254 0.012000
25.892425 0.014000
22.914894 0.002000
25.453917 0.000570
25.460525 0.000770
22.657958 0.008860
23.976934 0.002000
23.112784 0.000500
23.591126 0.000500
23.209616 0.000250
23.448987 0.000250
23.280536 0.000380
24.594156 0.001250
21.466742 0.034000
20.285632 0.070250
23.435016 -0.000000
22.189640 0.023000
22.947909 0.003000
23.615307 0.012000
22.123587 0.018000
21.764264 0.029250
24.823935 0.028750
22.418759 0.012000
24.609223 0.001000
22.242318 0.022250
20.921784 0.047260
23.302020 0.001250
23.253859 0.000630
22.641119 0.007100
22.311643 0.017950
22.664851 0.006670
23.354204 0.005280
22.533453 0.017290
23.911821 0.016790
23.169909 0.003880
23.434678 0.006940
22.232648 0.021910
23.276575 0.004000
22.945890 0.000370
23.270192 0.000100
23.083803 0.000310
23.172598 0.000110
23.109484 0.000170
23.155047 0.000050
23.003524 0.000120
23.187201 0.000050
24.077468 0.000600
23.038101 0.006590
23.039474 0.006520
21.725452 0.033200
23.357056 0.000850
23.185347 0.000170
22.191939 0.017850
22.658890 0.009740
22.777239 0.003420
22.932641 0.003330
22.702665 0.013150
23.630013 0.013050
24.117050 0.021240
24.088003 0.000200
23.205369 0.005710
23.205877 0.005720
22.910790 0.007620
22.897376 0.007740
23.053115 0.000070
23.149458 0.000020
24.026818 0.000260
22.626203 0.011060
22.626203 0.011060
21.791438 0.024000
21.772536 0.024000
23.324446 0.000080
23.185370 0.000200
22.806437 0.002730
23.001294 0.001420
23.406958 0.010540
22.084898 0.020080
22.290004 0.019940
24.045119 0.019980
22.974506 0.000550
24.031318 0.000080
22.067167 0.020470
22.957723 0.001340
23.076865 0.000070
23.133724 0.000020
23.890702 0.000390
22.068854 0.017870
23.083212 0.001010
23.329438 0.000210
23.200426 0.000360
22.361718 0.014470
22.483070 0.011610
22.805543 0.008090
23.179773 0.002570
23.374467 0.007510
23.140211 0.002530
23.004055 0.000150
23.904245 0.000080
22.881327 0.002640
22.177042 0.023070
23.074014 0.000020
23.041589 0.000050
23.453330 0.000070
22.888062 0.001500
23.436063 0.000590
23.439174 0.000030
23.132312 0.000230
22.191897 0.019090
22.938631 0.000170
22.968602 0.001420
23.088257 0.003060
22.677161 0.006200
23.233919 0.000210
23.055866 0.002510
23.443915 0.000080
22.899828 0.002820
22.099258 0.023650
23.060511 0.000020
23.029975 0.000030
23.353453 0.000170
23.117965 0.002760
23.117163 0.002770
22.775222 0.007780
22.774715 0.007780
23.480290 0.000450
23.152993 0.000410
22.518088 0.011790
22.645550 0.007940
23.176438 0.006140
23.447509 0.008570
22.806891 0.006530
23.488412 0.007980
22.997463 0.000090
23.350549 0.000080
22.691388 0.008270
22.691388 0.008270
22.948169 0.001220
23.109232 0.000040
23.082768 -0.000000
23.002517 0.000610
23.120700 0.000650
23.193191 0.004160
22.932781 0.002340
23.063282 0.000930
22.803268 0.005330
22.826005 0.002700
22.914421 0.002710
22.952824 0.001720
22.990661 0.000310
23.000581 0.000040
23.053103 -0.000000
22.946826 0.002630
22.950780 0.001210
23.060269 0.001430
23.076609 0.002040
23.094206 0.001650
23.175260 0.002670
22.776914 0.005100
23.068640 0.000205
23.068602 0.000205
22.991109 0.000296
22.991101 0.000293
23.000479 0.000090
23.030309 0.000012
23.061180 0.000026
23.013168 0.000021
23.017690 0.000021
23.020195 0.000013
23.038944 0.000034
23.019116 0.000012
23.029926 0.000018
23.022450 0.000008
23.016453 0.000020
23.026407 0.000009
23.030951 0.000021
23.021995 0.000006
23.106919 0.000026
22.768564 0.006130
22.805226 0.004824
23.042118 0.000010
23.027022 0.000010
23.068086 0.001306
22.973084 0.001120
22.872503 0.003230
22.940534 0.001140
22.966936 0.000820
22.976778 0.001294
23.078202 0.002050
23.106961 0.000026
22.822828 0.004130
22.822828 0.004130
22.906025 0.002474
22.906025 0.002474
23.021186 0.000009
23.022516 0.000007
23.020478 0.000539
22.954058 0.001184
22.983321 0.000235
23.022454 0.000415
23.041639 0.000651
23.002572 0.000638
22.975530 0.000605
22.998357 0.000145
22.998294 0.000146
23.013625 0.000333
23.013663 0.000332
23.031512 0.000094
23.005572 0.000044
23.022596 0.000048
23.009727 0.000021
23.006433 0.000024
23.014807 0.000009
23.016797 0.000031
23.011478 0.000008
23.022823 0.000145
23.019763 0.000391
23.006948 0.000146
23.010544 0.000185
23.019465 0.000515
23.021199 0.000132
22.955015 0.001093
22.991282 0.000224
22.995652 0.000137
23.042794 0.000454
23.042836 0.000455
23.014133 0.000070
23.001551 0.000050
23.002590 0.000072
23.016209 0.000353
23.001478 0.000020
22.999539 0.000008
23.019537 0.000071
23.024464 0.000084
22.994569 0.000198
23.001853 0.000012
23.001877 0.000012
23.022439 0.000012
23.000753 0.000012
23.001800 0.000011
22.996224 0.000134
23.002773 0.000021
23.004911 0.000081
23.020152 0.000021
23.023839 0.000034
22.999892 0.000026
22.998786 0.000046
22.998807 0.000046
23.021484 0.000005
23.019955 0.000000
22.992260 0.000204
22.992266 0.000203
23.019954 0.000000
22.999789 0.000017
23.001334 0.000005
23.001189 0.000016
23.000856 0.000005
22.999656 0.000016
23.001263 0.000004
23.002788 0.000010
23.000348 0.000004
23.000493 0.000007
23.001123 0.000002
23.001105 0.000007
23.000917 0.000002
23.000523 0.000007
23.001078 0.000002
23.001804 0.000004
23.000711 0.000002
23.000823 0.000003
23.001047 0.000001
23.000852 0.000003
23.001021 0.000000
23.001065 0.000002
23.000954 0.000001
23.001392 0.000002
23.000881 0.000001
23.000973 0.000001
23.000991 0.000001
23.000462 0.000005
23.000534 0.000002
22.999478 0.000053
22.999495 0.000053
22.998025 0.000050
22.998045 0.000050
23.004271 0.000072
22.994933 0.000110
23.005747 0.000132
23.006739 0.000118
22.995028 0.000120
23.007983 0.000157
23.000775 0.000006
22.990401 0.000233
23.000851 0.000007
22.999300 0.000007
22.996938 0.000084
23.000298 0.000004
22.999036 0.000053
23.002695 0.000031
23.005962 0.000100
22.995802 0.000102
22.999442 0.000028
22.996716 0.000096
22.996721 0.000096
22.996272 0.000108
22.999283 0.000041
23.001134 0.000003
23.001597 0.000007
23.002314 0.000026
23.003339 0.000049
23.002323 0.000032
22.998424 0.000051
22.999350 0.000035
22.999612 0.000019
22.999602 0.000019
22.999393 0.000032
22.999389 0.000032
23.000954 0.000005
23.001025 0.000000
23.000577 0.000009
23.000155 0.000018
23.001465 0.000010
23.000738 0.000001
23.000306 0.000003
22.998803 0.000035
22.998785 0.000035
22.997992 0.000061
22.997986 0.000061
23.001103 0.000000
23.001047 0.000000
23.001263 0.000012
23.000977 0.000004
22.998964 0.000047
22.999969 0.000016
23.000212 0.000017
23.000212 0.000014
23.001367 0.000008
22.999922 0.000015
22.999938 0.000014
22.999170 0.000035
22.999162 0.000036
23.000914 0.000000
23.000780 0.000000
23.000376 0.000000
22.999171 0.000001
22.995599 0.000001
22.985270 0.000004
23.001778 0.000028
23.001807 0.000028
22.943255 0.000968
22.943259 0.000968
23.000521 0.000001
23.000899 0.000000
22.988998 0.000221
22.990220 0.000274
22.991903 0.000154
22.993279 0.000164
22.994201 0.000035
22.997004 0.000038
23.005593 0.000120
22.991974 0.000125
22.991947 0.000126
23.017784 0.000440
23.017261 0.000429
23.000464 0.000000
22.994902 0.000128
23.000795 0.000033
22.996709 0.000085
23.005605 0.000229
23.007264 0.000130
22.985597 0.000226
23.000388 0.000016
22.997279 0.000049
22.997192 0.000049
23.000345 0.000000
23.000061 0.000000
22.999212 0.000000
22.996686 0.000001
22.977650 0.000482
22.977643 0.000483
22.974376 0.000447
22.974371 0.000448
22.999534 0.000000
22.995853 0.000099
22.989858 0.000163
22.991017 0.000101
22.995857 0.000117
23.000203 0.000104
23.016132 0.000369
23.003762 0.000059
22.992575 0.000114
22.992557 0.000115
22.983937 0.000255
22.984001 0.000254
22.999201 0.000001
23.000082 0.000000
22.995853 0.000016
22.995347 0.000013
22.997695 0.000015
22.999739 0.000033
23.005925 0.000168
23.007960 0.000174
22.998993 0.000009
22.999525 0.000039
22.999483 0.000038
22.986810 0.000176
22.986715 0.000178
22.999100 0.000000
22.998481 0.000000
22.996635 0.000000
22.991203 0.000001
22.975869 0.000002
22.975820 0.000581
22.975796 0.000582
22.926242 0.001445
22.926247 0.001445
22.996876 0.000000
22.961367 0.000757
22.966454 0.000620
22.985834 0.000399
23.021668 0.000488
22.949962 0.000894
23.032536 0.000892
22.997605 0.000068
22.977638 0.000298
22.977690 0.000297
22.988787 0.000185
22.988824 0.000185
22.996339 0.000000
22.994918 0.000000
22.990721 0.000001
22.978801 0.000003
22.991049 0.000007
22.888825 0.001606
22.888817 0.001607
22.907839 0.001162
22.907837 0.001163
22.994008 0.000001
22.997746 0.000008
22.973322 0.000000
22.912288 0.000000
22.763012 0.000000
23.002834 0.000381
22.626671 0.000150
22.815708 0.000399
22.859354 0.000671
22.476968 0.005070
22.875039 0.001000
22.956789 0.000080
22.362961 0.008290
21.976176 0.018050
22.680651 0.004000
22.407154 0.008110
22.951684 0.000999
23.056275 0.001001
22.851678 0.002010
22.978728 0.000001
22.952756 0.000101
22.970306 0.000199
21.983907 0.017040
22.856452 0.000530
22.960600 0.000180
22.636945 0.001350
22.740416 0.001380
22.736431 0.005379
23.162354 0.009110
23.265852 0.005381
23.527567 0.015620
22.411121 0.007960
22.619215 0.000000
25.007831 0.000450
23.054799 0.001211
22.650120 0.000180
22.814148 0.000850
22.648232 0.000580
22.025143 0.014330
22.580295 0.001020
22.389837 0.014149
23.157244 0.011990
23.587096 0.014151
23.119626 0.011910
22.947890 0.000001
22.865003 0.000699
22.697166 0.003059
23.054822 0.009420
22.676497 0.000280
22.801097 0.000800
22.308430 0.007200
22.474937 0.004090
22.212095 0.010440
22.002023 0.014250
22.721708 0.006059
23.226692 0.006061
22.620089 0.000020
22.900752 0.000001
23.138409 0.000099
21.598231 0.025079
22.253134 0.007830
22.848860 0.000420
22.822597 0.000350
22.022353 0.014980
22.471149 0.002860
22.705386 0.001550
23.301331 0.009401
22.518003 0.009399
23.347529 0.016480
22.651676 0.000550
24.995412 0.000000
23.146375 0.000001
21.800702 0.021989
22.512335 0.002140
22.662041 0.000290
22.633853 0.000140
22.552952 0.001610
22.609642 0.006299
22.745068 0.002830
22.506933 0.002300
22.978804 0.008380
23.200336 0.006301
22.254626 0.008610
22.778945 0.002239
22.708028 0.001730
22.708913 0.001750
22.610234 0.000310
22.617495 0.000100
22.666985 0.001200
22.514378 0.002380
22.531929 0.002100
22.572191 0.001000
22.819572 0.001759
22.982384 0.001761
22.619164 0.000030
22.867899 0.000840
22.867900 0.000839
22.578350 0.000998
22.578737 0.000989
22.610520 0.000200
22.622624 0.000070
22.609212 0.000254
22.650201 0.000684
22.564454 0.001252
22.660478 0.001051
22.869687 0.000785
22.931890 0.000786
22.558076 0.001470
22.627345 0.000113
22.627351 0.000113
22.893457 0.000254
22.893978 0.000241
22.613297 0.000083
22.616763 0.000034
22.615064 0.000092
22.620701 0.000030
22.622843 0.000044
22.618270 0.000014
22.617684 0.000042
22.619937 0.000012
22.619631 0.000039
22.619265 0.000013
22.618254 0.000028
22.619629 0.000008
22.620757 0.000018
22.618889 0.000006
22.619577 0.000020
22.619340 0.000005
22.618604 0.000013
22.619602 0.000006
22.618893 0.000011
22.619445 0.000003
22.611874 0.000182
22.597136 0.000510
22.595912 0.000525
22.605769 0.000349
22.868766 0.000722
22.932780 0.000723
22.622743 0.000090
22.578073 0.000950
22.578076 0.000950
22.894459 0.000215
22.894476 0.000215
22.618843 0.000009
22.619412 0.000002
22.619817 0.000007
22.619121 0.000003
22.619258 0.000006
22.619319 0.000002
22.619088 0.000005
22.619356 0.000001
22.619786 0.000005
22.606131 0.000235
22.606190 0.000234
22.614252 0.000087
22.614272 0.000086
22.619530 0.000004
22.619223 0.000001
22.619257 0.000006
22.517264 0.002283
22.517268 0.002282
22.597983 0.000469
22.595409 0.000524
22.619145 0.000003
22.619345 0.000001
22.641460 0.000525
22.594742 0.000505
22.656540 0.000894
22.641641 0.000529
22.582626 0.000851
22.655984 0.000849
22.568577 0.001242
22.590538 0.000702
22.590525 0.000702
22.581925 0.000843
22.581933 0.000842
22.619251 0.000002
22.619268 0.000001
22.603619 0.000365
22.604244 0.000324
22.615207 0.000112
22.606945 0.000293
22.618860 0.000020
22.631517 0.000290
22.620668 0.000032
22.604472 0.000322
22.604456 0.000322
22.607524 0.000260
22.607538 0.000260
22.619169 0.000001
22.619077 0.000002
22.619033 0.000004
22.611607 0.000186
22.611584 0.000187
22.607703 0.000301
22.607728 0.000301
22.619093 0.000001
22.618969 0.000002
22.618727 0.000005
22.617424 0.000063
22.617405 0.000064
22.616995 0.000079
22.616964 0.000078
22.619083 0.000003
22.619221 0.000000
22.621317 0.000044
22.624705 0.000103
22.613700 0.000139
22.624503 0.000137
22.631732 0.000286
22.604150 0.000363
22.622291 0.000075
22.613212 0.000128
22.613235 0.000128
22.613426 0.000133
22.613455 0.000132
22.619128 0.000001
22.616665 0.000040
22.609660 0.000223
22.615200 0.000090
22.615868 0.000074
22.619672 0.000004
22.621530 0.000038
22.620574 0.000032
22.612066 0.000173
22.612075 0.000173
22.609753 0.000223
22.609759 0.000223
22.619160 0.000001
22.619162 0.000000
22.619219 0.000001
22.619150 0.000000
22.619116 0.000000
22.619012 0.000002
22.611303 0.000200
22.611310 0.000200
22.610196 0.000199
22.610206 0.000199
22.619101 0.000000
22.619043 0.000000
22.618872 0.000001
22.618409 0.000002
22.616387 0.000082
22.616413 0.000081
22.612155 0.000118
22.612131 0.000119
22.618990 0.000000
22.618880 0.000000
22.618556 0.000001
22.617698 0.000002
22.618685 0.000002
22.540385 0.001773
22.540207 0.001777
22.540204 0.001777
22.618767 0.000003
22.618925 0.000004
22.549702 0.001573
22.553671 0.001453
22.566044 0.001393
22.581349 0.000749
22.638664 0.000439
22.656307 0.000747
22.621468 0.000067
22.617656 0.000003
22.574707 0.000979
22.574696 0.000979
22.582029 0.000824
22.582011 0.000825
22.618894 0.000000
22.587122 0.000750
22.629143 0.000250
22.593198 0.000653
22.642307 0.000499
22.566010 0.001220
22.671241 0.001218
22.619236 0.000009
22.617839 0.000021
22.617953 0.000018
22.614785 0.000109
22.614812 0.000108
22.618804 0.000001
22.619026 0.000000
22.606641 0.000302
22.628147 0.000196
22.611440 0.000169
22.611474 0.000182
22.640477 0.000515
22.596659 0.000517
22.620139 0.000030
22.603625 0.000369
22.603633 0.000369
22.605264 0.000312
22.605273 0.000312
22.618852 0.000000
22.618758 0.000000
22.618479 0.000001
22.617672 0.000002
22.585663 0.000668
22.585671 0.000668
22.571379 0.001054
22.571367 0.001054
22.618704 0.000001
22.618918 0.000000
22.584817 0.000762
22.633494 0.000362
22.608817 0.000199
22.637906 0.000491
22.623702 0.000197
22.613408 0.000198
22.614724 0.000160
22.608421 0.000235
22.608395 0.000236
22.602828 0.000351
22.602846 0.000351
22.618775 0.000000
22.621433 0.000070
22.627501 0.000206
22.607809 0.000267
22.606594 0.000283
22.610142 0.000179
22.630376 0.000281
22.617387 0.000047
22.601525 0.000397
22.601521 0.000397
22.615239 0.000103
22.615256 0.000102
22.618739 0.000001
22.618855 0.000000
22.613243 0.000123
22.619825 0.000017
22.613430 0.000120
22.612548 0.000156
22.609650 0.000211
22.627313 0.000209
22.625399 0.000154
22.612869 0.000132
22.612863 0.000133
22.612107 0.000146
22.612106 0.000146
22.618741 0.000000
22.618672 0.000000
22.618471 0.000000
22.617903 0.000001
22.616528 0.000003
22.603734 0.000267
22.603715 0.000268
22.616079 0.000101
22.615940 0.000104
22.618488 0.000000
22.600174 0.000388
22.606087 0.000221
22.614373 0.000027
22.594583 0.000578
22.629793 0.000222
22.654742 0.000840
22.656253 0.000860
22.619345 0.000060
22.619364 0.000061
22.590910 0.000623
22.590918 0.000623
22.617937 0.000002
22.617355 0.000003
22.609510 0.000218
22.616996 0.000021
22.618834 0.000022
22.618904 0.000033
22.628160 0.000229
22.628488 0.000218
22.598746 0.000455
22.615465 0.000055
22.615461 0.000055
22.611885 0.000157
22.611867 0.000157
22.618316 0.000000
22.618051 0.000000
22.617326 0.000001
22.615781 0.000004
22.542816 0.001774
22.542821 0.001774
22.607314 0.000315
22.607329 0.000314
22.618003 0.000000
22.617694 0.000001
22.617860 0.000000
22.615790 0.000004
22.617516 0.000002
22.607162 0.000275
22.607163 0.000275
22.603545 0.000362
22.603375 0.000366
22.617786 0.000001
22.618357 0.000001
22.633839 0.000396
22.558393 0.001303
22.586921 0.000808
22.649525 0.000748
22.584211 0.000773
22.650549 0.000775
22.618368 0.000012
22.617450 0.000000
22.616117 0.000006
22.620799 0.000001
22.614456 0.000021
22.617489 0.000002
22.618256 0.000000
22.611281 0.000143
22.560972 0.001235
22.570750 0.001177
22.590273 0.000672
22.632477 0.000348
22.644705 0.000674
22.618161 0.000017
22.616390 0.000000
22.614783 0.000001
22.623642 0.000005
22.614925 0.000005
22.591844 0.000526
22.591724 0.000529
22.612885 0.000016
22.612695 0.000019
22.616493 0.000006
22.618199 0.000005
22.665660 0.001218
22.532400 0.001785
22.510281 0.002510
22.546127 0.001696
22.522995 0.002021
22.707650 0.002024
22.618308 0.000038
22.623611 0.000005
22.552572 0.001359
22.557768 0.001175
22.557770 0.001175
22.616470 0.000006
22.618063 0.000002
22.628934 0.000307
22.569830 0.001000
22.561615 0.001238
22.564266 0.001286
22.573881 0.001005
22.668087 0.001240
22.669210 0.001292
22.614715 0.000001
22.623548 0.000003
22.595520 0.000503
22.595525 0.000503
22.554961 0.001211
22.554972 0.001210
22.573144 0.000973
22.596931 0.000339
22.646327 0.000763
22.582816 0.000666
22.562418 0.001255
22.633047 0.000338
22.621516 0.000074
22.623298 0.000003
22.597786 0.000421
22.593541 0.000516
22.591043 0.000551
22.591045 0.000552
22.616750 0.000000
22.611157 0.000137
22.603495 0.000268
22.611699 0.000058
22.580580 0.000825
22.632499 0.000420
22.597005 0.000422
22.621722 0.000070
22.606603 0.000202
22.606633 0.000202
22.621088 0.000105
22.621114 0.000106
22.616896 0.000001
22.616688 0.000002
22.617703 0.000003
22.605959 0.000182
22.618485 0.000048
22.620038 0.000087
22.623485 0.000181
22.634768 0.000419
22.605564 0.000247
22.599009 0.000358
22.611045 0.000086
22.610620 0.000131
22.610656 0.000131
22.616862 0.000004
22.616597 0.000001
22.619926 0.000073
22.620790 0.000094
22.621493 0.000117
22.619648 0.000081
22.615199 0.000010
22.614231 0.000011
22.603085 0.000302
22.612866 0.000046
22.613173 0.000040
22.616260 0.000002
22.616272 0.000002
22.616233 0.000004
22.616453 0.000001
22.616788 0.000009
22.618651 0.000048
22.615350 0.000024
22.618684 0.000055
22.612497 0.000048
22.616933 0.000046
22.613963 0.000057
22.610944 0.000085
22.610959 0.000085
22.615987 0.000011
22.615977 0.000011
22.616577 0.000002
22.616348 0.000001
22.616554 0.000002
22.617189 0.000018
22.615374 0.000022
22.617240 0.000020
22.616356 0.000036
22.613074 0.000038
22.616380 0.000000
22.616351 0.000001
22.613551 0.000028
22.613512 0.000029
22.614909 0.000033
22.614911 0.000033
22.616281 0.000002
22.616410 0.000000
22.615195 0.000028
22.617153 0.000016
22.616142 0.000006
22.616241 0.000005
22.614192 0.000012
22.615238 0.000010
22.616424 0.000001
22.614640 0.000002
22.614871 0.000034
22.614876 0.000034
22.616413 0.000000
22.616367 0.000001
22.616804 0.000009
22.616865 0.000011
22.616739 0.000008
22.616373 0.000000
22.616352 0.000000
22.616289 0.000001
22.610658 0.000093
22.610660 0.000093
22.613855 0.000062
22.613858 0.000062
22.616337 0.000001
22.616392 0.000000
22.618501 0.000053
22.615436 0.000020
22.614764 0.000037
22.618345 0.000048
22.616764 0.000046
22.612666 0.000047
22.613200 0.000077
22.613756 0.000023
22.613892 0.000020
22.615189 0.000025
22.615191 0.000025
22.616355 0.000000
22.615980 0.000008
22.616046 0.000006
22.617571 0.000029
22.616780 0.000010
22.615405 0.000017
22.614024 0.000018
22.615313 0.000026
22.613674 0.000026
22.613661 0.000026
22.616224 0.000003
22.616196 0.000004
22.616340 0.000001
22.616377 0.000000
22.616560 0.000004
22.616705 0.000008
22.616225 0.000003
22.615932 0.000010
22.614885 0.000004
22.614544 0.000005
22.615931 0.000009
22.614761 0.000000
22.614900 0.000004
22.614607 0.000004
22.614604 0.000004
22.614614 0.000003
22.614609 0.000004
22.614836 0.000003
22.614669 0.000002
22.614483 0.000006
22.614701 0.000001
22.614659 0.000003
22.614490 0.000006
22.614507 0.000005
22.613483 0.000030
22.613485 0.000030
22.614839 0.000002
22.614690 0.000001
22.614651 0.000003
22.614750 0.000000
22.614736 0.000000
22.614747 0.000000
22.614768 0.000001
22.614718 0.000001
22.614696 0.000001
22.614477 0.000006
22.614466 0.000008
22.614478 0.000007
22.614486 0.000006
22.614539 0.000005
22.614807 0.000001
22.614719 0.000000
22.614715 0.000001
22.614750 0.000000
22.614726 0.000000
22.614715 0.000001
22.614741 -0.000000
22.614715 0.000001
22.614739 0.000000
22.614719 0.000001
22.614736 0.000000
22.614669 0.000001
22.614517 0.000004
22.614611 0.000004
22.614626 0.000004
22.614597 0.000004
22.614616 0.000004
22.614720 0.000000
22.615010 0.000005
22.615546 0.000017
22.611938 0.000069
22.615259 0.000013
22.614078 0.000016
22.617297 0.000062
22.613893 0.000018
22.614561 0.000005
22.614582 0.000005
22.614649 0.000003
22.614667 0.000002
22.614715 0.000001
22.614731 0.000000
22.614740 0.000000
22.614780 0.000000
22.615548 0.000019
22.615504 0.000018
22.613789 0.000022
22.615782 0.000026
22.614473 0.000006
22.614104 0.000016
22.614121 0.000015
22.614579 0.000004
22.614634 0.000003
22.614712 0.000001
22.614730 0.000000
22.615077 0.000009
22.614991 0.000006
22.614330 0.000010
22.615111 0.000009
22.614331 0.000010
22.615007 0.000007
22.614442 0.000007
22.614323 0.000010
22.614317 0.000010
22.614531 0.000005
22.614520 0.000005
22.614717 0.000001
22.614727 0.000000
22.614903 0.000004
22.614759 0.000001
22.614705 0.000001
22.614771 0.000001
22.614567 0.000004
22.615131 0.000010
22.614291 0.000011
22.614488 0.000006
22.614499 0.000005
22.614616 0.000003
22.614740 0.000000
22.614716 0.000001
22.614727 0.000000
22.614720 0.000000
22.614716 0.000001
22.614724 0.000000
22.614715 0.000001
22.614724 0.000000
22.614759 0.000001
22.614818 0.000002
22.614725 0.000000
22.614584 0.000004
22.614659 0.000002
22.614679 0.000001
22.614717 0.000001
22.614621 0.000003
22.614667 0.000002
22.614644 0.000002
22.614718 0.000001
22.614722 0.000000
22.614716 0.000001
22.614722 0.000000
22.614592 0.000003
22.614700 0.000001
22.614698 0.000001
22.614691 0.000001
22.614670 0.000002
22.614745 0.000000
22.614783 0.000001
22.614706 0.000001
22.614707 0.000001
22.614669 0.000001
22.614691 0.000001
22.614718 0.000001
22.614723 0.000000
22.614718 0.000000
22.614715 0.000001
22.614717 0.000001
22.614721 0.000000
22.614717 0.000000
22.614714 0.000001
22.614716 0.000001
22.614720 0.000000
22.614717 0.000001
22.614719 0.000000
22.614717 0.000000
22.614716 0.000000
22.614715 0.000001
22.614715 0.000000
22.614713 0.000000
22.614713 0.000000
22.614713 0.000001
22.614716 0.000000
22.614712 0.000000
22.614710 0.000000
22.614710 0.000000
22.614707 0.000000
22.614702 0.000000
22.614704 0.000000
22.614700 0.000000
22.614693 0.000000
22.614694 0.000000
22.614687 0.000000
22.614675 0.000000
22.614679 0.000000
22.614669 0.000000
22.614653 0.000000
22.614656 0.000000
22.614638 0.000000
22.614611 0.000000
22.614619 0.000000
22.614595 0.000000
22.614555 0.000000
22.614563 0.000000
22.614522 0.000000
22.614459 0.000000
22.614476 0.000000
22.614417 0.000000
22.614324 0.000000
22.614345 0.000000
22.614252 0.000000
22.614110 0.000000
22.614147 0.000000
22.614017 0.000000
22.613819 0.000000
22.613864 0.000000
22.613678 0.000000
22.613415 0.000000
22.613478 -0.000000
22.613253 0.000000
22.612969 0.000000
22.613027 0.000000
22.612817 0.000000
22.612679 0.000001
22.612760 0.000001
22.613229 0.000000
22.612749 0.000001
22.613182 0.000000
22.612693 0.000001
22.613718 0.000002
22.612844 0.000001
22.612789 0.000000
22.612703 0.000002
22.612699 0.000002
22.612685 0.000003
22.612871 0.000002
22.612745 0.000001
22.612651 0.000000
22.612566 0.000002
22.612590 0.000001
22.612323 0.000008
22.612579 0.000002
22.612588 0.000002
22.612557 0.000002
22.612571 0.000002
22.612672 0.000001
22.612646 0.000000
22.612631 0.000000
22.612591 0.000001
22.615017 0.000060
22.615013 0.000060
22.612422 0.000005
22.612424 0.000005
22.612678 0.000002
22.612609 0.000000
22.612547 0.000001
22.612404 0.000002
22.626369 0.000335
22.626397 0.000335
22.602217 0.000255
22.602210 0.000255
22.612746 0.000001
22.612678 0.000000
22.611794 0.000020
22.620591 0.000192
22.614347 0.000045
22.603883 0.000215
22.607282 0.000131
22.617829 0.000133
22.615055 0.000062
22.605623 0.000170
22.605595 0.000171
22.602255 0.000255
22.602255 0.000255
22.612657 0.000000
22.612637 0.000000
22.610881 0.000042
22.614182 0.000042
22.617191 0.000112
22.609565 0.000074
22.610917 0.000041
22.615892 0.000083
22.608089 0.000109
22.607551 0.000124
22.607598 0.000122
22.608850 0.000091
22.608746 0.000093
22.612612 0.000001
22.612640 0.000000
22.612249 0.000007
22.612393 0.000005
22.608880 0.000091
22.609949 0.000063
22.615147 0.000064
22.615900 0.000081
22.612558 0.000001
22.612619 0.000000
22.612053 0.000013
22.612543 0.000001
22.612530 0.000002
22.610426 0.000051
22.610392 0.000052
22.613701 0.000029
22.613614 0.000027
22.612608 0.000000
22.612594 0.000001
22.612618 0.000000
22.604124 0.000210
22.604134 0.000210
22.611054 0.000038
22.611078 0.000037
22.612557 0.000000
22.612516 0.000001
22.612478 0.000002
22.612456 0.000002
22.582798 0.000725
22.582792 0.000725
22.609370 0.000075
22.609400 0.000075
22.612566 0.000000
22.605904 0.000164
22.608110 0.000108
22.616927 0.000106
22.619145 0.000163
22.619109 0.000156
22.602606 0.000244
22.611407 0.000025
22.609023 0.000086
22.608972 0.000088
22.608542 0.000098
22.608499 0.000099
22.612559 0.000000
22.605291 0.000179
22.611927 0.000014
22.614373 0.000043
22.612840 0.000008
22.617256 0.000116
22.607779 0.000118
22.610544 0.000050
22.610416 0.000053
22.610428 0.000053
22.611872 0.000016
22.612283 0.000006
22.612549 0.000000
22.612544 0.000001
22.612584 0.000000
22.610895 0.000039
22.610841 0.000041
22.611242 0.000033
22.611226 0.000033
22.612523 0.000001
22.612580 0.000000
22.610255 0.000057
22.614782 0.000055
22.605259 0.000180
22.613924 0.000031
22.614310 0.000042
22.616473 0.000095
22.612792 0.000010
22.610902 0.000042
22.610808 0.000044
22.610910 0.000040
22.610786 0.000043
22.612538 0.000000
22.612503 0.000000
22.612404 0.000001
22.612163 0.000002
22.567322 0.001089
22.567328 0.001089
22.612801 0.000000
22.612841 0.000001
22.612155 0.000009
22.612668 0.000004
22.600972 0.000278
22.603030 0.000243
22.585050 0.000674
22.600146 0.000299
22.589280 0.000564
22.635601 0.000562
22.655980 0.001067
22.607869 0.000124
22.607852 0.000124
22.595256 0.000413
22.595274 0.000412
22.612451 0.000001
22.612584 0.000000
22.598974 0.000333
22.612983 0.000017
22.613415 0.000019
22.610093 0.000059
22.615463 0.000069
22.611841 0.000019
22.613804 0.000037
22.604641 0.000192
22.604615 0.000193
22.601842 0.000258
22.601847 0.000257
22.612514 0.000001
22.612547 -0.000000
22.608529 0.000099
22.610455 0.000052
22.608008 0.000109
22.611966 0.000013
22.612842 0.000012
22.613114 0.000015
22.614024 0.000038
22.607399 0.000123
22.612509 0.000001
22.608790 0.000090
22.608790 0.000090
22.612516 0.000000
22.611933 0.000014
22.615872 0.000082
22.612646 0.000002
22.611207 0.000033
22.613085 0.000015
22.611723 0.000017
22.609781 0.000067
22.612503 0.000000
22.612487 0.000000
22.612443 0.000000
22.612322 0.000000
22.612085 0.000000
22.612481 0.000001
22.600404 0.000293
22.600419 0.000292
22.590134 0.000543
22.590142 0.000543
22.612719 0.000013
22.612506 0.000006
22.606543 0.000135
22.612922 0.000023
22.621072 0.000220
22.575733 0.000890
22.636726 0.000586
22.588155 0.000588
22.644378 0.000782
22.610270 0.000048
22.610287 0.000048
22.609877 0.000054
22.609881 0.000054
22.612115 0.000001
22.612424 -0.000000
22.612340 0.000004
22.586876 0.000613
22.586890 0.000613
22.579483 0.000797
22.579489 0.000797
22.612096 0.000000
22.610208 0.000044
22.595337 0.000408
22.606825 0.000131
22.579961 0.000788
22.605613 0.000166
22.618744 0.000164
22.627505 0.000376
22.595573 0.000402
22.595584 0.000402
22.629872 0.000431
22.629892 0.000432
22.612056 0.000000
22.611978 0.000000
22.612205 0.000001
22.609672 0.000065
22.609652 0.000066
22.616863 0.000112
22.616807 0.000110
22.611945 0.000001
22.612157 0.000000
22.612299 0.000004
22.612268 0.000006
22.608562 0.000089
22.608563 0.000089
22.606181 0.000147
22.606150 0.000147
22.611956 0.000000
22.612292 0.000009
22.611898 0.000001
22.611782 0.000005
22.605231 0.000151
22.605231 0.000151
22.604003 0.000186
22.604415 0.000176
22.611862 0.000004
22.612018 0.000000
22.488829 0.003025
22.585448 0.000658
22.600946 0.000270
22.650170 0.000908
22.597206 0.000372
22.622878 0.000267
22.581730 0.000755
22.488651 0.003037
22.488651 0.003037
22.606368 0.000152
22.606371 0.000152
22.611948 0.000001
22.611751 0.000007
22.611881 0.000008
22.598690 0.000333
22.554090 0.001415
22.569905 0.001032
22.580483 0.000774
22.611929 0.000005
22.668741 0.001385
22.583183 0.000703
22.583192 0.000703
22.599968 0.000292
22.600003 0.000291
22.611911 0.000000
22.611840 0.000000
22.611932 0.000006
22.532607 0.001938
22.532197 0.001948
22.588457 0.000573
22.588458 0.000573
22.611804 0.000002
22.611740 0.000005
22.600677 0.000272
22.623209 0.000270
22.587896 0.000582
22.630548 0.000452
22.569238 0.001048
22.648258 0.000887
22.580541 0.000769
22.611693 0.000000
22.612152 0.000009
22.597965 0.000362
22.597967 0.000361
22.533436 0.001914
22.533436 0.001914
22.611999 0.000008
22.611762 0.000004
22.610187 0.000047
22.626447 0.000354
22.595909 0.000403
22.599262 0.000297
22.628366 0.000401
22.681775 0.001708
22.594636 0.000417
22.611842 0.000001
22.617749 0.000006
22.526010 0.002090
22.526012 0.002090
22.579839 0.000770
22.580249 0.000760
22.609297 0.000077
22.615023 0.000064
22.590966 0.000507
22.606007 0.000142
22.614490 0.000080
22.679529 0.001651
22.563259 0.001172
22.617634 0.000004
22.564737 0.001142
22.564735 0.001142
22.581849 0.000737
22.613860 0.000054
22.611808 0.000001
22.611908 0.000000
22.612336 0.000005
22.544128 0.001666
22.544127 0.001666
22.600606 0.000287
22.600750 0.000284
22.611412 0.000006
22.611669 0.000005
22.650924 0.000951
22.662324 0.001222
22.610516 0.000031
22.561454 0.001231
22.635664 0.000588
22.561693 0.001220
22.561883 0.001223
22.612226 0.000002
22.576448 0.000857
22.576446 0.000857
22.562276 0.001216
22.562295 0.001215
22.611695 0.000000
22.642788 0.000760
22.621593 0.000241
22.614250 0.000060
22.599391 0.000298
22.619556 0.000189
22.609384 0.000058
22.594009 0.000432
22.599231 0.000304
22.599248 0.000304
22.610376 0.000032
22.611787 0.000002
22.611714 0.000001
22.611694 0.000002
22.611778 0.000005
22.601494 0.000247
22.601514 0.000246
22.597771 0.000340
22.597785 0.000340
22.611655 0.000000
22.611570 0.000000
22.611485 0.000001
22.611570 0.000003
22.613027 0.000008
22.599675 0.000302
22.599675 0.000302
22.571736 0.000965
22.571736 0.000965
22.611416 0.000002
22.611704 0.000000
22.636208 0.000594
22.551346 0.001478
22.579971 0.000756
22.586374 0.000638
22.636910 0.000639
22.642884 0.000768
22.672337 0.001481
22.612770 0.000002
22.573014 0.000943
22.573024 0.000943
22.560738 0.001250
22.560737 0.001250
22.611609 0.000001
22.611673 0.000000
22.608102 0.000082
22.589305 0.000543
22.607510 0.000093
22.593339 0.000448
22.605904 0.000128
22.617112 0.000130
22.617093 0.000131
22.614685 0.000078
22.614333 0.000069
22.607418 0.000089
22.607411 0.000089
22.611626 0.000000
22.616616 0.000123
22.598302 0.000322
22.615804 0.000106
22.616071 0.000111
22.606365 0.000122
22.609966 0.000041
22.611632 0.000002
22.611476 0.000004
22.611516 0.000003
22.602445 0.000219
22.602460 0.000218
22.611557 -0.000000
22.611489 0.000000
22.611287 0.000001
22.610687 0.000003
22.611527 0.000001
22.611476 0.000000
22.610592 0.000005
22.612062 0.000001
22.608779 0.000067
22.608453 0.000075
22.589061 0.000534
22.589064 0.000534
22.611456 0.000001
22.611627 0.000001
22.615744 0.000109
22.635274 0.000583
22.587394 0.000585
22.572748 0.000944
22.582883 0.000699
22.610468 0.000023
22.613213 0.000042
22.612188 0.000002
22.574286 0.000907
22.574278 0.000908
22.581958 0.000717
22.581963 0.000717
22.611418 0.000000
22.611321 0.000001
22.611570 0.000002
22.608603 0.000073
22.608607 0.000073
22.604941 0.000163
22.604949 0.000162
22.611484 0.000001
22.611377 0.000003
22.565056 0.001130
22.618441 0.000169
22.600292 0.000266
22.622315 0.000264
22.637755 0.000636
22.638714 0.000668
22.566293 0.001108
22.611458 0.000001
22.582838 0.000700
22.582902 0.000699
22.567745 0.001070
22.567737 0.001070
22.611394 0.000001
22.611526 0.000000
22.638821 0.000665
22.622390 0.000268
22.615795 0.000108
22.590571 0.000504
22.598252 0.000321
22.632101 0.000502
22.581993 0.000721
22.584480 0.000652
22.584494 0.000651
22.609584 0.000045
22.607777 0.000089
22.611396 0.000000
22.611323 0.000000
22.611130 0.000001
22.610873 0.000000
22.612331 0.000000
22.610727 0.000004
22.613094 0.000048
22.597112 0.000369
22.597112 0.000369
22.555598 0.001362
22.610931 0.000000
22.574540 0.000883
22.550277 0.001452
22.681166 0.001665
22.671313 0.001474
22.491808 0.002918
22.732097 0.002916
22.600356 0.000251
22.612363 0.000001
22.485114 0.003074
22.489442 0.002978
22.581426 0.000716
22.590475 0.000496
22.622635 0.000278
22.605705 0.000124
22.607730 0.000092
22.610245 0.000032
22.633634 0.000549
22.585631 0.000616
22.568042 0.001035
22.612174 0.000030
22.619454 0.000203
22.610802 0.000002
22.606636 0.000099
22.606628 0.000099
22.615134 0.000112
22.609537 0.000041
22.612337 0.000039
22.605712 0.000134
22.615124 0.000102
22.593816 0.000409
22.616553 0.000132
22.632504 0.000523
22.588746 0.000539
22.607370 0.000086
22.610029 0.000021
22.608885 0.000053
22.611471 0.000016
22.603051 0.000197
22.610024 0.000022
22.618265 0.000176
22.615946 0.000123
22.617579 0.000163
22.619226 0.000195
22.592582 0.000443
22.610924 0.000001
22.611078 0.000004
22.609752 0.000028
22.609793 0.000027
22.609752 0.000028
22.609793 0.000027
22.610585 0.000007
22.610955 0.000001
22.604781 0.000148
22.613725 0.000067
22.607802 0.000075
22.608437 0.000060
22.613412 0.000062
22.610198 0.000015
22.610484 0.000011
22.611495 0.000014
22.611501 0.000014
22.608938 0.000048
22.608930 0.000048
22.611050 0.000004
22.610808 0.000002
22.608781 0.000051
22.611678 0.000019
22.610397 0.000012
22.608940 0.000047
22.610617 0.000007
22.612910 0.000048
22.610097 0.000020
22.609276 0.000039
22.609276 0.000039
22.610548 0.000008
22.610545 0.000008
22.610970 0.000002
22.610848 0.000001
22.610774 0.000003
22.609349 0.000038
22.609350 0.000038
22.609614 0.000031
22.609621 0.000031
22.610998 0.000002
22.610851 0.000001
22.609986 0.000022
22.610892 0.000000
22.610097 0.000020
22.611136 0.000006
22.610560 0.000008
22.610647 0.000006
22.610924 0.000001
22.609377 0.000037
22.609379 0.000037
22.610165 0.000018
22.610174 0.000018
22.610808 0.000002
22.610895 0.000000
22.610631 0.000006
22.610562 0.000008
22.610698 0.000005
22.611437 0.000013
22.610815 0.000002
22.610882 0.000000
22.610317 0.000014
22.610240 0.000016
22.610240 0.000016
22.610151 0.000018
22.610161 0.000018
22.610923 0.000001
22.610867 0.000001
22.610803 0.000002
22.610532 0.000009
22.610731 0.000004
22.611017 0.000003
22.610820 0.000002
22.610966 0.000002
22.610733 0.000004
22.610601 0.000007
22.610609 0.000007
22.610702 0.000005
22.610699 0.000005
22.610898 0.000000
22.610863 0.000001
22.610793 0.000002
22.610732 0.000004
22.610874 0.000000
22.610965 0.000002
22.610992 0.000002
22.610841 0.000001
22.610746 0.000003
22.610616 0.000007
22.610628 0.000007
22.610562 0.000008
22.610568 0.000008
22.610865 0.000001
22.610888 0.000000
22.610867 0.000001
22.610885 0.000000
22.610870 0.000001
22.610883 0.000000
22.610871 0.000000
22.610864 0.000001
22.610867 0.000001
22.610879 0.000000
22.610865 0.000000
22.610846 0.000000
22.610791 0.000000
22.610637 0.000000
22.610288 0.000002
22.603027 0.000184
22.603231 0.000179
22.591408 0.000476
22.591423 0.000476
22.610686 0.000000
22.609601 0.000021
22.612168 0.000042
22.602099 0.000211
22.619599 0.000209
22.626296 0.000382
22.596901 0.000334
22.610099 0.000017
22.622242 0.000283
22.622266 0.000284
22.604804 0.000148
22.604804 0.000148
22.608358 0.000060
22.611207 0.000016
22.611738 0.000021
22.610124 0.000011
22.611245 0.000019
22.610378 0.000008
22.609711 0.000025
22.610830 0.000006
22.611147 0.000010
22.610377 0.000005
22.610889 0.000008
22.610505 0.000004
22.610274 0.000010
22.610690 0.000002
22.610883 0.000004
22.610503 0.000003
22.610753 0.000003
22.610567 0.000002
22.610787 0.000003
22.610574 0.000002
22.610542 0.000003
22.610653 0.000000
22.610697 0.000001
22.610666 0.000000
22.610884 0.000002
22.596722 0.000338
22.596651 0.000340
22.593673 0.000413
22.593672 0.000413
22.610543 0.000001
22.610724 0.000000
22.610308 0.000001
22.610100 0.000006
22.610093 0.000003
22.604300 0.000145
22.603930 0.000155
22.607097 0.000109
22.607097 0.000109
22.610554 0.000001
22.610767 0.000002
22.566438 0.001070
22.573132 0.000930
22.593814 0.000413
22.605334 0.000132
22.610536 0.000014
22.610758 0.000011
22.617116 0.000160
22.610036 0.000004
22.536306 0.001807
22.535670 0.001823
22.569673 0.000991
22.569677 0.000991
22.610600 0.000000
22.610543 0.000001
22.610496 0.000001
22.596056 0.000344
22.596136 0.000342
22.530343 0.001959
22.530343 0.001959
22.610595 0.000001
22.610662 0.000000
22.602903 0.000189
22.609693 0.000020
22.618148 0.000184
22.631117 0.000493
22.590631 0.000492
22.602595 0.000182
22.599259 0.000269
22.592442 0.000442
22.592443 0.000442
22.610446 0.000006
22.610499 0.000007
22.610610 0.000000
22.609962 0.000005
22.605974 0.000111
22.610374 0.000009
22.607354 0.000076
22.597863 0.000311
22.610671 0.000007
22.615015 0.000110
22.611674 0.000032
22.611690 0.000032
22.600912 0.000233
22.600918 0.000233
22.610589 0.000001
22.610643 0.000000
22.610050 0.000004
22.606953 0.000090
22.608030 0.000063
22.611712 0.000027
22.606426 0.000100
22.610567 0.000007
22.609963 0.000015
22.609653 0.000014
22.609804 0.000010
22.612095 0.000037
22.612135 0.000038
22.610593 0.000000
22.610563 0.000000
22.610477 0.000000
22.610241 0.000001
22.609735 0.000004
22.593707 0.000395
22.593731 0.000395
22.571546 0.000957
22.571558 0.000956
22.610506 0.000000
22.602137 0.000202
22.610059 0.000011
22.625716 0.000363
22.585024 0.000626
22.629959 0.000481
22.590594 0.000484
22.608035 0.000051
22.599634 0.000257
22.599613 0.000257
22.615210 0.000120
22.615244 0.000121
22.610470 0.000000
22.610407 0.000001
22.610449 0.000001
22.594319 0.000395
22.594321 0.000395
22.607354 0.000077
22.607322 0.000077
22.610418 0.000001
22.610548 0.000000
22.602971 0.000182
22.607451 0.000071
22.608564 0.000048
22.605382 0.000120
22.599834 0.000262
22.613032 0.000068
22.617899 0.000182
22.598137 0.000305
22.598142 0.000305
22.601938 0.000204
22.601939 0.000204
22.610439 0.000001
22.610531 0.000000
22.606187 0.000104
22.609916 0.000013
22.610772 0.000006
22.606403 0.000101
22.603506 0.000164
22.616980 0.000161
22.614286 0.000094
22.600776 0.000230
22.608698 0.000038
22.609568 0.000022
22.609584 0.000022
22.610445 0.000000
22.610396 0.000001
22.610375 0.000001
22.603077 0.000175
22.603082 0.000174
22.605061 0.000131
22.605071 0.000131
22.610419 0.000001
22.610503 0.000000
22.612609 0.000051
22.609073 0.000034
22.614744 0.000103
22.606143 0.000106
22.604767 0.000133
22.615719 0.000131
22.608325 0.000050
22.609090 0.000031
22.609271 0.000026
22.610245 0.000007
22.610259 0.000007
22.610441 0.000000
22.610410 0.000001
22.610429 0.000001
22.608888 0.000033
22.609150 0.000027
22.607670 0.000067
22.607619 0.000069
22.610415 0.000001
22.610480 0.000000
22.609783 0.000017
22.612174 0.000042
22.610732 0.000006
22.613008 0.000062
22.606849 0.000084
22.613634 0.000081
22.607928 0.000061
22.608214 0.000055
22.608469 0.000045
22.608478 0.000045
22.610490 0.000001
22.610436 0.000001
22.610469 0.000000
22.609838 0.000015
22.610341 0.000003
22.609209 0.000030
22.611130 0.000017
22.609532 0.000019
22.610949 0.000016
22.610917 0.000011
22.610041 0.000010
22.610027 0.000010
22.610436 0.000001
22.610467 0.000000
22.610625 0.000004
22.610458 0.000000
22.610898 0.000010
22.610004 0.000011
22.609795 0.000012
22.610686 0.000010
22.609789 0.000016
22.610246 0.000001
22.610782 0.000008
22.610812 0.000009
22.610451 0.000000
22.610447 0.000000
22.610512 0.000001
22.610143 0.000008
22.610157 0.000007
22.610544 0.000002
22.610425 0.000003
22.610057 0.000006
22.610719 0.000006
22.610319 0.000001
22.610331 0.000003
22.610370 0.000002
22.610434 0.000001
22.610452 0.000000
22.610457 0.000000
22.610583 0.000003
22.610439 0.000001
22.610384 0.000002
22.610203 0.000002
22.610278 0.000000
22.610390 0.000002
22.610515 0.000006
22.610520 0.000006
22.609894 0.000010
22.609899 0.000010
22.610339 0.000001
22.610237 0.000001
22.610115 0.000004
22.609217 0.000026
22.609217 0.000026
22.609667 0.000015
22.609668 0.000015
22.610182 0.000003
22.610285 0.000000
22.609518 0.000019
22.609952 0.000008
22.610292 0.000000
22.610493 0.000005
22.609997 0.000007
22.610477 0.000005
22.610515 0.000006
22.609610 0.000017
22.609615 0.000016
22.609461 0.000020
22.609460 0.000020
22.610305 0.000000
22.610257 0.000001
22.610052 0.000006
22.610300 0.000000
22.610494 0.000005
22.610284 0.000000
22.609981 0.000008
22.610477 0.000005
22.610055 0.000006
22.610050 0.000006
22.610030 0.000006
22.610055 0.000006
22.610055 0.000006
22.610270 0.000000
22.610255 0.000001
22.610267 0.000001
22.610286 0.000000
22.610273 0.000000
22.610267 0.000001
22.610281 0.000000
22.610267 0.000001
22.610280 0.000000
22.610270 0.000000
22.610266 0.000001
22.610276 0.000000
22.610266 0.000001
22.610275 0.000000
22.610268 0.000001
22.610274 0.000000
22.610245 0.000001
22.610103 0.000004
22.610117 0.000004
22.610064 0.000006
22.610072 0.000006
22.610268 0.000001
22.610273 0.000000
22.610159 0.000003
22.609997 0.000007
22.610238 0.000001
22.610591 0.000007
22.609883 0.000010
22.609988 0.000007
22.610578 0.000007
22.610008 0.000007
22.610008 0.000007
22.610200 0.000002
22.610201 0.000002
22.610269 0.000001
22.610273 0.000000
22.610157 0.000003
22.610317 0.000001
22.610340 0.000001
22.610322 0.000001
22.610170 0.000003
22.610273 0.000000
22.610197 0.000002
22.610311 0.000000
22.610306 0.000000
22.610289 0.000000
22.610270 0.000000
22.610208 0.000002
22.610254 0.000001
22.610256 0.000001
22.610319 0.000001
22.610220 0.000002
22.610286 0.000000
22.610264 0.000001
22.610244 0.000001
22.610257 0.000001
22.610255 0.000001
22.610260 0.000001
22.610251 0.000001
22.610292 0.000000
22.610265 0.000001
22.610286 0.000000
22.610272 0.000000
22.610264 0.000001
22.610281 0.000000
22.610262 0.000001
22.610280 0.000000
22.610266 0.000001
22.610277 0.000000
22.610266 0.000001
22.610276 0.000000
22.610268 0.000001
22.610275 0.000000
22.610268 0.000001
22.610274 0.000000
22.610269 0.000000
22.610267 0.000001
22.610267 0.000001
22.610272 0.000000
22.610269 0.000000
22.610267 0.000001
22.610271 0.000000
22.610268 0.000000
22.610266 0.000001
22.610267 0.000001
22.610270 0.000000
22.610268 0.000000
22.610267 0.000001
22.610269 0.000000
22.610268 0.000001
22.610269 0.000000
22.610265 0.000001
22.610086 0.000005
22.610086 0.000005
22.610234 0.000001
22.610132 0.000004
22.610143 0.000003
22.610149 0.000003
22.610146 0.000003
22.610156 0.000003
22.610241 0.000001
22.610282 0.000000
22.610336 0.000001
22.610361 0.000002
22.610101 0.000005
22.610367 0.000002
22.610254 0.000001
22.610270 0.000000
22.610280 0.000000
22.610091 0.000005
22.610091 0.000005
22.610266 0.000001
22.610272 0.000000
22.610282 0.000000
22.610229 0.000001
22.610213 0.000002
22.610208 0.000002
22.610242 0.000001
22.610266 0.000001
22.610203 0.000002
22.610321 0.000001
22.610336 0.000001
22.610362 0.000002
22.610136 0.000004
22.610247 0.000001
22.610146 0.000003
22.610149 0.000003
22.610226 0.000002
22.610232 0.000001
22.610236 0.000001
22.610307 0.000000
22.610234 0.000001
22.610240 0.000001
22.610301 0.000000
22.610222 0.000002
22.610272 0.000000
22.610119 0.000004
22.610120 0.000004
22.610209 0.000002
22.610208 0.000002
22.610258 0.000001
22.610287 0.000000
22.610255 0.000001
22.610289 -0.000000
22.610228 0.000001
22.610225 0.000002
22.610268 0.000000
22.610240 0.000001
22.610133 0.000004
22.610134 0.000004
22.610268 0.000001
22.610269 0.000000
22.610284 0.000000
22.610213 0.000002
22.610256 0.000001
22.610219 0.000002
22.610222 0.000002
22.610237 0.000001
22.610328 0.000001
22.610251 0.000001
22.610194 0.000002
22.610236 0.000001
22.610207 0.000002
22.610277 0.000000
22.610287 0.000000
22.610257 0.000001
22.610287 0.000000
22.610209 0.000002
22.610247 0.000001
22.610256 0.000001
22.610271 0.000000
22.610233 0.000001
22.610254 0.000001
22.610268 0.000000
22.610268 0.000001
22.610269 0.000000
22.610266 0.000001
22.610267 0.000001
22.610284 0.000000
22.610224 0.000002
22.610231 0.000001
22.610266 0.000001
22.610256 0.000001
22.610269 0.000000
22.610265 0.000001
22.610268 0.000001
22.610269 0.000000
22.610266 0.000001
22.610268 0.000000
22.610221 0.000002
22.610264 0.000001
22.610264 0.000001
22.610235 0.000001
22.610272 0.000000
22.610223 0.000002
22.610260 0.000001
22.610264 0.000001
22.610267 0.000001
22.610269 0.000000
22.610268 0.000001
22.610269 0.000000
22.610266 0.000001
22.610268 0.000001
22.610268 0.000000
22.610272 0.000000
22.610228 0.000001
22.610228 0.000001
22.610269 0.000000
22.610266 0.000001
22.610266 0.000001
22.610268 0.000000
22.610268 0.000001
22.610269 0.000000
22.610267 0.000001
22.610268 0.000001
22.610267 0.000001
22.610267 0.000001
22.610227 0.000001
22.610226 0.000002
22.610225 0.000002
22.610259 0.000001
22.610260 0.000001
22.610268 0.000001
22.610269 0.000000
22.610269 0.000000
22.610269 0.000000
22.610270 0.000000
22.610271 0.000000
22.610227 0.000001
22.610228 0.000001
22.610263 0.000001
22.610266 0.000001
22.610267 0.000001
22.610269 0.000000
22.610268 0.000001
22.610268 0.000000
22.610269 0.000000
22.610226 0.000001
22.610222 0.000002
22.610222 0.000002
22.610259 0.000001
22.610260 0.000001
22.610268 0.000000
22.610268 0.000000
22.610268 0.000001
22.610269 0.000000
22.610270 0.000000
22.610271 0.000000
22.610224 0.000002
22.610227 0.000001
22.610264 0.000001
22.610224 0.000002
22.610266 0.000001
22.610267 0.000001
22.610268 0.000000
22.610267 0.000001
22.610268 0.000000
22.610269 0.000000
22.610267 0.000001
22.610225 0.000002
22.610226 0.000001
22.610268 0.000001
22.610225 0.000002
22.610267 0.000001
22.610267 0.000001
22.610268 0.000000
22.610268 0.000000
22.610268 0.000001
22.610268 0.000001
22.610268 0.000000
22.610268 0.000000
22.610226 0.000002
22.610226 0.000001
22.610268 0.000000
22.610226 0.000002
22.610268 0.000001
22.610268 0.000001
22.610268 0.000000
22.610268 0.000000
22.610268 0.000001
22.610268 0.000000
22.610268 0.000000
22.610268 0.000000
22.610226 0.000001
22.610226 0.000001
22.610268 0.000000
22.610226 0.000001
22.610268 0.000000
22.610268 0.000000
22.610268 0.000000
22.610268 0.000000
22.610268 0.000000
22.610268 0.000000
22.610268 0.000000
22.610268 0.000000
22.610226 0.000002
22.610226 0.000001
22.610268 0.000000
22.610268 0.000001
22.610268 0.000000
22.610268 0.000000
22.610268 0.000000
22.610268 0.000000
22.610268 0.000000
22.610226 0.000001
22.610226 0.000001
22.610268 0.000000
22.610268 0.000001
22.610268 0.000000
22.610268 0.000000
22.610268 0.000000
22.610268 0.000000
22.610268 0.000000
22.610226 0.000001
22.610226 0.000001
22.610268 0.000000
22.610268 0.000000
22.610268 0.000000
22.610268 0.000000
22.610268 0.000000
22.610268 0.000000
22.610268 0.000000
22.610226 0.000001
22.610226 0.000001
22.610268 0.000000
22.610268 0.000000
22.610268 0.000000
22.610268 0.000000
22.610268 0.000000
22.610268 0.000000
22.610268 0.000000
22.610226 0.000001
22.610226 0.000001
22.610268 0.000000
22.610268 0.000000
22.610268 0.000000
22.610268 0.000000
22.610268 0.000000
22.610268 0.000000
22.610268 0.000000
22.610226 0.000001
22.610226 0.000001
22.610268 0.000000
22.610268 0.000000
22.610268 0.000000
22.610268 0.000000
22.610268 0.000000
22.610268 0.000000
22.610268 0.000000
22.610226 0.000001
22.610226 0.000001
22.610268 0.000000
22.610268 0.000000
22.610268 0.000000
22.610268 0.000000
22.610268 0.000000
22.610268 0.000000
22.610268 0.000000
22.610226 0.000001
22.610226 0.000001
22.610268 0.000000
22.610268 0.000000
22.610268 0.000000
22.610268 0.000000
22.610268 0.000000
22.610268 0.000000
22.610268 0.000000
22.610226 0.000001
22.610226 0.000001
22.610268 0.000000
22.610268 0.000000
22.610268 0.000000
22.610268 0.000000
22.610268 0.000000
22.610268 0.000000
22.610268 0.000000
22.610226 0.000001
22.610226 0.000001
22.610268 0.000000
22.610268 0.000000
22.610268 0.000000
22.610268 0.000000
22.610268 0.000000
22.610226 0.000001
22.610226 0.000001
22.610268 0.000000
22.610268 0.000000
22.610268 0.000000
22.610268 0.000000
22.610226 0.000001
22.610226 0.000001
22.610268 0.000000
22.610268 0.000000
22.610268 0.000000
22.610268 0.000000
22.610226 0.000001
22.610226 0.000001
22.610268 0.000000
22.610268 0.000000
22.610268 0.000000
22.610268 0.000000
22.610268 0.000000
22.610268 0.000000
