4.999754 7.607900 0.009291 0.000629
9.161954 7.607900 33.318909 8.433429
9.488174 5.607900 36.774909 0.999371
5.325974 7.607900 1.446709 0.999371
4.693534 8.607900 94.963291 1.000629
5.672194 5.607900 36.068709 6.433429
1.816694 16.607900 6.701691 7.864971
2.226454 10.007900 3.932371 1.000629
2.026982 11.567900 6.491403 5.445291
3.250486 14.307900 31.244119 9.971179
4.886866 8.707900 1.271959 2.215477
5.585350 6.564000 1.706085 0.924943
6.684010 4.944000 6.074085 3.924943
3.609370 7.944000 34.326115 8.377743
5.585350 7.184000 32.872085 7.527857
5.585350 7.944000 31.459915 7.377743
5.585350 6.564000 31.459915 0.924943
5.585350 6.564000 32.872085 0.924943
10.619990 3.564000 77.272285 2.924943
3.975590 5.564000 70.627885 5.527857
5.585350 7.184000 1.706085 0.924943
5.585350 6.564000 66.625915 0.924943
9.581330 6.564000 26.593715 8.527857
2.344490 11.944000 32.150115 8.830543
7.538938 3.865500 6.929013 3.700459
3.175496 8.597900 30.462231 7.102603
7.084186 7.060000 29.090859 4.136085
5.552228 6.640300 31.493037 3.051457
7.496450 6.064000 3.617185 0.850315
5.585350 6.624000 1.706085 0.398347
5.964892 5.537500 3.195407 3.375503
5.964892 5.527900 36.361407 0.400897
3.518688 9.527900 2.640137 3.530447
4.057898 6.112800 35.692725 9.047883
7.582172 6.379500 12.679605 3.367029
4.820456 6.156300 18.463615 5.457855
6.757054 6.299500 5.288289 0.942101
5.340974 6.197900 10.248099 3.433327
6.381470 6.264300 1.653311 0.219663
6.775865 6.557500 1.712343 1.419371
6.767331 6.987900 0.168637 1.970213
6.150838 5.893500 2.218707 2.064767
4.956832 6.387500 1.110285 1.185487
4.782458 7.480300 0.728007 0.529803
6.211370 6.261500 1.036475 1.160315
6.073454 6.330400 0.882097 1.825083
6.288415 5.766800 2.176649 1.664943
6.638194 5.396000 3.972117 2.034943
5.852305 6.250400 0.000185 0.688347
5.780682 6.812000 0.800013 0.119179
5.676119 6.352800 3.896553 0.123105
6.049226 5.997500 1.026143 1.533599
7.651814 5.696000 0.848387 0.955231
9.381631 5.362800 1.882341 0.764175
6.943865 5.574800 2.253185 2.085083
7.446059 5.410300 0.017829 1.570315
8.121691 5.268300 0.545761 1.695487
8.197572 5.690000 4.062011 1.060459
6.701168 5.650400 0.484785 1.500315
7.325398 6.108300 1.856667 0.343035
7.016838 5.560400 1.523351 1.659371
9.193808 4.895500 1.539405 2.195083
10.436280 4.584300 0.730533 1.610459
13.338192 3.914000 1.343589 1.604175
11.786864 4.400800 0.353301 1.449803
14.948328 3.892300 3.233879 1.559803
13.400638 3.608300 0.109735 2.649371
15.692733 4.249500 0.266097 1.356207
21.506239 2.614300 4.335525 1.736091
17.368970 3.272800 2.301823 1.748347
13.550711 3.749500 1.805729 1.938347
17.797732 3.164000 0.359669 2.298347
21.343710 2.787900 0.982073 2.656091
17.541244 3.380000 3.566707 1.959803
14.452818 3.661500 0.554941 1.908347
18.166479 3.577900 1.641965 0.869067
16.614200 3.052300 1.606441 1.984175
20.804551 2.897500 0.781305 1.886207
25.359070 2.694000 1.589085 2.111951
17.631936 3.192000 0.918295 1.799179
22.410669 2.560400 2.384943 1.624523
19.840684 2.214800 0.145323 2.975231
22.980073 3.394300 0.429529 2.281951
18.118723 2.811500 1.009879 2.062319
21.765800 2.294300 0.636407 1.821951
23.888560 1.889500 1.642295 1.629067
17.718351 2.608300 1.167775 2.488347
18.846536 2.584300 0.419665 2.276091
30.948235 0.847900 13.185719 1.039615
21.421117 2.739500 16.723003 0.884383
20.246781 2.340000 3.234329 2.462319
21.970912 1.849500 1.589411 0.248805
14.388712 7.009500 5.992789 9.521605
21.970912 2.769500 1.589411 0.248805
21.970912 1.849500 37.875411 0.248805
31.553112 0.849500 11.171611 0.248805
21.970912 2.929500 1.589411 0.248805
21.603692 2.849500 35.132589 1.248805
21.970912 1.849500 1.589411 9.521605
14.775932 2.769500 5.556789 8.023995
16.799068 4.729500 2.041559 6.573621
22.534855 1.693500 1.409343 0.200507
23.379496 1.477900 1.119801 0.657029
23.379496 2.877900 37.786199 0.657029
23.379496 2.077900 1.119801 0.657029
23.771916 0.477900 40.361801 0.342971
33.261696 0.477900 11.002001 0.657029
23.379496 2.877900 1.119801 0.657029
23.379496 2.077900 38.025801 0.657029
23.379496 1.477900 1.119801 10.089829
15.124876 3.477900 82.910399 5.775771
26.012970 2.386300 0.236775 3.402437
24.304534 1.280000 2.421901 1.787221
22.406296 1.956000 0.905301 0.979615
21.577480 1.598000 0.834079 1.894449
22.140307 1.630000 1.016333 0.950913
23.592038 1.630400 0.565965 0.147889
24.377821 1.800400 0.181581 0.144945
22.274689 1.850000 0.773417 0.445391
23.175373 1.410300 1.290155 1.436737
22.618182 1.720800 0.741185 0.353963
23.041120 1.439500 0.019433 0.617029
23.344508 1.327500 0.068361 0.941169
23.818461 1.410400 0.422811 0.727647
24.323750 1.566000 0.148541 0.621457
23.569021 1.892000 0.592875 0.533963
23.472243 1.418800 0.832723 0.394945
24.738834 1.087900 0.158949 0.745941
25.739024 0.794000 0.431631 1.417221
24.123290 1.355500 0.044503 0.502801
24.525060 1.170400 0.808895 0.318773
23.767041 1.666000 0.402231 0.008367
24.229181 1.327900 0.055459 0.462801
24.476499 1.084000 0.494497 1.839505
23.935174 1.328000 0.229667 0.061195
25.653440 1.017900 0.461551 0.184945
26.922321 0.860300 0.378005 0.072111
25.068280 1.114300 0.888597 0.338773
24.612525 1.164800 0.719333 0.328773
25.676685 1.327500 0.453391 0.041317
25.567658 1.179500 0.218967 0.081317
26.550700 0.890400 0.370653 0.185339
25.365742 1.037900 0.410043 0.121317
27.768772 0.728300 0.411851 0.336085
29.848020 0.606300 0.443451 0.552225
28.217359 0.717900 0.116181 0.638479
28.343632 0.492300 0.173537 0.295339
29.890704 0.230400 0.238747 0.395339
30.434851 0.587900 0.522977 0.475339
30.836698 0.240000 0.106169 0.278683
33.008552 0.084000 0.800031 0.418683
30.134590 0.223500 0.436863 0.260913
32.841119 0.175700 0.163747 0.118543
36.035961 0.671700 0.347363 0.219087
30.126685 0.132800 0.356137 0.365941
33.913359 0.417200 0.351553 0.425055
32.365220 0.187200 0.242261 0.251227
32.242826 0.140500 0.454697 0.545339
30.653155 0.110400 0.319653 0.081457
32.467971 0.057900 0.931819 0.741195
30.756677 0.042800 0.180429 0.081457
33.164285 0.101200 0.085353 0.221169
30.884172 0.316000 0.279111 0.275941
32.042283 0.112100 0.160627 0.157199
32.968647 0.372100 0.262069 0.342225
31.389925 0.073500 0.009961 0.107199
33.489251 0.275200 0.811879 0.118543
31.297093 0.016300 0.098481 0.031457
30.629454 0.130400 0.081947 0.141457
31.019904 0.043700 0.422607 0.452225
29.359524 0.416300 0.042803 0.252111
32.164302 0.123700 0.061065 0.140913
31.297093 0.456300 3.474159 3.569803
36.778193 0.483700 5.382619 0.031457
31.101283 2.076300 16.899361 2.149067
31.269378 0.086300 23.012921 0.318683
31.101283 0.956300 16.899361 4.258033
26.751825 1.006300 49.172979 2.595205
31.019904 0.112100 0.422607 0.452225
30.438802 0.150400 0.268103 0.270913
31.611859 0.048000 0.181675 0.052971
32.286553 0.149700 0.361663 0.068543
31.064488 0.054000 0.096675 0.091457
32.262672 0.010400 0.350623 0.008543
31.180681 0.006800 0.197877 0.061457
31.272295 0.208000 8.167157 0.083915
33.425568 0.244000 2.830119 0.381169
30.245024 0.079500 3.620579 1.802017
30.876240 0.007200 8.909089 0.638053
31.830639 0.476300 1.968511 1.653589
30.197670 0.594800 4.278541 3.859371
31.441577 0.093700 4.777761 0.016085
32.254727 0.104500 2.343743 0.575339
31.192571 0.178300 0.600963 0.052971
32.238862 0.036000 0.456137 0.906737
30.680897 0.045500 3.917573 0.608053
30.008578 0.186000 1.044495 0.683823
32.261877 0.012400 0.270415 0.040338
31.129287 0.009800 0.066059 0.051005
30.444722 0.163100 0.022367 0.134164
31.729674 0.053200 0.041829 0.071629
31.032850 0.085700 0.193884 0.108569
31.467076 0.015800 0.086350 0.012600
31.741536 0.040600 0.157458 0.077889
31.233028 0.026100 0.030395 0.049555
31.351595 0.060700 0.060137 0.184321
31.380063 0.033800 0.008816 0.034158
31.478007 0.014300 0.082204 0.018474
30.948000 0.068800 0.079091 0.042668
31.532741 0.023800 0.016270 0.043211
31.234406 0.023400 0.147825 0.064031
31.408823 0.003800 0.029740 0.006762
31.195400 0.031400 0.067059 0.028390
31.571335 0.027100 0.103187 0.013368
31.239990 0.009300 0.023122 0.034721
31.522952 0.012600 0.066457 0.011308
31.440620 0.004500 0.033588 0.015551
31.567763 0.020500 0.030852 0.022800
31.282025 0.025900 0.009365 0.043104
31.344342 0.013500 0.004658 0.021137
31.420339 0.031400 0.008249 0.039640
31.390130 0.014800 0.003558 0.015514
31.162199 0.031600 0.042728 0.030774
31.465868 0.005700 0.011781 0.009668
31.580823 0.002200 0.025845 0.044274
31.324470 0.008100 0.007232 0.014984
31.333073 0.013800 0.044222 0.025589
31.413450 0.000200 0.012855 0.005053
31.296813 0.015800 0.308589 0.035053
31.413450 0.009400 0.012855 0.005053
31.035330 0.087500 7.135985 0.159201
32.460173 0.090700 2.264849 0.204285
31.192253 0.181800 0.600579 0.204285
30.541449 0.133300 3.580195 0.615149
31.631498 0.025500 0.575621 0.839213
31.639434 0.040200 5.778267 1.923615
31.256463 0.021100 0.086523 0.049217
31.458421 0.002200 0.002176 0.021097
31.394727 0.003200 0.686726 0.416033
31.939418 0.048100 0.464406 0.029108
31.429031 0.039400 0.577027 0.171317
31.409887 0.003700 2.125573 0.047605
31.463703 0.069900 1.832008 0.108203
30.849162 0.091100 1.349269 0.179024
31.439673 0.010524 0.012463 0.030155
31.403026 0.008201 0.000972 0.003656
31.371769 0.036821 0.034662 0.029776
31.349698 0.008461 0.005884 0.016376
31.376880 0.008181 0.007924 0.007064
31.520373 0.007039 0.459062 0.166260
31.625157 0.037079 1.579557 0.045370
31.414456 0.075201 0.352940 0.016550
31.392411 0.001901 1.701471 0.008162
31.475573 0.044481 2.151857 0.116467
30.992462 0.011259 3.091552 0.008549
31.371769 0.038696 0.034662 0.029776
31.504713 0.000177 0.002014 0.018714
31.370020 0.005864 0.008391 0.006085
31.391039 0.009547 0.495669 0.026188
31.475768 0.006560 0.894289 0.006851
31.406290 0.035201 0.067679 0.003112
31.511214 0.011942 0.907772 0.001651
31.395450 0.009652 0.133500 0.081446
31.238778 0.024223 0.436954 0.068668
31.398214 0.002804 0.005508 0.008713
31.353882 0.013236 0.074799 0.022599
31.418095 0.026826 0.622647 0.007141
31.458640 0.003756 0.569214 0.000910
31.429510 0.001738 0.221063 0.002341
31.391460 0.012607 0.117032 0.040270
31.366640 0.002174 0.322463 0.029168
31.318854 0.013572 0.021640 0.006349
31.429080 0.000980 0.003429 0.005664
31.507299 0.027952 0.018219 0.011656
31.377456 0.007740 0.007604 0.012703
31.404452 0.001667 0.006146 0.000606
31.330881 0.010471 0.035085 0.019415
31.425427 0.003483 0.007448 0.002551
31.428109 0.017306 0.802822 0.019343
31.369077 0.019203 0.215494 0.003184
31.300621 0.018889 0.072036 0.002032
31.390943 0.000474 0.790960 0.000264
31.401346 0.001444 0.010938 0.017392
31.536926 0.029588 0.272709 0.010546
31.330625 0.010495 0.034829 0.019415
31.454077 0.004851 0.011130 0.012013
31.391016 0.003216 0.003906 0.001578
31.350771 0.007998 0.002742 0.004494
31.470991 0.004569 0.005424 0.006371
31.440103 0.001366 0.001577 0.003601
31.587629 0.015104 0.005149 0.019132
31.432860 0.008314 0.000770 0.001830
31.454327 0.030528 0.514514 0.043894
31.650519 0.020957 0.259434 0.002067
31.448970 0.026389 0.958707 0.036377
31.431241 0.010543 0.306560 0.029225
31.451049 0.012096 1.229592 0.019338
31.205415 0.024377 1.727799 0.012227
31.413129 0.001144 0.011370 0.004670
31.422333 0.002318 0.005730 0.000774
31.493396 0.006752 0.705607 0.010107
31.546618 0.020605 0.094177 0.009579
31.368307 0.002220 0.102923 0.018277
31.490047 0.009966 0.553377 0.006513
31.430168 0.003750 0.013065 0.011883
31.312421 0.016731 0.120615 0.002031
31.401932 0.008630 0.000217 0.004356
31.425127 0.004185 0.000631 0.000284
31.451492 0.006888 0.296924 0.001442
31.492909 0.007522 0.095097 0.004264
31.437212 0.000387 0.212772 0.007066
31.438561 0.004338 0.108360 0.005441
31.440748 0.000115 0.045610 0.005807
31.379757 0.002186 0.152512 0.009199
31.404129 0.000117 0.006035 0.005520
31.422841 0.000804 0.001062 0.002868
31.371093 0.000973 0.008924 0.000663
31.436116 0.003865 0.006422 0.002139
31.412366 0.000286 0.003004 0.000076
31.380677 0.003716 0.018103 0.008258
31.414067 0.001134 0.009201 0.002694
31.420341 0.001444 0.001782 0.000080
31.444270 0.006617 0.016148 0.000091
31.457136 0.006186 0.004847 0.004095
31.407361 0.000851 0.001662 0.000148
31.368441 0.007738 0.011999 0.000831
31.416481 0.003207 0.000726 0.002874
31.423368 0.002439 0.001402 0.000547
31.203977 0.009926 0.863894 0.028315
31.514891 0.014221 0.146504 0.005193
31.473534 0.000819 0.136538 0.001207
31.291448 0.023367 1.290143 0.002606
31.203831 0.040480 0.419383 0.034134
31.758580 0.079010 0.868343 0.011511
31.394486 0.000034 0.000277 0.002244
31.300516 0.018316 0.551629 0.004908
31.490490 0.003701 0.434637 0.009861
31.428712 0.000216 0.211958 0.003351
31.437738 0.007619 0.161556 0.004909
31.405066 0.001599 0.028199 0.009090
31.381835 0.010728 0.973960 0.014710
31.400327 0.000288 0.002664 0.003543
31.417212 0.000683 0.000131 0.001265
31.446722 0.005278 0.003996 0.005531
31.412524 0.001726 0.005549 0.000323
31.412701 0.000293 0.003726 0.000018
31.469551 0.005603 0.582267 0.003648
31.523642 0.016138 0.128226 0.005936
31.371912 0.003470 0.016964 0.013856
31.462558 0.009447 0.732730 0.011326
31.407599 0.002930 0.005011 0.004977
31.268372 0.015208 0.000258 0.000451
31.446774 0.005279 0.005506 0.005504
31.412739 0.001786 0.002657 0.000276
31.412459 0.000233 0.001589 0.000012
31.421795 0.006029 0.179849 0.006358
31.469811 0.005131 0.259300 0.000766
31.434478 0.000335 0.131862 0.001624
31.365115 0.005525 0.098424 0.000181
31.424948 0.001602 0.059165 0.003072
31.387187 0.002954 0.347264 0.001733
31.397377 0.001831 0.000976 0.000970
31.416170 0.002481 0.080517 0.003179
31.411052 0.000683 0.047467 0.000673
31.426655 0.000686 0.004715 0.001770
31.401379 0.001167 0.099754 0.000418
31.438246 0.003139 0.010301 0.000029
31.409778 0.000373 0.013992 0.002925
31.391220 0.002135 0.002530 0.000923
31.413059 0.000549 0.000705 0.000171
31.400602 0.000142 0.002427 0.004479
31.420455 0.002082 0.001832 0.000447
31.403146 0.000849 0.000275 0.000616
31.433133 0.003420 0.034053 0.000962
31.426156 0.002369 0.128109 0.000284
31.417835 0.000171 0.024355 0.000283
31.392479 0.000810 0.022192 0.000310
31.416939 0.000806 0.019906 0.002043
31.391825 0.002330 0.031826 0.000256
31.426814 0.000129 0.001140 0.002371
31.402566 0.000006 0.000075 0.001090
31.413023 0.001163 0.016996 0.000430
31.423544 0.001549 0.009488 0.000171
31.412767 0.000103 0.042598 0.000219
31.413222 0.000568 0.029321 0.000144
31.412901 0.000531 0.022999 0.001281
31.402899 0.000414 0.098191 0.000360
31.412015 0.001096 0.001442 0.000102
31.410852 0.000609 0.000666 0.000113
31.404230 0.000788 0.000546 0.000060
31.396331 0.000247 0.000714 0.002037
31.411991 0.000451 0.000277 0.000439
31.415409 0.000026 0.000887 0.002098
31.414745 0.000625 0.001062 0.000930
31.405611 0.000152 0.000210 0.000585
31.386474 0.000747 0.000002 0.003659
31.415151 0.001869 0.000687 0.000468
31.406147 0.000170 0.000378 0.000345
31.407756 0.001138 0.000882 0.000375
31.414834 0.000151 0.000347 0.000370
31.420137 0.000622 0.000246 0.000585
31.440767 0.000119 0.000378 0.000444
31.411124 0.000623 0.000870 0.000063
31.417760 0.000311 0.000526 0.000423
31.425205 0.005315 0.277318 0.003794
31.519945 0.010563 0.044058 0.000897
31.407633 0.005367 0.063189 0.000790
31.469447 0.000289 0.154894 0.008696
31.403510 0.000248 0.095871 0.008284
31.263600 0.011778 0.318954 0.009275
31.440905 0.000100 0.000240 0.000444
31.518787 0.000039 0.000199 0.000669
31.431652 0.000573 0.000008 0.001315
31.417127 0.000214 0.000010 0.000005
31.345878 0.001158 0.002773 0.001387
31.491394 0.001082 0.003318 0.001483
31.382498 0.000716 0.002429 0.000721
31.625710 0.020200 0.330092 0.001945
31.628061 0.027798 0.806070 0.008983
31.448495 0.009515 0.142016 0.002591
31.316128 0.002305 0.125833 0.008526
31.425200 0.000357 0.039203 0.017682
31.061198 0.036157 0.166978 0.004730
31.345864 0.001121 0.000879 0.001351
31.441917 0.000331 0.000706 0.000054
31.415008 0.000054 0.000015 0.000452
31.483487 0.000256 0.036256 0.000818
31.523334 0.015146 0.238280 0.002693
31.379275 0.001823 0.172689 0.004296
31.413122 0.000578 0.183993 0.000416
31.421101 0.000278 0.019497 0.008995
31.282759 0.012413 0.170823 0.002435
31.396848 0.000055 0.000001 0.000199
31.374904 0.000136 0.000215 0.000076
31.335825 0.000462 0.000184 0.000810
31.402908 0.000266 0.000156 0.000097
31.405120 0.005894 0.273572 0.004616
31.501898 0.010084 0.047156 0.000304
31.401983 0.004603 0.054414 0.000629
31.438011 0.003743 0.162436 0.003347
31.394793 0.000137 0.021033 0.008538
31.239624 0.014811 0.516227 0.006400
31.336062 0.000438 0.000052 0.000810
31.361841 0.000379 0.000432 0.000116
31.421127 0.000025 0.000092 0.000304
31.345079 0.002407 0.060848 0.000292
31.406801 0.000378 0.000175 0.004391
31.374748 0.005077 0.025270 0.001515
31.350188 0.004812 0.178241 0.002980
31.417568 0.002213 0.023714 0.003831
31.486832 0.009994 0.119261 0.011816
31.390155 0.000225 0.000128 0.000184
31.409332 0.001860 0.017531 0.000932
31.413627 0.002603 0.078744 0.000215
31.389556 0.001315 0.025432 0.000020
31.376222 0.000499 0.013843 0.000418
31.398138 0.000089 0.004486 0.001940
31.394223 0.002416 0.131040 0.000837
31.397151 0.000002 0.000060 0.000059
31.394272 0.000136 0.000168 0.000040
31.398057 0.000172 0.000246 0.000360
31.401962 0.000117 0.000133 0.000332
31.393107 0.000140 0.000062 0.000055
31.391049 0.000291 0.012148 0.000942
31.396505 0.000570 0.016944 0.000825
31.386579 0.001927 0.021753 0.000546
31.398366 0.000064 0.017697 0.000128
31.389930 0.000393 0.014876 0.001903
31.420481 0.001372 0.058766 0.000636
31.385707 0.000154 0.000169 0.000073
31.395350 0.000112 0.007375 0.000055
31.398401 0.000457 0.002408 0.000873
31.402422 0.000191 0.004283 0.000561
31.394449 0.000484 0.012223 0.000377
31.401565 0.000785 0.003577 0.000840
31.390718 0.000061 0.005782 0.001229
31.395657 0.000301 0.000242 0.000495
31.397457 0.000054 0.000124 0.000146
31.398034 0.000274 0.007343 0.000123
31.399264 0.000134 0.000798 0.000168
31.398058 0.000195 0.002066 0.000280
31.399210 0.000340 0.003096 0.000561
31.396274 0.000148 0.002116 0.000441
31.392064 0.000417 0.005358 0.000883
31.397857 0.000425 0.000480 0.000578
31.396207 0.000120 0.000061 0.000227
31.397155 0.000088 0.002189 0.000165
31.398199 0.000099 0.000974 0.000063
31.397127 0.000120 0.000633 0.000231
31.397145 0.000002 0.002255 0.000101
31.397206 0.000042 0.001306 0.000089
31.396072 0.000037 0.001944 0.000117
31.397161 0.000099 0.000486 0.000239
31.397152 0.000044 0.000206 0.000122
31.397048 0.000003 0.000853 0.000050
31.397458 0.000006 0.000839 0.000101
31.397314 0.000032 0.000151 0.000041
31.396624 0.000082 0.000814 0.000117
31.397367 0.000031 0.000180 0.000141
31.397093 0.000064 0.000911 0.000094
31.397302 0.000045 0.000412 0.000239
31.397190 0.000022 0.000052 0.000031
31.397017 0.000035 0.000067 0.000092
31.397603 0.000095 0.000088 0.000266
31.397037 0.000017 0.000021 0.000082
31.396826 0.000042 0.000079 0.000170
31.396984 0.000018 0.000028 0.000091
31.396838 0.000040 0.000177 0.000002
31.397195 0.000014 0.000069 0.000032
31.397205 0.000052 0.000095 0.000185
31.397064 0.000014 0.000027 0.000023
31.397271 0.000014 0.000057 0.000043
31.397311 0.000026 0.000022 0.000085
31.397105 0.000007 0.000021 0.000041
31.397179 0.000003 0.000033 0.000069
31.397129 0.000013 0.000082 0.000082
31.397178 0.000007 0.000031 0.000003
31.397144 0.000001 0.000045 0.000048
31.397002 0.000017 0.000049 0.000058
31.397203 0.000006 0.000030 0.000018
31.397153 0.000000 0.000044 0.000059
31.397146 0.000001 0.000023 0.000021
31.397089 0.000030 0.000083 0.000041
31.397165 0.000009 0.000018 0.000013
31.397197 0.000013 0.000005 0.000052
31.397128 0.000002 0.000015 0.000017
31.397264 0.000013 0.000059 0.000027
31.397114 0.000007 0.000005 0.000010
31.397089 0.000005 0.000012 0.000025
31.397079 0.000011 0.000030 0.000013
31.397153 0.000003 0.000016 0.000006
31.397114 0.000002 0.000025 0.000011
31.397181 0.000004 0.000005 0.000030
31.397112 0.000003 0.000008 0.000011
31.397071 0.000033 0.000065 0.000093
31.397155 0.000000 0.000025 0.000016
31.397124 0.000001 0.000013 0.000005
31.397194 0.000048 0.000449 0.000056
31.397326 0.000011 0.000352 0.000025
31.397151 0.000069 0.000475 0.000045
31.397151 0.000005 0.001082 0.000044
31.397090 0.000015 0.000312 0.000062
31.396772 0.000021 0.000476 0.000244
31.397088 0.000011 0.000020 0.000021
31.397146 0.000004 0.000008 0.000005
31.397131 0.000002 0.000022 0.000018
31.397129 0.000001 0.000005 0.000008
31.397097 0.000003 0.000027 0.000006
31.397139 0.000001 0.000005 0.000003
31.397169 0.000007 0.000004 0.000014
31.397132 0.000001 0.000008 0.000008
31.397035 0.000023 0.000062 0.000039
31.397179 0.000022 0.000405 0.000023
31.397067 0.000063 0.000395 0.000016
31.397160 0.000003 0.000102 0.000008
31.397099 0.000003 0.000223 0.000091
31.397295 0.000010 0.001158 0.000005
31.397152 0.000005 0.000010 0.000010
31.397122 0.000001 0.000003 0.000006
31.397153 0.000008 0.000008 0.000018
31.397124 0.000003 0.000002 0.000003
31.397132 0.000002 0.000009 0.000004
31.397113 0.000004 0.000007 0.000009
31.397137 0.000002 0.000005 0.000001
31.397129 0.000002 0.000010 0.000009
31.397131 0.000001 0.000005 0.000001
31.397132 0.000001 0.000009 0.000007
31.397130 0.000000 0.000002 0.000005
31.397078 0.000009 0.000023 0.000021
31.397143 0.000001 0.000002 0.000005
31.397121 0.000003 0.000183 0.000003
31.397229 0.000011 0.000051 0.000037
31.397100 0.000030 0.000107 0.000059
31.397155 0.000009 0.000147 0.000083
31.397191 0.000017 0.000308 0.000045
31.396947 0.000022 0.000276 0.000010
31.397127 0.000001 0.000008 0.000005
31.397136 0.000001 0.000002 0.000001
31.397121 0.000001 0.000005 0.000005
31.397137 0.000001 0.000000 0.000003
31.397173 0.000007 0.000013 0.000013
31.397126 0.000003 0.000003 0.000001
31.397242 0.000010 0.000160 0.000023
31.397111 0.000004 0.000209 0.000038
31.397116 0.000012 0.000011 0.000004
31.397118 0.000002 0.000194 0.000004
31.397096 0.000003 0.000023 0.000084
31.397133 0.000002 0.000219 0.000055
31.397132 0.000003 0.000002 0.000006
31.397130 0.000001 0.000001 0.000002
31.397148 0.000003 0.000085 0.000013
31.397181 0.000000 0.000079 0.000042
31.397175 0.000000 0.000000 0.000041
31.397131 0.000002 0.000083 0.000007
31.397183 0.000008 0.000001 0.000011
31.397000 0.000014 0.000092 0.000001
31.397130 0.000004 0.000006 0.000000
31.397131 0.000000 0.000002 0.000001
31.397140 0.000001 0.000003 0.000003
31.397136 0.000000 0.000002 0.000002
31.397142 0.000002 0.000002 0.000000
31.397133 0.000001 0.000000 0.000004
31.397136 0.000000 0.000000 0.000001
31.397126 0.000003 0.000003 0.000002
31.397138 0.000001 0.000001 0.000000
31.397133 0.000000 0.000002 0.000001
31.397139 0.000000 0.000002 0.000003
31.397133 0.000000 0.000000 0.000001
31.397152 0.000000 0.000006 0.000002
31.397132 0.000001 0.000004 0.000002
31.397135 0.000000 0.000000 0.000000
21.528383 3.479137 125.669331 1.000000
13.679631 4.000000 50.797723 2.000000
32.229782 2.000000 83.264713 2.000000
42.879563 0.479136 11.482428 9.441843
21.914707 1.000000 9.482429 9.441843
31.397135 0.000000 83.513647 0.000000
42.879563 0.479137 11.482428 9.441843
21.162060 3.000000 9.233495 14.325529
18.295412 3.151830 122.436360 1.854185
13.940528 4.350929 51.058620 1.580408
26.595970 0.422608 33.955657 0.000000
36.773625 0.479568 5.376490 0.000000
30.906087 1.005309 38.737081 1.000000
31.397135 0.000000 0.000000 4.470922
28.639779 0.280432 43.514179 0.000000
34.706614 0.891421 43.535512 4.970921
26.079184 1.160198 0.464481 1.458805
23.750872 1.722090 0.720735 1.625316
31.434737 0.388069 2.593823 2.168369
31.413004 0.095827 0.004979 0.459592
31.444838 0.110017 24.398694 1.363776
31.201473 0.509983 23.951529 0.498621
29.336687 0.210000 2.055241 0.094519
33.635709 0.797407 1.077570 0.150703
36.581495 0.341223 13.184907 2.350219
33.242003 0.540818 10.219668 1.377279
30.295736 0.224978 2.597401 0.329237
32.384364 0.048069 10.828401 0.011563
31.990148 0.066457 4.590674 0.015682
32.109346 0.297913 14.145372 0.054156
31.199785 0.019182 1.775358 0.864184
30.442561 0.062593 7.113405 0.471748
27.431521 0.602081 0.085953 0.122053
28.260676 0.497909 0.271329 0.157878
31.671477 0.086056 5.811049 0.037750
30.926784 0.116794 0.753660 0.063972
31.509808 0.072194 4.994635 0.145615
30.887412 0.003399 0.923624 0.028297
31.338691 0.020442 0.053237 0.434592
32.057496 0.112278 0.597252 0.576275
29.112090 0.561135 0.651969 0.370506
30.052600 0.322498 0.430797 0.196506
31.383634 0.043704 1.460132 0.047468
31.438621 0.048678 3.538881 0.046941
31.188402 0.017936 0.090141 0.001300
31.397333 0.000834 0.047645 0.168737
31.380711 0.025103 1.380599 0.018377
31.594886 0.036303 3.429771 0.185574
30.408860 0.112150 0.335216 0.021191
30.842704 0.052471 0.267424 0.050597
31.313293 0.008509 0.165357 0.030038
31.504794 0.019832 1.034150 0.039561
31.423816 0.015746 0.952477 0.035199
31.330478 0.012336 0.134298 0.088819
31.418653 0.010846 0.455367 0.052372
31.392010 0.027340 0.838548 0.080929
31.397132 0.000000 0.000003 0.000000
31.442314 0.013045 0.094775 0.021020
31.464905 0.015778 0.073502 0.004971
31.394925 0.002748 0.106877 0.000137
31.395533 0.003979 0.075204 0.045934
31.393773 0.008090 0.139114 0.013830
31.344788 0.004893 0.052400 0.000002
31.401477 0.010758 0.774400 0.000197
31.452368 0.008903 0.679531 0.032001
31.397132 0.000000 0.000001 0.000001
31.490750 0.020513 0.053881 0.018830
31.454114 0.012022 0.039244 0.008831
31.391643 0.001167 0.053515 0.015987
31.392911 0.004898 0.191316 0.002620
31.398474 0.000285 0.191505 0.001730
31.382176 0.001662 0.145537 0.019330
31.418339 0.003135 0.059976 0.004669
31.399276 0.000812 0.259269 0.003672
31.325167 0.011673 0.227083 0.009993
31.351235 0.008301 0.115109 0.008079
31.395650 0.000091 0.004453 0.000066
31.398963 0.001830 0.021539 0.000507
31.394358 0.000742 0.008335 0.008918
31.386911 0.000429 0.068314 0.003063
31.406582 0.002522 0.152443 0.000408
31.400348 0.000383 0.186457 0.005688
31.397132 0.000001 0.000001 0.000004
31.365779 0.009058 0.071950 0.003635
31.380685 0.005923 0.055831 0.002089
31.398405 0.000797 0.016974 0.000422
31.395436 0.000196 0.032840 0.001638
31.396477 0.000565 0.059422 0.000219
31.397496 0.000311 0.004819 0.004505
31.391789 0.000833 0.010218 0.000111
31.403208 0.001569 0.005427 0.005827
31.392503 0.003362 0.008615 0.004179
31.397561 0.002075 0.007126 0.003204
31.398540 0.000289 0.010024 0.001360
31.396471 0.000069 0.018058 0.000643
31.397170 0.000486 0.018541 0.000740
31.395001 0.000222 0.015225 0.000228
31.398315 0.000098 0.009050 0.001614
31.397313 0.000387 0.014732 0.000070
31.407286 0.000107 0.009157 0.000155
31.403003 0.000023 0.006837 0.000070
31.396804 0.000110 0.005159 0.000147
31.397170 0.000005 0.008098 0.000003
31.397152 0.000002 0.000066 0.000843
31.397789 0.000153 0.007342 0.000193
31.396052 0.000215 0.004320 0.000099
31.397844 0.000469 0.008654 0.001277
31.395360 0.000174 0.001640 0.001255
31.396035 0.000088 0.001291 0.000851
31.397126 0.000022 0.000168 0.000024
31.396966 0.000035 0.001998 0.000440
31.397137 0.000096 0.003347 0.000008
31.397435 0.000060 0.005513 0.000239
31.396614 0.000041 0.000923 0.000216
31.397532 0.000088 0.004922 0.000001
31.397553 0.000024 0.000147 0.000394
31.397455 0.000006 0.000011 0.000236
31.397065 0.000005 0.001938 0.000019
31.397110 0.000051 0.001844 0.000052
31.397345 0.000018 0.001545 0.000013
31.397150 0.000001 0.000401 0.000170
31.397296 0.000019 0.001479 0.000043
31.396845 0.000005 0.000239 0.000209
31.396795 0.000013 0.001342 0.000065
31.396960 0.000011 0.000797 0.000024
31.397061 0.000003 0.000085 0.000026
31.397165 0.000005 0.000024 0.000085
31.397137 0.000000 0.000796 0.000000
31.397128 0.000020 0.000793 0.000020
31.397240 0.000012 0.000085 0.000047
31.397080 0.000003 0.000030 0.000030
31.397075 0.000065 0.001147 0.000204
31.397132 0.000037 0.000757 0.000093
31.397139 0.000003 0.000190 0.000019
31.397140 0.000004 0.000520 0.000044
31.397124 0.000013 0.000175 0.000039
31.397082 0.000006 0.000117 0.000003
31.397128 0.000008 0.000689 0.000033
31.397196 0.000016 0.000069 0.000093
31.397127 0.000002 0.000056 0.000056
31.397127 0.000002 0.000038 0.000038
31.397140 0.000002 0.000037 0.000000
31.397134 0.000005 0.000159 0.000000
31.397129 0.000002 0.000048 0.000018
31.397139 0.000001 0.000237 0.000000
31.397114 0.000002 0.000043 0.000005
31.397155 0.000004 0.000111 0.000013
31.397148 0.000001 0.000000 0.000007
31.397142 0.000000 0.000003 0.000006
31.397134 0.000001 0.000050 0.000010
31.397135 0.000001 0.000069 0.000000
31.397133 0.000002 0.000101 0.000004
31.397135 0.000001 0.000044 0.000005
31.397125 0.000001 0.000006 0.000000
31.397149 0.000001 0.000042 0.000001
31.397122 0.000003 0.000004 0.000003
31.397125 0.000002 0.000005 0.000003
31.397135 0.000000 0.000010 0.000001
31.397137 0.000000 0.000013 0.000004
31.397135 0.000001 0.000038 0.000001
31.397133 0.000001 0.000041 0.000000
31.397130 0.000001 0.000019 0.000002
31.397142 0.000001 0.000008 0.000005
31.397138 0.000000 0.000000 0.000003
31.397135 0.000000 0.000002 0.000001
31.397136 0.000001 0.000003 0.000002
31.397133 0.000001 0.000004 0.000001
31.397133 0.000000 0.000026 0.000001
31.397135 0.000001 0.000001 0.000000
31.397133 0.000001 0.000035 0.000001
31.397140 0.000001 0.000015 0.000003
31.397135 0.000000 0.000002 0.000003
31.397136 0.000000 0.000002 0.000002
31.397135 0.000000 0.000015 0.000001
31.397136 0.000000 0.000001 0.000000
31.397135 0.000000 0.000001 0.000000
31.397135 0.000001 0.000010 0.000000
31.397135 0.000001 0.000001 0.000001
31.397135 0.000000 0.000009 0.000001
31.397137 0.000000 0.000043 0.000001
31.397136 0.000000 0.000024 0.000001
31.397135 0.000000 0.000004 0.000000
31.397135 0.000000 0.000001 0.000001
31.397135 0.000000 0.000000 0.000000
31.397135 0.000000 0.000005 0.000000
31.397136 0.000000 0.000001 0.000001
31.397136 0.000000 0.000001 0.000001
31.397136 0.000000 0.000016 0.000001
31.397135 0.000000 0.000009 0.000000
31.397135 0.000000 0.000000 0.000000
31.397135 0.000000 0.000001 0.000000
31.397135 0.000000 0.000003 0.000000
31.397135 0.000000 0.000000 0.000000
31.397135 0.000000 0.000000 0.000000
31.397135 0.000000 0.000000 0.000000
31.397135 0.000000 0.000000 0.000000
31.397135 0.000000 0.000000 0.000000
31.397135 0.000000 0.000001 0.000000
31.397135 0.000000 0.000000 0.000000
31.397135 0.000000 0.000000 0.000000
31.397135 0.000000 0.000001 0.000000
31.397135 0.000000 0.000000 0.000000
31.397135 0.000000 0.000000 0.000000
31.397135 0.000000 0.000000 0.000000
31.397135 0.000000 0.000000 0.000000
31.397135 0.000000 0.000000 0.000000
31.397135 0.000000 0.000000 0.000000
31.397135 0.000000 0.000000 0.000000
31.397135 0.000000 0.000001 0.000000
31.397135 0.000000 0.000000 0.000000
31.397135 0.000000 0.000000 0.000000
31.397135 0.000000 0.000000 0.000000
31.397135 0.000000 0.000000 0.000000
31.397135 0.000000 0.000000 0.000000
31.397135 0.000000 0.000000 0.000000
31.397135 0.000000 0.000000 0.000000
31.397135 0.000000 0.000000 0.000000
31.397135 0.000000 0.000000 0.000000
31.397135 0.000000 0.000000 0.000000
31.397135 0.000000 0.000000 0.000000
31.397135 0.000000 0.000000 0.000000
31.397135 0.000000 0.000000 0.000000
31.397135 0.000000 0.000000 0.000000
31.397135 0.000000 0.000000 0.000000
31.397135 0.000000 0.000000 0.000000
31.397135 0.000000 0.000000 0.000000
31.397135 0.000000 0.000000 0.000000
31.397135 0.000000 0.000000 0.000000
31.397135 0.000000 0.000000 0.000000
31.397135 0.000000 0.000000 0.000000
31.397135 0.000000 0.000000 0.000000
31.397135 0.000000 0.000000 0.000000
31.397135 0.000000 0.000000 0.000000
31.397135 0.000000 0.000000 0.000000
31.397135 0.000000 0.000000 0.000000
31.397135 0.000000 0.000000 0.000000
31.397135 0.000000 0.000000 0.000000
31.397135 0.000000 0.000000 0.000000
31.397135 0.000000 0.000000 0.000000
31.397135 0.000000 0.000000 0.000000
31.397135 0.000000 0.000000 0.000000
31.397135 0.000000 0.000000 0.000000
31.397135 0.000000 0.000000 0.000000
31.397135 0.000000 0.000000 0.000000
31.397135 0.000000 0.000000 0.000000
31.397135 0.000000 0.000000 0.000000
31.397135 0.000000 0.000000 0.000000
31.397135 0.000000 0.000000 0.000000
31.397135 0.000000 0.000000 0.000000
31.397135 0.000000 0.000000 0.000000
31.397135 0.000000 0.000000 0.000000
31.397135 0.000000 0.000000 0.000000
31.397135 0.000000 0.000000 0.000000
31.397135 0.000000 0.000000 0.000000
31.397135 0.000000 0.000000 0.000000
31.397135 0.000000 0.000000 0.000000
31.397135 0.000000 0.000000 0.000000
31.397135 0.000000 0.000000 0.000000
31.397135 0.000000 0.000000 0.000000
31.397135 0.000000 0.000000 0.000000
31.397135 0.000000 0.000000 0.000000
31.397135 0.000000 0.000000 0.000000
31.397135 0.000000 0.000000 0.000000
31.397135 0.000000 0.000000 0.000000
31.397135 0.000000 0.000000 0.000000
31.397135 0.000000 0.000000 0.000000
31.397135 0.000000 0.000000 0.000000
31.397135 0.000000 0.000000 0.000000
31.397135 0.000000 0.000000 0.000000
31.397135 0.000000 0.000000 0.000000
31.397135 0.000000 0.000000 0.000000
31.397135 0.000000 0.000000 0.000000
31.397135 0.000000 0.000000 0.000000
31.397135 0.000000 0.000000 0.000000
31.397135 0.000000 0.000000 0.000000
31.397135 0.000000 0.000000 0.000000
31.397135 0.000000 0.000000 0.000000
31.397135 0.000000 0.000000 0.000000
31.397135 0.000000 0.000000 0.000000
31.397135 0.000000 0.000000 0.000000
31.397135 0.000000 0.000000 0.000000
31.397135 0.000000 0.000000 0.000000
31.397135 0.000000 0.000000 0.000000
31.397135 0.000000 0.000000 0.000000
31.397135 0.000000 0.000000 0.000000
31.397135 0.000000 0.000000 0.000000
31.397135 0.000000 0.000000 0.000000
31.397135 0.000000 0.000000 0.000000
31.397135 0.000000 0.000000 0.000000
31.397135 0.000000 0.000000 0.000000
31.397135 0.000000 0.000000 0.000000
31.397135 0.000000 0.000000 0.000000
31.397135 0.000000 0.000000 0.000000
31.397135 0.000000 0.000000 0.000000
31.397135 0.000000 0.000000 0.000000
31.397135 0.000000 0.000000 0.000000
31.397135 0.000000 0.000000 0.000000
31.397135 0.000000 0.000000 0.000000
31.397135 0.000000 0.000000 0.000000
31.397135 0.000000 0.000000 0.000000
31.397135 0.000000 0.000000 0.000000
31.397135 0.000000 0.000000 0.000000
31.397135 0.000000 0.000000 0.000000
31.397135 0.000000 0.000000 0.000000
31.397135 0.000000 0.000000 0.000000
31.397135 0.000000 0.000000 0.000000
31.397135 0.000000 0.000000 0.000000
31.397135 0.000000 0.000000 0.000000
31.397135 0.000000 0.000000 0.000000
31.397135 0.000000 0.000000 0.000000
31.397135 0.000000 0.000000 0.000000
31.397135 0.000000 0.000000 0.000000
31.397135 0.000000 0.000000 0.000000
31.397135 0.000000 0.000000 0.000000
31.397135 0.000000 0.000000 0.000000
31.397135 0.000000 0.000000 0.000000
31.397135 0.000000 0.000000 0.000000
31.397135 0.000000 0.000000 0.000000
31.397135 0.000000 0.000000 0.000000
31.397135 0.000000 0.000000 0.000000
31.397135 0.000000 0.000000 0.000000
31.397135 0.000000 0.000000 0.000000
31.397135 0.000000 0.000000 0.000000
31.397135 0.000000 0.000000 0.000000
31.397135 0.000000 0.000000 0.000000
31.397135 0.000000 0.000000 0.000000
31.397135 0.000000 0.000000 0.000000
31.397135 0.000000 0.000000 0.000000
31.397135 0.000000 0.000000 0.000000
