29.977711 0.000000
3405.092765 0.000000
1226.833528 -0.000000
1153.900108 0.000000
17743256334.173111 0.000000
27.062357 0.000000
456.380343 0.000000
1167.600805 0.000000
242.677958 0.000000
45572.796041 0.000000
326.888361 -0.000000
4257.264280 -0.000000
342.713240 0.000000
1129.727836 0.000000
347.563154 0.000000
162.542429 -0.000000
27.017065 0.000000
5991.854751 0.000000
442.074660 0.000000
2318.265369 0.000000
474.671464 0.000000
2231.565958 -0.000000
27.076004 0.000000
124.997928 -0.000000
79.910880 -0.000000
32.288490 0.000000
57.038956 0.000000
109.157183 -0.000000
263.690138 0.000000
27.004823 0.000000
27.157911 -0.000000
529.038397 -0.000000
45.885835 0.000000
25.768359 -0.000000
1344.088011 -0.000000
2000.786279 0.000000
26.401903 0.000000
140.095621 0.000000
820.576058 0.000000
3451.935000 0.000000
277.233797 0.000000
632.708979 0.000000
29.350767 -0.000000
25.548582 0.000000
34.848673 0.000000
708.244814 0.000000
23.756850 0.000000
23.156655 -0.000000
635.902935 -0.000000
590.615156 0.000000
1390.341289 -0.000000
1878.600340 0.000000
23.270300 0.000000
44.832204 -0.000000
26.513140 0.000000
23.795393 0.000000
84.039754 -0.000000
78.789649 0.000000
209.115921 0.000000
23.346284 -0.000000
23.471905 0.000000
25.543353 -0.000000
22.951432 0.000000
23.000301 0.000000
23.328553 0.000000
22.994350 0.000000
24.329900 0.000000
22.778185 0.000000
23.044281 0.000000
22.827567 0.000000
22.862231 0.000000
22.695135 0.000000
22.682317 0.000000
23.182611 0.000000
22.708171 0.000000
22.748662 0.000000
22.593123 0.000000
22.664571 0.000000
22.671817 0.000000
22.755035 0.000000
22.648193 0.000000
22.659511 0.000000
22.682370 0.000000
22.619451 0.000000
22.685044 0.000000
22.651867 0.000000
22.625304 -0.000000
22.640693 0.000000
22.617207 0.000000
23.245958 0.000000
22.963049 0.000000
29.384045 0.000000
32.503324 0.000000
35.968120 0.000000
22.599079 0.000000
22.636711 -0.000000
22.597781 0.000000
23.915445 -0.000000
24.210410 0.000000
23.799486 -0.000000
22.571336 0.000000
22.806059 0.000000
22.582446 0.000000
22.608474 0.000000
22.587178 0.000000
22.588250 0.000000
22.604502 -0.000000
22.592808 0.000000
22.587572 0.000000
22.592760 0.000000
22.587259 0.000000
22.592806 0.000000
22.587122 0.000000
22.589029 0.000000
22.583967 0.000000
22.592851 0.000000
22.586889 0.000000
22.592778 0.000000
22.586793 0.000000
22.592761 0.000000
22.586750 0.000000
22.592757 -0.000000
22.586710 0.000000
22.592757 0.000000
23.550215 0.000000
23.984576 -0.000000
24.391643 -0.000000
22.571314 -0.000000
22.592791 -0.000000
22.586526 0.000000
24.631099 0.000000
24.214126 -0.000000
24.225018 -0.000000
22.571269 0.000000
22.571310 0.000000
22.571807 -0.000000
22.587479 0.000000
22.573498 0.000000
23.187719 0.000000
23.263539 -0.000000
23.520746 0.000000
22.571674 -0.000000
22.571115 -0.000000
22.574230 -0.000000
22.571509 0.000000
22.571225 0.000000
22.571117 0.000000
22.571363 0.000000
22.571134 0.000000
22.571183 0.000000
22.571112 -0.000000
22.571208 0.000000
22.571092 0.000000
22.571169 -0.000000
22.571092 0.000000
22.571450 0.000000
22.571135 0.000000
22.571095 0.000000
22.642380 0.000000
22.662750 0.000000
22.672831 0.000000
22.571105 -0.000000
22.571101 0.000000
22.571102 -0.000000
22.571091 0.000000
22.571122 0.000000
22.571090 0.000000
22.571105 -0.000000
22.571100 0.000000
22.586795 -0.000000
22.590782 0.000000
22.596111 0.000000
22.571107 0.000000
22.571088 0.000000
22.571125 0.000000
22.571088 0.000000
22.571091 0.000000
22.571089 -0.000000
22.575332 0.000000
22.576084 -0.000000
22.575316 0.000000
22.571088 0.000000
22.571087 0.000000
22.571096 0.000000
22.571090 0.000000
22.571088 -0.000000
22.571841 0.000000
22.571661 -0.000000
22.571710 0.000000
22.571088 -0.000000
22.571253 0.000000
22.571248 0.000000
22.571242 0.000000
22.571087 0.000000
22.571096 -0.000000
22.571087 0.000000
22.571089 0.000000
22.571088 0.000000
22.571131 -0.000000
22.571131 -0.000000
22.571128 0.000000
22.571087 -0.000000
22.571087 0.000000
22.571087 0.000000
22.571087 0.000000
22.571103 0.000000
22.571096 0.000000
22.571095 0.000000
22.571087 0.000000
22.571087 0.000000
22.571087 -0.000000
22.571089 0.000000
22.571089 0.000000
22.571089 0.000000
22.571087 0.000000
22.571090 -0.000000
22.571088 0.000000
22.571088 0.000000
22.571088 0.000000
22.571087 -0.000000
22.571087 0.000000
22.571087 0.000000
22.571087 0.000000
22.571087 0.000000
22.571088 0.000000
22.571087 0.000000
22.571087 0.000000
22.571087 0.000000
22.571087 0.000000
22.571087 0.000000
22.571087 0.000000
22.571087 0.000000
22.571087 0.000000
22.571087 -0.000000
22.571087 -0.000000
22.571087 -0.000000
22.571087 0.000000
22.571087 0.000000
22.571087 0.000000
22.571087 -0.000000
22.571087 0.000000
22.571087 0.000000
22.571087 -0.000000
22.571087 0.000000
22.571087 -0.000000
22.571087 0.000000
22.571087 -0.000000
22.571087 0.000000
22.571087 0.000000
22.571087 0.000000
22.571087 -0.000000
22.571087 0.000000
22.571087 -0.000000
22.571087 0.000000
22.571087 0.000000
22.571087 0.000000
22.571087 0.000000
22.571087 -0.000000
22.571087 0.000000
22.571087 -0.000000
22.571087 0.000000
22.571087 -0.000000
22.571087 -0.000000
22.571087 0.000000
22.571087 0.000000
22.571087 0.000000
22.571087 -0.000000
22.571087 0.000000
22.571087 -0.000000
22.571087 0.000000
22.571087 0.000000
22.571087 0.000000
22.571087 0.000000
22.571087 -0.000000
22.571087 0.000000
22.571087 0.000000
22.571087 -0.000000
22.571087 0.000000
22.571087 -0.000000
22.571087 -0.000000
22.571087 0.000000
22.571087 0.000000
22.571087 0.000000
22.571087 0.000000
22.571087 -0.000000
22.571087 0.000000
22.571087 0.000000
22.571087 0.000000
22.571087 -0.000000
22.571087 0.000000
22.571087 -0.000000
22.571087 0.000000
22.571087 0.000000
22.571087 -0.000000
22.571087 -0.000000
22.571087 0.000000
22.571087 0.000000
22.571087 0.000000
22.571087 -0.000000
22.571087 0.000000
22.571087 0.000000
22.571087 0.000000
22.571087 0.000000
22.571087 -0.000000
22.571087 0.000000
22.571087 -0.000000
22.571087 0.000000
22.571087 0.000000
22.571087 0.000000
22.571087 -0.000000
22.571087 0.000000
22.571087 0.000000
22.571087 0.000000
22.571087 -0.000000
22.571087 0.000000
22.571087 0.000000
22.571087 0.000000
22.571087 0.000000
22.571087 0.000000
22.571087 0.000000
22.571087 -0.000000
22.571087 -0.000000
22.571087 0.000000
22.571087 0.000000
22.571087 0.000000
22.571087 -0.000000
22.571087 0.000000
22.571087 -0.000000
22.571087 0.000000
22.571087 0.000000
22.571087 0.000000
22.571087 0.000000
22.571087 0.000000
22.571087 -0.000000
22.571087 0.000000
22.571087 -0.000000
22.571087 -0.000000
22.571087 0.000000
22.571087 0.000000
22.571087 0.000000
22.571087 -0.000000
22.571087 0.000000
22.571087 0.000000
22.571087 0.000000
22.571087 0.000000
22.571087 0.000000
22.571087 0.000000
22.571087 0.000000
22.571087 0.000000
22.571087 0.000000
22.571087 0.000000
22.571087 0.000000
22.571087 0.000000
22.571087 -0.000000
22.571087 0.000000
22.571087 -0.000000
22.571087 0.000000
22.571087 0.000000
22.571087 0.000000
22.571087 -0.000000
22.571087 0.000000
22.571087 0.000000
22.571087 0.000000
22.571087 0.000000
22.571087 -0.000000
22.571087 0.000000
22.571087 0.000000
22.571087 0.000000
22.571087 0.000000
22.571087 0.000000
