3.000000 1.000000 1.000000
3.420000 0.210000 0.210000
3.210000 1.210000 1.210000
3.420000 1.100000 1.210000
2.810000 0.100000 0.810000
2.360000 15.400000 0.360000
2.450000 3.200000 0.360000
2.620000 0.290000 0.620000
2.170000 0.740000 0.170000
1.980000 3.740000 0.830000
3.520000 3.160000 0.080000
2.300000 0.610000 0.300000
1.820000 1.090000 0.180000
1.630000 1.090000 1.180000
1.700000 0.950000 1.110000
2.170000 0.740000 0.830000
4.770000 2.560000 2.560000
2.060000 0.850000 0.940000
2.700000 0.410000 0.700000
2.380000 0.260000 0.830000
3.250000 1.340000 1.250000
1.870000 3.850000 0.940000
1.870000 0.850000 0.060000
2.510000 0.490000 0.700000
1.584561 1.050000 0.510000
1.550000 1.050000 1.260000
2.740000 0.310000 0.570000
2.602500 0.590000 0.660000
3.630000 0.310000 1.394400
2.392500 0.490000 0.488400
2.580400 0.290000 0.587600
3.085764 1.000000 0.963900
2.586729 0.640000 0.633600
3.043881 0.010000 0.969100
2.984609 0.210000 0.855100
2.725664 0.310000 0.920000
2.772724 0.690000 0.367500
2.832500 0.310000 0.727500
2.218641 3.650000 0.839600
5.260000 47.410000 1.860000
2.223876 0.350000 0.456400
1.249076 9.190000 4.593600
1.438676 4.300000 0.513600
2.648676 3.410000 0.696400
2.588676 0.640000 0.636400
1.848676 1.010000 0.983600
2.089076 0.490000 0.486400
2.203876 0.800000 0.443600
3.453876 0.300000 0.806400
2.243876 3.760000 0.476400
1.613876 1.060000 1.273600
1.283616 9.190000 4.511600
1.799600 0.850000 1.063600
2.587364 3.410000 0.632400
2.610225 0.640000 0.636400
1.964609 0.160000 0.151900
1.494009 0.290000 0.508100
1.484009 0.300000 1.338100
1.494009 0.290000 1.328100
2.054609 0.140000 0.241900
1.674009 1.160000 1.148100
2.374609 0.540000 0.561900
2.334609 0.290000 0.521900
2.354009 0.640000 0.351900
2.614609 0.190000 0.801900
1.964609 0.160000 0.668100
2.335209 0.410000 0.691900
1.315209 1.160000 0.328100
1.433156 0.290000 0.791600
1.275209 1.200000 0.362500
2.018081 -0.000000 0.168100
3.525396 0.986400 1.317900
1.852576 0.029600 0.106400
2.052084 0.334400 0.321600
2.114729 0.061600 0.069600
1.575684 0.370000 0.632900
2.702961 0.280000 0.315100
3.412400 0.906400 0.420000
1.912500 0.119600 0.038400
1.946209 0.231600 0.380400
1.962356 0.070400 0.087500
1.855721 0.470000 0.561600
2.039844 0.137500 0.155100
2.194289 0.070400 0.008100
2.000401 0.212500 0.215600
2.329929 0.057500 0.067600
2.116784 0.771600 0.069600
2.106529 0.061600 0.040400
2.106529 0.061600 4.519600
1.941129 0.451600 0.339600
2.261129 0.051600 0.739600
2.206529 0.051600 0.140400
1.936529 0.161600 1.409600
2.106529 0.141600 0.040400
2.206529 0.131600 1.139600
2.346529 0.178400 0.280400
2.321129 0.061600 0.040400
1.851929 1.971600 0.739600
2.082121 0.061600 2.629600
1.581929 0.321600 0.280000
2.652761 0.178400 0.316000
2.018325 0.020000 0.026300
2.296761 0.034000 0.124236
2.159442 0.041500 0.022321
2.008804 0.130100 0.025696
2.205344 0.031600 0.037644
1.949930 0.039100 0.162191
2.243498 0.030600 0.083469
1.868325 0.170000 1.416300
2.140325 0.010000 0.095700
1.825325 0.020000 0.026300
1.844325 0.080000 1.074300
2.108325 0.070000 0.063700
1.366325 0.020000 0.026300
1.069325 0.020000 0.026300
9.898325 0.020000 0.026300
0.663325 0.280000 1.118300
0.656325 0.280000 0.358300
1.087325 0.020000 0.026300
0.875325 0.140000 0.906300
1.069325 0.420000 0.026300
1.415325 0.080000 1.074300
2.639325 0.020000 0.026300
0.730325 0.240000 1.558300
2.605106 0.039000 0.276519
1.122074 0.008100 0.260551
1.749621 0.020900 0.083796
1.159325 0.134400 0.055600
1.037969 0.018000 0.025156
3.932969 0.018000 0.025156
2.993969 0.018000 0.025156
1.008569 0.028000 0.107556
1.655969 0.018000 0.025156
1.197369 0.082000 0.167244
1.346969 0.328000 0.064844
2.467969 0.018000 0.025156
1.115969 0.072000 0.064844
1.004969 0.018000 0.765156
3.943949 0.012000 0.022876
1.564225 0.029600 0.119600
1.749901 0.001200 0.090924
2.122474 0.043000 0.008149
1.653953 0.019796 0.039172
1.632075 0.012731 0.044250
1.652181 0.012900 0.031644
2.068562 0.018504 0.009437
2.312681 0.013600 0.040556
1.579049 0.013500 0.085176
2.076533 0.025136 0.002092
2.338061 0.065664 0.120836
0.811101 0.060000 0.221724
2.292545 0.025516 0.016920
2.060043 0.020351 0.000918
2.506043 0.020351 0.000918
2.759043 0.020351 0.000918
2.680443 0.098951 0.077682
2.273043 0.020351 0.000918
2.158643 0.078249 0.099518
2.252643 0.079649 0.193518
3.325043 0.020351 0.000918
2.060043 0.300351 1.339082
2.060043 1.740351 1.339082
2.035842 0.025304 0.023283
1.178150 0.092451 0.219675
2.490326 0.015124 0.018299
2.497409 0.014400 0.011216
2.560158 0.104549 0.252467
2.034758 0.008849 0.053067
2.555698 0.470911 0.022927
2.385494 0.003100 0.148331
2.599843 0.126849 0.079518
2.499579 0.038575 0.012746
4.314395 0.006441 0.023930
2.032650 0.031925 0.000825
2.044790 0.029336 0.013665
2.481961 0.011500 0.011164
2.716689 0.004636 0.018936
2.406761 0.015500 0.086364
2.173761 0.375500 0.086364
2.734961 0.011500 0.011164
2.131961 0.084500 0.084836
2.673161 0.088500 0.180036
2.172961 0.447500 0.087164
2.577961 0.275500 0.084836
2.248961 0.011500 0.751164
2.310761 0.111500 0.182364
2.452225 0.008000 0.024400
2.016803 0.038409 0.025522
2.015910 0.037516 0.026415
2.983125 0.010016 0.031200
2.267939 0.013111 0.002214
1.688939 0.013111 0.002214
1.031939 0.013111 0.002214
8.780939 0.013111 0.002214
2.850539 0.083489 0.098814
1.861939 0.013111 0.002214
1.058939 0.333111 0.002214
1.213339 0.089711 0.774386
1.213539 0.016511 0.774186
2.028939 0.113111 0.870786
2.097539 0.183489 0.408186
1.172939 0.013111 1.297786
0.782339 0.304511 0.772486
0.775339 1.074111 0.516486
1.660250 0.005356 0.016075
1.043822 0.083756 0.022197
1.197457 0.024784 0.006268
1.227221 0.002404 0.048596
1.020675 0.044811 0.007050
0.927379 0.046071 0.181746
1.080926 0.244775 0.129699
1.031846 0.013225 0.010221
1.045890 0.002449 0.005265
1.074875 0.006231 0.021050
1.385131 0.006475 0.007494
2.033925 0.030404 0.013200
1.065371 0.004125 0.004746
1.497218 0.000651 0.013593
1.057746 0.004300 0.009121
1.479078 0.008249 0.001753
1.094731 0.003381 0.003506
1.018545 0.012816 0.000420
1.094755 0.021309 0.004870
1.023078 0.008249 0.001753
1.172229 0.007500 0.006396
1.051626 0.004600 0.002699
1.086099 0.063649 0.026274
1.116395 0.010621 0.028770
1.008970 0.165964 0.030655
1.186665 0.149744 0.033540
1.038675 0.037649 0.005550
1.006710 0.065389 0.111615
1.365298 0.008049 0.002527
0.974446 0.012725 0.121879
1.524690 0.002151 0.003465
1.185690 0.004149 0.003465
1.028499 0.001151 0.003174
1.064197 0.012464 0.005872
1.004699 0.002375 0.000426
1.005746 0.002104 0.003979
1.274498 0.002476 0.002827
1.108285 0.000256 0.000940
1.029338 0.005196 0.006113
1.055193 0.001264 0.000868
2.503963 0.008369 0.008362
0.943450 0.077500 0.064875
1.085706 0.001619 0.003619
1.007390 0.000264 0.000935
1.785005 0.002016 0.001820
0.914549 0.087776 0.085776
0.911915 0.110159 0.088410
1.090186 0.000536 0.004061
1.012805 0.063264 0.002580
0.960293 0.044436 0.046332
1.110347 0.021221 0.005278
1.285899 0.032125 0.001074
1.061986 0.011964 0.385339
1.038706 0.014419 0.012419
1.003067 0.005421 0.022758
1.003067 0.017421 0.029558
0.968230 0.005244 0.057595
1.044286 0.051125 0.038339
1.024509 0.081084 0.008784
1.045694 0.074344 0.011631
1.011670 0.073609 0.007655
1.054845 0.297344 0.039120
1.023830 0.050344 0.011295
0.959570 0.044584 0.052755
1.020606 0.009044 0.018219
1.021949 0.006624 0.013824
0.990331 0.022175 0.039394
1.007390 0.052264 0.000935
1.029683 0.010709 0.013642
0.995902 0.018919 0.006823
1.001810 0.017196 0.006321
1.001810 0.017196 0.006315
1.321438 0.000685 0.004577
1.012331 0.001038 0.001574
1.005471 0.000144 0.005179
1.022480 0.000785 0.001424
1.059521 0.002367 0.000628
1.010722 0.001247 0.000227
1.140751 0.000725 0.001707
1.008806 0.000588 0.000740
1.012969 0.002963 0.004824
1.007844 0.001698 0.000566
1.006808 0.035782 0.005951
1.017708 0.001614 0.009412
1.006236 0.010483 0.003209
1.000459 0.038312 0.020418
1.017392 0.003195 0.000182
0.999608 0.000767 0.002807
0.999617 0.000766 0.002798
1.027573 0.000508 0.002305
1.023235 0.000446 0.000540
1.021088 0.013584 0.004911
1.022640 0.009314 0.003996
1.014376 0.000728 0.001257
1.011164 0.007527 0.011534
1.018811 0.037053 0.008854
1.037448 0.001927 0.000906
1.149200 0.000056 0.004261
1.009703 0.009411 0.011828
1.009620 0.009452 0.011682
1.028860 0.000223 0.002132
1.016669 0.000568 0.000406
1.037132 0.000693 0.000567
1.028535 0.000151 0.000429
1.033046 0.000172 0.000444
1.009919 0.000228 0.000129
1.024806 0.000946 0.000881
1.009647 0.000072 0.000480
1.296458 0.001293 0.001198
0.963782 0.004573 0.037818
1.008148 0.000627 0.001642
1.012835 0.000239 0.001045
1.004752 0.005879 0.003042
1.005667 0.006011 0.027003
1.009919 0.028562 0.001781
1.027149 0.008384 0.008519
1.029926 0.017097 0.025906
1.018936 0.005729 0.004324
1.334739 0.001130 0.001269
0.991630 0.016072 0.014670
0.991621 0.016081 0.014694
1.015472 0.000079 0.000513
1.007939 0.005221 0.000262
1.009842 0.011842 0.000162
1.008398 0.002605 0.001930
1.021424 0.006115 0.013164
1.008441 0.001777 0.006736
1.004124 0.004237 0.015956
1.008712 0.000822 0.000302
1.039191 0.000046 0.000588
1.010699 0.000342 0.000275
1.013189 0.001728 0.003152
1.009301 0.002047 0.000191
1.011304 0.000532 0.004734
1.010081 0.005995 0.000389
1.007461 0.000886 0.000386
1.006693 0.002229 0.002935
1.009053 0.001218 0.002114
1.012940 0.001249 0.000459
1.007526 0.000108 0.000592
1.009456 0.000223 0.000204
1.008937 0.000052 0.000244
1.019222 0.000141 0.000378
1.013119 0.000041 0.000101
1.013281 0.000678 0.000740
1.009188 0.000438 0.000054
1.017970 0.000168 0.000400
1.013927 0.000143 0.000170
1.009116 0.000442 0.000603
1.012690 0.000048 0.000243
1.014665 0.000234 0.000089
1.010085 0.000271 0.000010
1.049966 0.000008 0.001068
1.010228 0.000193 0.000265
1.010228 0.000195 0.000265
1.015729 0.000213 0.000249
1.010983 0.000119 0.000034
1.009507 0.000394 0.000020
1.013017 0.000079 0.000061
1.020017 0.000060 0.000233
1.010382 0.000055 0.000125
1.011687 0.000062 0.000290
1.012470 0.000049 0.000112
1.010215 0.000070 0.000238
1.012824 0.000091 0.000073
1.015282 0.000026 0.000144
1.011272 0.000053 0.000070
1.014420 0.000050 0.000065
1.013397 0.000013 0.000032
1.012878 0.000010 0.000108
1.012807 0.000007 0.000055
1.010916 0.000098 0.000070
1.010652 0.000903 0.000045
1.012679 0.000065 0.000231
1.012989 0.000019 0.000192
1.012951 0.000022 0.000046
1.010727 0.001886 0.001841
1.012874 0.000903 0.000682
1.013859 0.000163 0.001987
1.011570 0.003934 0.001600
1.012921 0.000048 0.001351
1.013424 0.000042 0.000023
1.010061 0.000114 0.000817
1.010059 0.000116 0.000814
1.016043 0.000101 0.000063
1.012258 0.000015 0.000037
1.012444 0.000435 0.000087
1.013365 0.000174 0.000627
1.013070 0.001549 0.000121
1.014256 0.000460 0.000877
1.012909 0.000596 0.001095
1.012633 0.000236 0.000922
1.012543 0.000473 0.000399
1.011715 0.000028 0.000070
1.012308 0.000009 0.000036
1.013404 0.000597 0.000026
1.013496 0.000121 0.000089
1.012923 0.000337 0.000499
1.013109 0.000002 0.000035
1.013392 0.000003 0.000405
1.013334 0.000715 0.000079
1.013413 0.000119 0.000043
1.013411 0.000121 0.000041
1.012016 0.000021 0.000070
1.012554 0.000003 0.000036
1.013365 0.000037 0.000058
1.012942 0.000004 0.000027
1.013210 0.000002 0.000057
1.013014 0.000017 0.000021
1.013233 0.000054 0.000002
1.012448 0.000917 0.000264
1.012429 0.000915 0.000262
1.013751 0.000021 0.000029
1.012645 0.000001 0.000020
1.011628 0.000054 0.000017
1.011739 0.000360 0.000054
1.011732 0.000377 0.000062
1.012344 0.000008 0.000029
1.011913 0.000055 0.000285
1.012036 0.000411 0.000372
1.012230 0.000027 0.000291
1.012901 0.000497 0.000319
1.013377 0.000942 0.000608
1.012662 0.000380 0.000326
1.011778 0.000152 0.000562
1.011781 0.000150 0.000555
1.012624 0.000008 0.000061
1.012983 0.000003 0.000011
1.012827 0.000202 0.000151
1.012860 0.000223 0.000012
1.013222 0.000030 0.000136
1.013284 0.000070 0.000118
1.012828 0.000471 0.000285
1.013038 0.000625 0.000025
1.014095 0.000017 0.000102
1.012491 0.000076 0.000044
1.012489 0.000076 0.000044
1.012215 0.000007 0.000066
1.013083 0.000008 0.000007
1.012675 0.000385 0.000114
1.013124 0.000198 0.000084
1.013292 0.000018 0.000162
1.012755 0.000039 0.000207
1.013026 0.000442 0.000262
1.013215 0.000103 0.000022
1.013386 0.000022 0.000004
1.013402 0.000123 0.000010
1.013397 0.000127 0.000004
1.013097 0.000015 0.000017
1.013058 0.000013 0.000006
1.012595 0.000210 0.000226
1.012970 0.000025 0.000011
1.013024 0.000244 0.000117
1.013068 0.000022 0.000054
1.013099 0.000390 0.000258
1.013265 0.000229 0.000024
1.012630 0.000171 0.000134
1.012630 0.000171 0.000134
1.012959 0.000003 0.000016
1.012925 0.000045 0.000058
1.012968 0.000064 0.000083
1.012998 0.000088 0.000065
1.012994 0.000080 0.000096
1.013117 0.000128 0.000059
1.013238 0.000192 0.000082
1.012897 0.000014 0.000034
1.012897 0.000015 0.000034
1.012521 0.000012 0.000001
1.012119 0.000028 0.000000
1.013039 0.000003 0.000040
1.013146 0.000036 0.000032
1.013118 0.000091 0.000031
1.013033 0.000009 0.000024
1.013033 0.000077 0.000006
1.013128 0.000015 0.000024
1.013047 0.000010 0.000013
1.012955 0.000009 0.000008
1.012885 0.000021 0.000021
1.012968 0.000017 0.000013
1.013027 0.000003 0.000006
1.013084 0.000002 0.000025
1.012990 0.000002 0.000006
1.012957 0.000012 0.000002
1.012982 0.000006 0.000000
1.013071 0.000011 0.000016
1.012984 0.000004 0.000002
1.013043 0.000005 0.000009
1.013028 0.000003 0.000004
1.012923 0.000013 0.000009
1.013042 0.000003 0.000003
1.012983 0.000001 0.000010
1.013016 0.000002 0.000002
1.013031 0.000007 0.000006
1.013000 0.000000 0.000003
1.013046 0.000003 0.000002
1.013030 0.000001 0.000001
1.013001 0.000001 0.000003
1.013052 0.000005 0.000004
1.013001 0.000002 0.000001
1.012977 0.000003 0.000003
1.012993 0.000002 0.000001
1.013015 0.000003 0.000005
1.013005 0.000000 0.000001
1.012929 0.000002 0.000009
1.012836 0.000029 0.000044
1.012836 0.000032 0.000045
1.013018 0.000002 0.000003
1.013005 0.000000 0.000001
1.012906 0.000021 0.000050
1.012994 0.000084 0.000024
1.013065 0.000035 0.000017
1.012979 0.000025 0.000016
1.012989 0.000047 0.000049
1.013040 0.000062 0.000037
1.012907 0.000101 0.000074
1.012919 0.000088 0.000062
1.012997 0.000001 0.000004
1.013012 0.000001 0.000001
1.012994 0.000009 0.000020
1.012970 0.000005 0.000010
1.012995 0.000006 0.000000
1.012994 0.000017 0.000020
1.013005 0.000032 0.000001
1.013006 0.000000 0.000001
1.012953 0.000027 0.000026
1.012953 0.000027 0.000026
1.013029 0.000002 0.000001
1.013002 0.000001 0.000001
1.012981 0.000002 0.000001
1.013018 0.000000 0.000001
1.013003 0.000001 0.000001
1.013005 0.000001 0.000001
1.012993 0.000001 0.000006
1.013014 0.000004 0.000007
1.012989 0.000005 0.000004
1.013002 0.000020 0.000009
1.013002 0.000000 0.000011
1.013003 0.000000 0.000003
1.012992 0.000009 0.000002
1.012993 0.000009 0.000001
1.013006 0.000008 0.000001
1.013006 0.000003 0.000004
1.013005 0.000001 0.000002
1.012996 0.000001 0.000004
1.013001 0.000002 0.000004
1.013006 0.000004 0.000003
1.012997 0.000002 0.000004
1.012998 0.000002 0.000004
1.013005 0.000002 0.000000
1.013004 0.000003 0.000001
1.013007 0.000002 0.000001
1.013008 0.000001 0.000001
1.013002 0.000001 0.000001
1.013005 0.000000 0.000001
1.013006 0.000001 0.000001
1.013013 0.000001 0.000001
1.013005 0.000000 0.000000
1.012992 0.000000 0.000001
1.012979 0.000000 0.000002
1.012999 0.000001 0.000000
1.012997 0.000001 0.000001
1.013003 0.000000 0.000001
1.012997 0.000000 0.000003
1.013003 0.000000 0.000000
1.012996 0.000001 0.000001
1.013002 -0.000000 0.000001
1.012997 0.000001 0.000000
1.012996 0.000001 0.000001
1.013001 0.000000 0.000000
1.013000 0.000000 0.000000
1.013001 0.000000 0.000000
1.013003 0.000000 0.000001
1.012999 0.000000 0.000000
1.013011 0.000000 0.000001
1.012997 0.000000 0.000001
1.012994 0.000002 0.000000
1.012953 0.000001 0.000005
1.012980 0.000006 0.000002
1.012981 0.000006 0.000001
1.012986 0.000008 0.000006
1.012986 0.000008 0.000006
1.012996 -0.000000 0.000000
1.012992 0.000000 0.000001
1.012989 0.000001 0.000001
1.012994 0.000000 0.000000
1.012999 0.000001 0.000002
1.012965 0.000003 0.000006
1.012964 0.000003 0.000006
1.012965 0.000001 0.000006
1.012965 0.000001 0.000006
1.012995 0.000001 0.000000
1.012999 0.000000 0.000000
1.012979 0.000001 0.000000
1.012936 0.000007 0.000001
1.012929 0.000020 0.000006
1.012928 0.000020 0.000006
1.012928 0.000017 0.000006
1.012928 0.000017 0.000006
1.012995 0.000000 0.000000
1.012962 0.000010 0.000005
1.012982 0.000033 0.000001
1.012992 0.000009 0.000009
1.013003 0.000006 0.000008
1.012994 0.000001 0.000003
1.013020 0.000007 0.000015
1.012939 0.000009 0.000016
1.012992 0.000001 0.000005
1.012960 0.000002 0.000006
1.012961 0.000002 0.000005
1.012958 0.000006 0.000012
1.012958 0.000006 0.000012
1.012993 0.000000 0.000000
1.012989 0.000000 0.000000
1.012979 0.000001 0.000000
1.012939 0.000005 0.000001
1.012940 0.000006 0.000000
1.012941 0.000006 0.000000
1.012941 0.000006 0.000000
1.012988 0.000000 0.000000
1.012983 0.000000 0.000001
1.012984 0.000001 0.000001
1.012922 0.000013 0.000019
1.012923 0.000013 0.000019
1.012927 0.000006 0.000009
1.012927 0.000006 0.000008
1.012987 0.000001 0.000000
1.012994 0.000000 0.000000
1.012958 0.000003 0.000003
1.012986 0.000005 0.000009
1.012974 0.000009 0.000012
1.012976 0.000009 0.000009
1.012984 0.000012 0.000001
1.012981 0.000000 0.000003
1.012985 0.000007 0.000013
1.013010 0.000003 0.000005
1.012964 0.000002 0.000002
1.012956 0.000004 0.000004
1.012955 0.000005 0.000005
1.012989 0.000000 0.000001
1.012993 0.000000 0.000000
1.012981 0.000006 0.000002
1.012985 0.000005 0.000000
1.012977 0.000003 0.000005
1.012982 0.000003 0.000002
1.012987 0.000005 0.000005
1.013006 0.000000 0.000004
1.012982 0.000006 0.000004
1.012976 0.000008 0.000012
1.012964 0.000002 0.000002
1.012960 0.000005 0.000005
1.012979 0.000008 0.000000
1.012979 0.000008 0.000000
1.012989 0.000000 0.000000
1.012982 0.000001 0.000000
1.012974 0.000001 0.000001
1.012981 0.000000 0.000001
1.012989 0.000001 0.000002
1.012991 0.000002 0.000001
1.012985 0.000002 0.000002
1.012987 0.000003 0.000000
1.012991 0.000001 0.000002
1.012972 0.000002 0.000001
1.012972 0.000002 0.000001
1.012989 0.000002 0.000000
1.012988 0.000002 0.000000
1.012987 0.000000 0.000000
1.012984 0.000000 0.000000
1.012974 0.000000 0.000000
1.012944 0.000001 0.000001
1.012961 0.000004 0.000002
1.012985 0.000000 0.000001
1.012962 0.000003 0.000002
1.012975 0.000000 0.000000
1.012961 0.000002 0.000001
1.012975 0.000003 0.000001
1.012978 0.000003 0.000004
1.012977 0.000000 0.000005
1.012964 0.000010 0.000004
1.012972 0.000004 0.000000
1.012984 0.000005 0.000000
1.012970 0.000000 0.000007
1.012961 0.000002 0.000004
1.012961 0.000002 0.000004
1.012965 0.000002 0.000002
1.012962 0.000002 0.000002
1.012974 0.000000 0.000000
1.012968 0.000000 0.000001
1.012950 0.000001 0.000005
1.012948 0.000005 0.000000
1.012948 0.000005 0.000000
1.012948 0.000008 0.000001
1.012948 0.000008 0.000001
1.012970 0.000000 0.000001
1.012984 0.000000 0.000000
1.012974 0.000001 0.000001
1.012961 0.000002 0.000001
1.012974 0.000004 0.000002
1.012962 0.000002 0.000002
1.012968 0.000002 0.000004
1.012967 0.000009 0.000003
1.012974 0.000002 0.000005
1.012976 0.000004 0.000001
1.012963 0.000003 0.000001
1.012962 0.000004 0.000001
1.012961 0.000001 0.000001
1.012961 0.000002 0.000001
1.012969 0.000000 0.000000
1.012960 0.000001 0.000001
1.012954 0.000001 0.000000
1.012910 0.000003 0.000001
1.012986 0.000001 0.000001
1.012947 0.000000 0.000001
1.012924 0.000004 0.000003
1.012992 0.000001 0.000004
1.012959 0.000007 0.000005
1.012960 0.000007 0.000005
1.012967 0.000000 0.000001
1.012979 0.000000 0.000000
1.012901 0.000001 0.000000
1.012699 0.000001 0.000001
1.012954 0.000001 0.000000
1.012695 0.000006 0.000000
1.012694 0.000008 0.000001
1.012689 0.000004 0.000003
1.012690 0.000004 0.000003
1.012965 0.000000 0.000000
1.012955 0.000001 0.000001
1.012953 0.000001 0.000001
1.012837 0.000009 0.000004
1.012669 0.000066 0.000031
1.012669 0.000066 0.000031
1.012964 0.000000 0.000001
1.012976 0.000000 0.000000
1.012831 0.000041 0.000004
1.012896 0.000008 0.000010
1.012896 0.000000 0.000002
1.012905 0.000001 0.000003
1.012934 0.000017 0.000019
1.013049 0.000013 0.000021
1.013016 0.000062 0.000001
1.012967 0.000001 0.000000
1.013066 0.000005 0.000001
1.013073 0.000005 0.000001
1.012820 0.000003 0.000008
1.012820 0.000002 0.000008
1.012967 0.000000 0.000000
1.012903 0.000025 0.000006
1.012954 0.000006 0.000008
1.012975 0.000007 0.000010
1.012919 0.000031 0.000002
1.012921 0.000006 0.000007
1.012953 0.000008 0.000005
1.012848 0.000005 0.000008
1.013019 0.000011 0.000003
1.012942 0.000000 0.000000
1.012873 0.000000 0.000001
1.012873 0.000000 0.000001
1.012669 0.000000 0.000005
1.012714 0.000013 0.000001
1.012713 0.000012 0.000002
1.012622 0.000043 0.000026
1.012622 0.000042 0.000025
1.012952 0.000000 0.000000
1.012803 0.000006 0.000001
1.012910 0.000002 0.000021
1.012961 0.000027 0.000001
1.012820 0.000009 0.000016
1.012926 0.000010 0.000013
1.012964 0.000015 0.000019
1.012995 0.000043 0.000011
1.012952 0.000012 0.000003
1.012669 0.000000 0.000005
1.012799 0.000001 0.000004
1.012799 0.000002 0.000003
1.012796 0.000008 0.000006
1.012796 0.000008 0.000006
1.012944 0.000001 0.000000
1.012967 0.000000 0.000000
1.012931 0.000011 0.000001
1.012875 0.000000 0.000001
1.012935 0.000001 0.000007
1.012830 0.000013 0.000007
1.012915 0.000013 0.000005
1.012936 0.000005 0.000008
1.012924 0.000012 0.000009
1.012974 0.000001 0.000000
1.012792 0.000001 0.000010
1.012792 0.000002 0.000010
1.012897 0.000000 0.000006
1.012896 0.000001 0.000006
1.012948 0.000000 0.000000
1.012915 0.000000 0.000000
1.012833 0.000001 0.000002
1.012802 0.000000 0.000002
1.012802 0.000001 0.000001
1.012801 0.000002 0.000004
1.012801 0.000001 0.000003
1.012922 0.000001 0.000000
1.012956 0.000000 0.000000
1.012837 0.000009 0.000016
1.012859 0.000015 0.000014
1.012873 0.000006 0.000001
1.012880 0.000004 0.000005
1.012931 0.000012 0.000001
1.012861 0.000006 0.000002
1.012884 0.000007 0.000005
1.013010 0.000008 0.000015
1.012875 0.000001 0.000001
1.012876 0.000001 0.000001
1.012863 0.000007 0.000003
1.012920 0.000000 0.000000
1.012913 0.000001 0.000002
1.012888 0.000001 0.000001
1.012908 0.000003 0.000004
1.012899 0.000004 0.000005
1.012912 0.000007 0.000000
1.012853 0.000004 0.000007
1.012892 0.000004 0.000004
1.012958 0.000001 0.000003
1.012897 0.000000 0.000002
1.012906 0.000000 0.000002
1.012868 0.000002 0.000005
1.012868 0.000002 0.000004
1.012915 0.000000 0.000000
1.012901 0.000000 0.000001
1.012917 0.000003 0.000002
1.012915 0.000001 0.000001
1.012917 0.000001 0.000000
1.012879 0.000001 0.000001
1.012867 0.000002 0.000001
1.012914 0.000003 0.000001
1.012911 0.000000 0.000004
1.012912 0.000000 0.000001
1.012915 0.000000 0.000001
1.012867 0.000000 0.000002
1.012869 0.000000 0.000002
1.012904 0.000000 0.000001
1.012940 0.000000 0.000000
1.012911 0.000001 0.000001
1.012914 0.000000 0.000000
1.012914 0.000000 0.000001
1.012912 0.000002 0.000000
1.012915 0.000002 0.000000
1.012875 0.000004 0.000003
1.012876 0.000005 0.000004
1.012900 0.000000 0.000000
1.012879 0.000000 0.000001
1.012886 0.000000 0.000001
1.012926 0.000000 0.000000
1.012899 0.000000 0.000001
1.012920 0.000000 0.000000
1.012856 0.000000 0.000001
1.012727 0.000000 0.000004
1.012808 0.000003 0.000002
1.012808 0.000003 0.000002
1.012842 0.000004 0.000000
1.012842 0.000004 0.000000
1.012906 0.000000 0.000000
1.012888 0.000002 0.000000
1.012874 0.000003 0.000001
1.012899 0.000000 0.000003
1.012905 0.000005 0.000004
1.012864 0.000006 0.000006
1.012914 0.000002 0.000003
1.012849 0.000005 0.000008
1.012932 0.000004 0.000007
1.012870 0.000001 0.000001
1.012870 0.000001 0.000001
1.012856 0.000001 0.000002
1.012900 0.000001 0.000000
1.012915 0.000000 0.000000
1.012883 0.000002 0.000003
1.012899 0.000000 0.000002
1.012863 0.000002 0.000003
1.012889 0.000002 0.000002
1.012898 0.000000 0.000001
1.012907 0.000001 0.000000
1.012850 0.000002 0.000000
1.012905 0.000000 0.000002
1.012885 0.000000 0.000002
1.012885 -0.000000 0.000002
1.012848 0.000000 0.000002
1.012848 0.000000 0.000002
1.012905 0.000001 0.000000
1.012913 0.000000 0.000000
1.012904 0.000000 0.000000
1.012900 0.000000 0.000000
1.012895 0.000000 0.000001
1.012909 0.000000 0.000000
1.012895 0.000000 0.000000
1.012887 0.000000 0.000000
1.012889 0.000000 0.000001
1.012904 0.000000 0.000000
1.012892 0.000000 0.000000
1.012889 0.000000 0.000000
1.012883 0.000000 0.000000
1.012873 0.000000 0.000000
1.012876 0.000000 0.000001
1.012894 0.000000 0.000000
1.012841 0.000000 0.000000
1.012748 0.000000 0.000001
1.012475 0.000001 0.000003
1.012700 0.000001 0.000000
1.012748 0.000000 0.000001
1.012558 0.000005 0.000002
1.012725 0.000001 0.000003
1.012607 0.000002 0.000000
1.012857 0.000000 0.000000
1.012702 0.000006 0.000007
1.012842 0.000012 0.000000
1.012819 0.000013 0.000001
1.012664 0.000013 0.000031
1.012848 0.000021 0.000031
1.012927 0.000005 0.000008
1.012736 0.000015 0.000031
1.012849 0.000032 0.000031
1.012558 0.000005 0.000002
1.012578 0.000029 0.000032
1.012578 0.000029 0.000032
1.012701 0.000002 0.000001
1.012701 0.000002 0.000001
1.012848 0.000000 0.000000
1.012765 0.000003 0.000009
1.012827 0.000008 0.000006
1.012644 0.000001 0.000004
1.012757 0.000004 0.000004
1.012830 0.000011 0.000007
1.012842 -0.000000 0.000004
1.012898 0.000003 0.000011
1.012861 0.000010 0.000004
1.012613 0.000026 0.000010
1.012613 0.000026 0.000014
1.012804 0.000000 0.000001
1.012804 0.000010 0.000000
1.012834 0.000000 0.000000
1.012808 0.000000 0.000000
1.012730 0.000000 0.000001
1.012689 0.000001 0.000002
1.012582 0.000007 0.000029
1.012691 0.000001 0.000004
1.012582 0.000007 0.000028
1.012803 0.000000 0.000000
1.012769 0.000000 0.000001
1.012788 0.000000 0.000000
1.012742 0.000000 0.000001
1.012462 0.000008 0.000008
1.012463 0.000008 0.000007
1.012554 0.000004 0.000006
1.012555 0.000003 0.000005
1.012783 0.000000 0.000001
1.012832 0.000000 0.000000
1.012687 0.000002 0.000004
1.012710 0.000002 0.000007
1.012664 0.000005 0.000008
1.012710 0.000008 0.000016
1.012753 0.000020 0.000021
1.012765 0.000004 0.000003
1.012713 0.000004 0.000004
1.013060 0.000002 0.000003
1.012743 0.000000 0.000001
1.012596 0.000005 0.000011
1.012596 0.000005 0.000010
1.012649 0.000007 0.000002
1.012650 0.000007 0.000001
1.012785 0.000000 0.000000
1.012757 0.000000 0.000001
1.012776 0.000000 0.000002
1.012577 0.000011 0.000024
1.012577 0.000011 0.000024
1.012725 0.000001 0.000003
1.012772 0.000000 0.000000
1.012741 0.000000 0.000001
1.012735 0.000000 0.000000
1.012624 0.000000 0.000000
1.012299 0.000000 0.000000
1.012564 0.000005 0.000002
1.011352 0.000000 0.000002
1.012618 0.000057 0.000021
1.012749 0.000057 0.000019
1.012041 0.000032 0.000099
1.012041 0.000032 0.000099
1.012432 0.000000 0.000002
1.012684 0.000000 0.000000
1.012160 0.000001 0.000010
1.011467 0.000011 0.000011
1.013217 0.000007 0.000039
1.011058 0.000055 0.000079
1.012202 0.000090 0.000032
1.011785 0.000077 0.000085
1.014133 0.000008 0.000010
1.011898 0.000096 0.000011
1.011401 0.000000 0.000002
1.011681 0.000013 0.000012
1.011682 0.000013 0.000011
1.012480 0.000011 0.000003
1.012460 0.000000 0.000000
1.011703 0.000016 0.000013
1.012142 0.000045 0.000026
1.012230 0.000012 0.000020
1.012559 0.000040 0.000027
1.012187 0.000036 0.000043
1.012746 0.000060 0.000025
1.012655 0.000057 0.000025
1.012677 0.000055 0.000040
1.012291 0.000003 0.000006
1.012290 0.000004 0.000008
1.012286 0.000011 0.000011
1.012287 0.000010 0.000010
1.012351 0.000000 0.000001
1.012666 0.000000 0.000000
1.012507 0.000001 0.000002
1.011687 0.000016 0.000009
1.011687 0.000016 0.000009
1.012118 0.000005 0.000003
1.012118 0.000005 0.000002
1.012324 0.000000 0.000001
1.012658 0.000000 0.000000
1.012398 0.000001 0.000002
1.012123 0.000005 0.000016
1.012124 0.000006 0.000016
1.011703 0.000013 0.000016
1.011704 0.000014 0.000017
1.012398 0.000000 0.000000
1.011696 0.000064 0.000000
1.011736 0.000097 0.000030
1.011816 0.000029 0.000001
1.012051 0.000055 0.000020
1.012094 0.000020 0.000058
1.012134 0.000024 0.000021
1.012605 0.000054 0.000019
1.013210 0.000042 0.000038
1.012065 0.000010 0.000009
1.012065 0.000008 0.000009
1.012526 0.000013 0.000002
1.012311 0.000000 0.000000
1.012051 0.000020 0.000010
1.012055 0.000009 0.000005
1.012247 0.000006 0.000003
1.012274 0.000035 0.000006
1.012278 0.000003 0.000009
1.012279 0.000017 0.000018
1.012401 0.000007 0.000004
1.012837 0.000013 0.000005
1.012057 0.000016 0.000014
1.012057 0.000017 0.000014
1.012128 0.000001 0.000012
1.012128 0.000001 0.000007
1.012185 -0.000000 0.000000
1.011957 0.000000 0.000000
1.011317 0.000000 0.000001
1.009769 0.000000 0.000002
1.011320 0.000008 0.000009
1.011316 0.000007 0.000009
1.011124 0.000013 0.000009
1.011124 0.000013 0.000008
1.012004 0.000000 0.000000
1.010820 0.000004 0.000030
1.012033 0.000004 0.000011
1.011357 0.000003 0.000001
1.011862 0.000054 0.000011
1.011441 0.000061 0.000036
1.011592 0.000061 0.000064
1.011863 0.000003 0.000032
1.012562 0.000009 0.000058
1.011140 0.000010 0.000014
1.011140 0.000009 0.000014
1.011683 0.000024 0.000023
1.011683 0.000025 0.000022
1.011909 0.000000 0.000001
1.012273 0.000000 0.000000
1.011977 0.000003 0.000009
1.011767 0.000022 0.000009
1.011843 0.000048 0.000017
1.011939 0.000003 0.000008
1.012219 0.000005 0.000016
1.011429 0.000011 0.000026
1.011206 0.000011 0.000027
1.011815 0.000013 0.000043
1.011909 0.000007 0.000002
1.011909 0.000008 0.000002
1.011338 0.000001 0.000005
1.011978 0.000000 0.000000
1.011395 0.000002 0.000003
1.011854 0.000005 0.000007
1.011864 0.000018 0.000013
1.011899 0.000010 0.000003
1.011913 0.000001 0.000001
1.012000 0.000003 0.000002
1.011239 0.000003 0.000005
1.011976 0.000002 0.000001
1.009769 0.000000 0.000002
1.011363 0.000002 0.000003
1.011367 0.000002 0.000004
1.011919 0.000001 0.000004
1.011922 0.000004 0.000003
1.011864 0.000000 0.000000
1.011656 0.000000 0.000000
1.011071 0.000001 0.000001
1.011852 0.000003 0.000003
1.011291 0.000013 0.000008
1.011282 0.000013 0.000008
1.011655 0.000003 0.000001
1.011609 0.000000 0.000000
1.011337 0.000001 0.000001
1.011469 0.000000 0.000000
1.011067 0.000000 0.000001
1.010032 0.000000 0.000004
1.011035 0.000000 0.000001
1.009924 0.000000 0.000004
1.009590 0.000241 0.000149
1.009643 0.000240 0.000087
1.010148 0.000200 0.000147
1.010148 0.000200 0.000148
1.012558 0.000000 0.000001
1.011356 0.000000 0.000000
1.009924 0.000000 0.000004
1.011030 0.000000 0.000002
1.009273 0.000026 0.000205
1.009273 0.000026 0.000205
1.009590 0.000022 0.000213
1.009590 0.000022 0.000213
1.010834 0.000002 0.000001
1.011249 0.000001 0.000001
1.010602 0.000192 0.000106
1.012429 0.000122 0.000268
1.010472 0.000546 0.000430
1.009833 0.000090 0.000488
1.009993 0.000413 0.000129
1.010180 0.000021 0.000105
1.011566 0.000192 0.000109
1.012182 0.000187 0.000041
1.011030 0.000000 0.000002
1.009716 0.000013 0.000055
1.009717 0.000016 0.000054
1.010137 0.000121 0.000063
1.010138 0.000121 0.000063
1.010835 0.000001 0.000001
1.012299 0.000001 0.000000
1.010277 0.000184 0.000116
1.011380 0.000098 0.000123
1.012533 0.000079 0.000047
1.011441 0.000096 0.000020
1.010968 0.000164 0.000233
1.010337 0.000190 0.000023
1.011860 0.000191 0.000025
1.010612 0.000278 0.000385
1.010243 0.000029 0.000045
1.010243 0.000031 0.000046
1.010290 0.000005 0.000103
1.010290 0.000005 0.000103
1.011240 0.000001 0.000001
1.011771 0.000000 0.000000
1.010824 0.000008 0.000005
1.011329 0.000012 0.000027
1.011264 0.000076 0.000013
1.011232 0.000016 0.000055
1.011138 0.000058 0.000091
1.011421 0.000081 0.000085
1.010931 0.000059 0.000093
1.011374 0.000058 0.000059
1.011005 0.000044 0.000051
1.011005 0.000044 0.000050
1.010700 0.000059 0.000075
1.010700 0.000059 0.000075
1.011290 0.000000 0.000000
1.011022 0.000000 0.000000
1.010293 0.000001 0.000001
1.010508 0.000042 0.000026
1.010495 0.000042 0.000025
1.010281 0.000055 0.000030
1.010282 0.000056 0.000029
1.010948 0.000001 0.000000
1.011555 0.000000 0.000000
1.010257 0.000001 0.000001
1.010751 0.000001 0.000000
1.010206 0.000002 0.000002
1.009753 0.000039 0.000020
1.012336 0.000014 0.000085
1.012336 0.000014 0.000088
1.011125 0.000000 0.000001
1.011452 0.000000 0.000000
1.011755 0.000014 0.000083
1.009430 0.000070 0.000058
1.011853 0.000126 0.000181
1.010243 0.000206 0.000053
1.011999 0.000102 0.000138
1.010591 0.000244 0.000209
1.010943 0.000246 0.000208
1.011801 0.000140 0.000164
1.009674 0.000114 0.000063
1.009675 0.000108 0.000059
1.012601 0.000063 0.000020
1.012603 0.000065 0.000023
1.011127 0.000000 0.000000
1.010064 0.000007 0.000014
1.010991 0.000017 0.000028
1.010356 0.000033 0.000023
1.011148 0.000043 0.000016
1.010988 0.000096 0.000050
1.011009 0.000063 0.000095
1.011178 0.000034 0.000022
1.011467 0.000096 0.000068
1.010077 0.000038 0.000006
1.010077 0.000038 0.000006
1.010143 0.000005 0.000000
1.010356 0.000014 0.000010
1.011033 0.000000 0.000000
1.010522 0.000002 0.000001
1.010703 0.000006 0.000009
1.010800 0.000007 0.000007
1.010994 0.000023 0.000028
1.010997 0.000063 0.000038
1.010998 0.000002 0.000027
1.011025 0.000003 0.000021
1.011052 0.000063 0.000038
1.010552 0.000028 0.000014
1.010552 0.000028 0.000014
1.010698 0.000019 0.000036
1.010698 0.000019 0.000036
1.010890 0.000000 0.000001
1.011306 0.000000 0.000000
1.010816 0.000002 0.000000
1.010991 0.000005 0.000006
1.010755 0.000016 0.000025
1.010746 0.000017 0.000024
1.010997 0.000027 0.000007
1.010978 0.000015 0.000028
1.010991 0.000015 0.000010
1.011077 0.000036 0.000015
1.010808 0.000015 0.000002
1.010809 0.000015 0.000001
1.010932 0.000006 0.000013
1.010959 0.000001 0.000000
1.011254 0.000000 0.000000
1.010924 0.000005 0.000005
1.011074 0.000005 0.000001
1.010952 0.000000 0.000002
1.011024 0.000006 0.000000
1.011089 0.000009 0.000013
1.010714 0.000000 0.000003
1.010788 0.000001 0.000004
1.010971 0.000007 0.000002
1.010731 0.000001 0.000002
1.010976 0.000002 0.000002
1.010999 0.000002 0.000002
1.010987 0.000000 0.000000
1.010834 0.000000 0.000000
1.010402 0.000001 0.000001
1.010719 0.000005 0.000004
1.010720 0.000005 0.000005
1.010722 0.000002 0.000007
1.010722 0.000002 0.000007
1.010756 0.000001 0.000000
1.011125 0.000000 0.000000
1.010733 0.000001 0.000001
1.010838 0.000010 0.000004
1.010821 -0.000000 0.000005
1.010833 0.000013 0.000015
1.010833 0.000003 0.000003
1.010659 0.000000 0.000007
1.010844 0.000001 0.000008
1.010834 0.000022 0.000018
1.010402 0.000001 0.000001
1.010734 0.000002 0.000002
1.010734 0.000003 0.000002
1.010667 0.000006 0.000001
1.010667 0.000005 0.000002
1.010875 0.000000 0.000000
1.010841 0.000003 0.000004
1.010736 0.000003 0.000004
1.010783 0.000001 0.000001
1.010819 0.000002 0.000002
1.010830 0.000004 0.000003
1.010826 0.000003 0.000002
1.010766 0.000005 0.000003
1.010880 0.000004 0.000005
1.010718 0.000000 0.000002
1.010750 0.000006 0.000008
1.010750 0.000007 0.000008
1.010717 0.000000 0.000001
1.010618 0.000003 0.000003
1.010732 0.000005 0.000002
1.010683 0.000002 0.000002
1.010690 0.000002 0.000002
1.010731 0.000007 0.000001
1.010779 0.000000 0.000000
1.010615 0.000001 0.000001
1.010620 0.000001 0.000000
1.010173 0.000001 0.000000
1.009123 0.000001 0.000000
1.008579 0.000003 0.000002
1.010585 0.000001 0.000000
1.008968 0.000162 0.000090
1.008968 0.000162 0.000090
1.012881 0.000004 0.000006
1.010780 0.000000 0.000000
1.009885 0.000008 0.000001
1.010321 0.000035 0.000051
1.010569 0.000060 0.000004
1.010894 0.000020 0.000050
1.008879 0.000020 0.000073
1.009439 0.000022 0.000072
1.010581 0.000102 0.000095
1.010790 0.000007 0.000009
1.008588 0.000003 0.000002
1.008821 0.000001 0.000013
1.010044 0.000006 0.000005
1.008879 0.000020 0.000056
1.010685 0.000000 0.000001
1.010935 0.000000 0.000000
1.010304 0.000015 0.000014
1.010362 0.000025 0.000001
1.010986 0.000002 0.000034
1.010500 0.000032 0.000018
1.009054 0.000047 0.000045
1.010770 0.000049 0.000042
1.009200 0.000049 0.000045
1.011008 0.000019 0.000040
1.008806 0.000021 0.000001
1.008805 0.000022 0.000001
1.010775 0.000004 0.000009
1.010783 0.000002 0.000012
1.010698 0.000000 0.000001
1.010913 0.000000 0.000000
1.010774 0.000003 0.000009
1.010736 0.000013 0.000021
1.010622 0.000017 0.000001
1.010628 0.000001 0.000000
1.010579 0.000023 0.000013
1.009161 0.000029 0.000021
1.009085 0.000031 0.000020
1.010861 0.000004 0.000001
1.010576 0.000015 0.000010
1.010576 0.000015 0.000011
1.010739 0.000000 0.000001
1.010885 0.000000 0.000000
1.010709 0.000004 0.000008
1.010790 0.000002 0.000003
1.010706 0.000007 0.000003
1.010781 0.000006 0.000000
1.010687 0.000009 0.000010
1.009183 0.000004 0.000005
1.009065 0.000001 0.000004
1.010786 0.000005 0.000005
1.008588 0.000003 0.000002
1.010620 0.000001 0.000000
1.009088 0.000003 0.000002
1.010672 0.000005 0.000009
1.010672 0.000005 0.000009
1.010749 0.000000 0.000001
1.010871 0.000000 0.000000
1.010726 0.000001 0.000004
1.010745 0.000005 0.000003
1.010782 0.000000 0.000001
1.010742 0.000006 0.000003
1.010791 0.000001 0.000004
1.009140 0.000005 0.000000
1.009106 0.000002 0.000000
1.010766 0.000001 0.000001
1.010748 0.000002 0.000002
1.010748 0.000003 0.000003
1.010771 0.000000 0.000001
1.010856 0.000000 0.000000
1.010780 0.000001 0.000001
1.010793 0.000001 0.000001
1.010760 0.000000 0.000001
1.010775 0.000000 0.000001
1.010776 0.000001 0.000002
1.009116 0.000003 0.000002
1.009129 0.000001 0.000002
1.010773 0.000004 0.000004
1.010758 0.000002 0.000001
1.010761 0.000001 0.000001
1.010846 0.000000 0.000000
1.010821 0.000000 0.000000
1.010770 0.000000 0.000000
1.010741 0.000002 0.000002
1.009127 0.000001 0.000001
1.009134 0.000001 0.000001
1.010733 0.000004 0.000003
1.010751 0.000001 0.000001
1.010748 0.000000 0.000000
1.010700 0.000000 0.000000
1.010559 0.000000 0.000000
1.010162 0.000001 0.000001
1.009077 0.000004 0.000003
1.009080 0.000004 0.000003
1.010387 0.000024 0.000008
1.010387 0.000023 0.000007
1.010642 0.000000 0.000000
1.010462 0.000005 0.000002
1.010469 0.000004 0.000004
1.010530 0.000005 0.000002
1.010536 0.000013 0.000012
1.010556 -0.000000 0.000004
1.009110 0.000001 0.000005
1.009135 0.000003 0.000005
1.010572 0.000005 0.000008
1.010161 0.000001 0.000001
1.009067 0.000002 0.000002
1.009067 0.000002 0.000001
1.010472 0.000004 0.000004
1.010473 0.000005 0.000005
1.010589 0.000001 0.000000
1.010731 0.000000 0.000000
1.010551 0.000007 0.000004
1.010575 0.000000 0.000001
1.010514 0.000000 0.000002
1.010521 0.000003 0.000004
1.010552 0.000001 0.000002
1.009096 0.000000 0.000001
1.009017 0.000003 0.000002
1.009012 0.000001 0.000002
1.009012 0.000001 0.000002
1.010463 0.000006 0.000005
1.010463 0.000005 0.000004
1.010583 0.000000 0.000000
1.009043 0.000004 0.000003
1.009150 0.000005 0.000002
1.010542 0.000003 0.000004
1.010466 0.000002 0.000002
1.010524 0.000009 0.000007
1.010560 0.000002 0.000001
1.010541 0.000005 0.000009
1.010578 0.000006 0.000009
1.009062 0.000001 0.000000
1.008966 0.000003 0.000003
1.009064 0.000002 0.000003
1.009073 0.000002 0.000003
1.010457 0.000007 0.000003
1.010457 0.000007 0.000003
1.010540 0.000000 0.000000
1.010439 0.000001 0.000000
1.010483 0.000000 0.000000
1.010318 0.000001 0.000000
1.009062 0.000012 0.000015
1.009064 0.000013 0.000015
1.010055 0.000004 0.000005
1.010054 0.000006 0.000006
1.010426 0.000001 0.000000
1.010630 0.000000 0.000000
1.008906 0.000006 0.000005
1.010488 0.000003 0.000004
1.010039 0.000000 0.000000
1.008958 0.000003 0.000003
1.009006 0.000000 0.000000
1.008609 0.000000 0.000000
1.031715 0.000000 0.000000
1.008236 0.000012 0.000039
1.008235 0.000012 0.000039
1.012890 0.000003 0.000002
1.008391 0.000000 0.000000
1.008405 0.000001 0.000000
1.020408 0.000003 0.000001
1.020454 0.000004 0.000001
1.008212 0.000050 0.000023
1.008211 0.000046 0.000022
1.008329 0.000045 0.000100
1.008330 0.000043 0.000101
1.008366 0.000002 0.000000
1.008390 0.000001 0.000000
1.008389 0.000001 0.000001
1.008350 0.000009 0.000047
1.008351 0.000009 0.000045
1.008358 0.000000 0.000048
1.008356 0.000001 0.000048
1.008387 0.000001 0.000001
1.008392 0.000002 0.000002
1.008207 0.000020 0.000155
1.008312 0.000062 0.000065
1.016370 0.000024 0.000035
1.008602 0.000316 0.000197
1.008379 0.000008 0.000380
1.008326 0.000038 0.000433
1.008455 0.000039 0.000425
1.008382 0.000043 0.000007
1.017147 0.000003 0.000001
1.009291 0.000019 0.000067
1.009295 0.000018 0.000064
1.008246 0.000020 0.000123
1.008245 0.000021 0.000127
1.009360 0.000001 0.000000
1.008541 0.000000 0.000000
1.008241 0.000025 0.000067
1.009888 0.000051 0.000001
1.008212 0.000095 0.000083
1.009942 0.000066 0.000055
1.008343 0.000002 0.000181
1.008590 0.000058 0.000092
1.009343 0.000060 0.000092
1.008691 0.000009 0.000184
1.017147 0.000003 0.000001
1.008271 0.000009 0.000015
1.008272 0.000010 0.000014
1.009419 0.000003 0.000007
1.008547 0.000000 0.000000
1.008311 0.000023 0.000006
1.008322 0.000030 0.000020
1.008349 0.000029 0.000033
1.009231 0.000060 0.000027
1.008351 0.000058 0.000056
1.008425 0.000015 0.000101
1.008502 0.000059 0.000055
1.008390 0.000002 0.000000
1.008260 0.000006 0.000021
1.008260 0.000006 0.000021
1.008423 0.000007 0.000028
1.008423 0.000007 0.000028
1.009453 0.000000 -0.000000
1.008516 0.000000 0.000000
1.008376 0.000002 0.000005
1.008330 0.000003 0.000004
1.008311 0.000015 0.000011
1.008298 0.000002 0.000004
1.008336 0.000026 0.000016
1.008388 0.000002 0.000040
1.008568 0.000016 0.000011
1.008986 0.000017 0.000013
1.008274 0.000007 0.000028
1.008274 0.000007 0.000029
1.008312 0.000002 0.000001
1.008330 0.000001 0.000004
1.009611 0.000001 0.000000
1.008409 0.000000 0.000000
1.008328 0.000005 0.000001
1.008517 0.000004 0.000002
1.008401 0.000002 0.000003
1.008410 0.000010 0.000008
1.008335 0.000003 0.000007
1.008395 0.000000 0.000018
1.008503 0.000006 0.000002
1.008350 0.000011 0.000010
1.008500 0.000001 0.000008
1.008537 0.000001 0.000008
1.008394 0.000001 0.000010
1.008394 0.000001 0.000010
1.008451 0.000002 0.000001
1.008404 0.000001 0.000000
1.008462 0.000002 0.000001
1.008404 0.000000 0.000000
1.008442 0.000001 0.000000
1.008413 0.000001 0.000000
1.008384 0.000001 0.000007
1.008355 0.000001 0.000001
1.008384 0.000004 0.000008
1.008400 0.000003 0.000009
1.008386 0.000006 0.000005
1.008386 0.000005 0.000004
1.008395 0.000004 0.000003
1.008407 0.000012 0.000001
1.008359 0.000000 0.000001
1.008303 0.000000 0.000005
1.008318 0.000013 0.000013
1.008318 0.000013 0.000013
1.008320 0.000008 0.000019
1.008320 0.000008 0.000019
1.008441 0.000000 0.000001
1.008402 0.000000 0.000000
1.008515 0.000000 0.000001
1.008389 0.000000 0.000001
1.008352 0.000002 0.000013
1.008361 0.000002 0.000003
1.008368 0.000005 0.000003
1.008381 0.000004 0.000005
1.008410 0.000000 0.000006
1.008372 0.000001 0.000010
1.008347 0.000001 0.000012
1.008418 0.000004 0.000007
1.008356 0.000002 0.000004
1.008359 0.000000 0.000006
1.008359 0.000000 0.000006
1.008391 0.000001 0.000000
1.008412 0.000001 0.000001
1.008390 0.000000 0.000001
1.008392 0.000001 0.000001
1.008365 0.000001 0.000000
1.008384 0.000001 0.000004
1.008354 0.000002 0.000003
1.008377 0.000003 0.000004
1.008353 0.000001 0.000002
1.008354 0.000001 0.000002
1.008390 0.000001 0.000003
1.008393 0.000001 0.000003
1.008372 0.000000 0.000002
1.008385 0.000000 0.000000
1.008371 0.000001 0.000000
1.008376 0.000000 0.000000
1.008402 0.000001 0.000001
1.008373 0.000001 0.000000
1.008351 0.000002 0.000001
1.008350 0.000001 0.000002
1.008350 0.000001 0.000002
1.008349 0.000002 0.000009
1.008349 0.000002 0.000009
1.008376 0.000000 0.000000
1.008370 0.000001 0.000000
1.008394 0.000000 0.000000
1.008369 0.000000 0.000000
1.008355 0.000000 0.000000
1.008360 0.000000 0.000000
1.008352 0.000001 0.000000
1.008380 0.000000 0.000000
1.008355 0.000000 0.000000
1.008351 0.000001 0.000000
1.008372 0.000000 0.000000
1.008351 0.000001 0.000000
1.008370 0.000000 0.000000
1.008351 0.000000 0.000000
1.008343 0.000000 0.000001
1.008347 0.000000 0.000000
1.008338 0.000000 0.000000
1.008337 0.000000 0.000000
1.008328 0.000000 0.000000
1.008333 0.000001 0.000001
1.008351 0.000000 0.000000
1.008334 0.000000 0.000000
1.008330 0.000000 0.000000
1.008327 0.000000 0.000001
1.008342 0.000000 0.000000
1.008324 0.000001 0.000000
1.008342 0.000000 0.000000
1.008328 0.000000 0.000000
1.008325 0.000000 0.000000
1.008324 0.000001 0.000001
1.008324 0.000000 0.000000
1.008323 0.000000 0.000000
1.008324 0.000000 0.000000
1.008321 0.000001 0.000000
1.008327 0.000000 0.000000
1.008324 0.000000 0.000000
1.008329 0.000000 0.000000
1.008325 0.000000 0.000000
1.008324 0.000001 0.000000
1.008324 0.000000 0.000000
1.008326 0.000000 0.000000
1.008324 0.000000 0.000000
1.008325 0.000000 0.000000
1.008324 0.000000 0.000000
1.008324 0.000000 0.000000
1.008324 0.000000 0.000000
1.008351 0.000000 0.000000
1.008317 0.000002 0.000001
1.008322 0.000002 0.000002
1.008322 0.000002 0.000002
1.008320 0.000000 0.000001
1.008312 0.000000 0.000005
1.008313 0.000003 0.000017
1.008313 0.000003 0.000017
1.008321 0.000005 0.000012
1.008323 0.000005 0.000012
1.008324 0.000000 0.000000
1.008324 0.000000 0.000000
1.008335 0.000009 0.000004
1.008315 0.000005 0.000013
1.008336 0.000006 0.000009
1.008346 0.000006 0.000007
1.008313 0.000008 0.000000
1.008328 0.000008 0.000002
1.008328 0.000008 0.000023
1.008340 0.000010 0.000018
1.008332 0.000005 0.000001
1.008332 0.000005 0.000001
1.008332 0.000003 0.000011
1.008332 0.000003 0.000012
1.008323 0.000000 0.000000
1.008320 0.000002 0.000002
1.008324 0.000002 0.000000
1.008321 0.000004 0.000001
1.008330 0.000000 0.000007
1.008322 0.000006 0.000002
1.008322 0.000006 0.000004
1.008320 0.000003 0.000012
1.008329 0.000004 0.000015
1.008312 0.000002 0.000004
1.008312 0.000002 0.000003
1.008321 0.000001 0.000001
1.008322 0.000000 0.000000
1.008322 0.000002 0.000002
1.008320 0.000002 0.000000
1.008320 0.000001 0.000000
1.008315 0.000000 0.000004
1.008315 0.000000 0.000004
1.008322 0.000000 0.000000
1.008324 0.000000 0.000002
1.008319 0.000005 0.000002
1.008322 0.000003 0.000000
1.008328 0.000003 0.000000
1.008321 0.000002 0.000010
1.008326 0.000006 0.000006
1.008315 0.000006 0.000009
1.008321 0.000002 0.000000
1.008315 0.000002 0.000003
1.008316 0.000001 0.000004
1.008320 0.000003 0.000001
1.008321 0.000002 0.000001
1.008321 0.000000 0.000000
1.008320 -0.000000 0.000000
1.008316 0.000000 0.000001
1.008310 0.000001 0.000004
1.008317 0.000005 0.000001
1.008318 0.000005 0.000001
1.008318 0.000004 0.000004
1.008317 0.000004 0.000003
1.008320 0.000000 0.000001
1.008322 0.000000 0.000000
1.008316 0.000001 0.000005
1.008310 0.000004 0.000020
1.008328 0.000002 0.000002
1.008317 0.000006 0.000013
1.008317 0.000011 0.000011
1.008315 0.000005 0.000022
1.008318 0.000006 0.000019
1.008336 0.000016 0.000037
1.008322 0.000003 0.000005
1.008322 0.000003 0.000006
1.008307 0.000008 0.000022
1.008307 0.000008 0.000021
1.008319 0.000000 0.000000
1.008318 0.000000 0.000001
1.008318 0.000001 0.000001
1.008322 0.000000 0.000002
1.008322 0.000001 0.000001
1.008320 0.000003 0.000005
1.008318 0.000003 0.000004
1.008319 0.000000 0.000001
1.008321 0.000000 0.000000
1.008314 0.000001 0.000003
1.008322 0.000013 0.000013
1.008326 0.000003 0.000004
1.008304 0.000015 0.000004
1.008335 0.000007 0.000001
1.008305 0.000008 0.000004
1.008315 0.000001 0.000020
1.008319 0.000002 0.000001
1.008308 0.000005 0.000003
1.008308 0.000005 0.000003
1.008309 0.000002 0.000004
1.008310 0.000002 0.000003
1.008319 0.000000 0.000001
1.008321 0.000000 0.000000
1.008316 0.000001 0.000001
1.008312 0.000006 0.000007
1.008319 0.000002 0.000000
1.008320 0.000001 0.000008
1.008320 0.000004 0.000005
1.008312 0.000001 0.000007
1.008321 0.000002 0.000009
1.008327 0.000007 0.000019
1.008312 0.000003 0.000002
1.008311 0.000003 0.000002
1.008316 0.000002 0.000001
1.008317 0.000002 0.000002
1.008322 0.000000 0.000000
1.008321 0.000000 0.000000
1.008320 0.000001 0.000000
1.008318 0.000003 0.000001
1.008319 0.000000 0.000001
1.008323 0.000002 0.000002
1.008319 0.000000 0.000003
1.008317 0.000001 0.000006
1.008315 0.000001 0.000004
1.008318 0.000001 0.000001
1.008320 0.000001 0.000002
1.008320 0.000000 0.000002
1.008319 0.000000 0.000000
1.008316 0.000001 0.000001
1.008318 0.000001 0.000001
1.008319 0.000001 0.000000
1.008319 0.000000 0.000002
1.008319 0.000000 0.000000
1.008320 0.000001 0.000000
1.008316 0.000001 0.000001
1.008320 0.000000 0.000001
1.008315 0.000000 0.000000
1.008313 0.000000 0.000003
1.008315 0.000000 0.000002
1.008318 0.000000 0.000001
1.008315 0.000001 0.000001
1.008317 0.000000 0.000002
1.008316 0.000001 0.000000
1.008316 0.000000 0.000000
1.008315 0.000000 0.000000
1.008315 0.000000 0.000001
1.008313 0.000001 0.000001
1.008313 0.000000 0.000002
1.008313 0.000000 0.000000
1.008313 0.000002 0.000000
1.008307 0.000005 0.000001
1.008307 0.000005 0.000001
1.008308 0.000000 0.000003
1.008308 0.000000 0.000003
1.008312 0.000000 0.000000
1.008309 0.000000 0.000000
1.008299 0.000000 0.000001
1.008273 0.000001 0.000003
1.008197 0.000084 0.000070
1.008197 0.000084 0.000070
1.008298 0.000007 0.000012
1.008310 0.000000 0.000000
1.008313 0.000006 0.000007
1.008295 0.000004 0.000012
1.008328 0.000012 0.000018
1.008325 0.000016 0.000015
1.008324 0.000009 0.000017
1.008346 0.000007 0.000021
1.008324 0.000005 0.000013
1.008275 0.000042 0.000030
1.008279 0.000014 0.000012
1.008280 0.000014 0.000011
1.008301 0.000008 0.000012
1.008301 0.000008 0.000012
1.008308 0.000000 0.000000
1.008305 0.000001 0.000000
1.008310 0.000001 0.000002
1.008268 0.000026 0.000017
1.008268 0.000026 0.000017
1.008283 0.000007 0.000003
1.008284 0.000006 0.000002
1.008306 0.000000 0.000000
1.008301 0.000001 0.000000
1.008298 0.000000 0.000002
1.008257 0.000007 0.000016
1.008248 0.000012 0.000020
1.008341 0.000007 0.000000
1.008332 0.000008 0.000001
1.008305 0.000000 0.000000
1.008302 0.000000 0.000001
1.008277 0.000001 0.000003
1.008317 0.000000 0.000001
1.008350 0.000002 0.000002
1.008358 0.000001 0.000004
1.008246 0.000013 0.000055
1.008246 0.000012 0.000055
1.008302 0.000000 0.000000
1.008297 0.000000 0.000001
1.008285 0.000001 0.000001
1.008303 0.000001 0.000000
1.008250 0.000079 0.000065
1.008250 0.000079 0.000066
1.008238 0.000043 0.000026
1.008237 0.000042 0.000026
1.008303 0.000001 0.000000
1.008306 0.000000 0.000000
1.008321 0.000019 0.000009
1.008188 0.000097 0.000216
1.008230 0.000007 0.000002
1.008401 0.000002 0.000045
1.008474 0.000211 0.000143
1.008497 0.000125 0.000108
1.008298 0.000126 0.000109
1.008136 0.000220 0.000147
1.008161 0.000196 0.000070
1.008160 0.000197 0.000070
1.008223 0.000014 0.000010
1.008222 0.000015 0.000011
1.008302 0.000000 0.000000
1.008282 0.000010 0.000021
1.008215 0.000096 0.000080
1.008277 0.000005 0.000028
1.008325 0.000003 0.000034
1.008333 0.000032 0.000056
1.008252 0.000079 0.000044
1.008348 0.000078 0.000043
1.008282 0.000032 0.000056
1.008280 0.000008 0.000001
1.008281 0.000007 0.000001
1.008286 0.000002 0.000005
1.008286 0.000002 0.000005
1.008300 0.000000 0.000001
1.008306 0.000000 0.000000
1.008290 0.000016 0.000006
1.008264 0.000041 0.000044
1.008267 0.000035 0.000027
1.008293 0.000006 0.000006
1.008279 0.000025 0.000021
1.008292 0.000008 0.000026
1.008317 0.000024 0.000020
1.008335 0.000024 0.000031
1.008271 0.000017 0.000031
1.008271 0.000017 0.000032
1.008284 0.000002 0.000001
1.008285 0.000002 0.000002
1.008302 0.000000 0.000001
1.008305 0.000000 0.000000
1.008300 0.000001 0.000000
1.008283 0.000020 0.000017
1.008288 0.000008 0.000017
1.008297 0.000013 0.000010
1.008301 0.000001 0.000007
1.008286 0.000015 0.000017
1.008311 0.000014 0.000016
1.008319 0.000018 0.000021
1.008279 0.000020 0.000021
1.008278 0.000021 0.000022
1.008283 0.000012 0.000013
1.008282 0.000012 0.000013
1.008301 0.000001 0.000000
1.008305 0.000000 0.000000
1.008295 0.000007 0.000010
1.008299 0.000003 0.000003
1.008304 0.000005 0.000001
1.008306 0.000006 0.000009
1.008309 0.000009 0.000009
1.008311 0.000005 0.000007
1.008289 0.000007 0.000010
1.008300 0.000006 0.000000
1.008295 0.000001 0.000008
1.008295 0.000001 0.000008
1.008303 0.000001 0.000003
1.008304 0.000001 0.000004
1.008302 0.000000 0.000000
1.008300 0.000000 0.000001
1.008302 0.000001 0.000000
1.008302 0.000001 0.000000
1.008298 0.000001 0.000001
1.008301 0.000000 0.000002
1.008296 0.000002 0.000002
1.008306 0.000004 0.000004
1.008297 0.000006 0.000004
1.008302 0.000001 0.000000
1.008302 -0.000000 0.000000
1.008300 0.000000 0.000000
1.008298 0.000000 0.000000
1.008297 0.000000 0.000000
1.008293 0.000000 0.000000
1.008296 0.000001 0.000001
1.008301 0.000000 0.000000
1.008297 0.000000 0.000000
1.008293 0.000000 -0.000000
1.008291 0.000000 0.000000
1.008286 0.000000 0.000001
1.008288 0.000000 0.000000
1.008282 0.000000 0.000000
1.008285 0.000000 0.000000
1.008281 0.000000 0.000000
1.008273 0.000001 0.000000
1.008280 0.000000 0.000000
1.008273 0.000000 0.000000
1.008272 0.000000 0.000001
1.008288 0.000000 0.000000
1.008273 0.000000 0.000000
1.008270 0.000000 0.000000
1.008261 0.000000 0.000000
1.008263 0.000000 0.000000
1.008259 0.000001 0.000000
1.008276 0.000000 0.000000
1.008260 0.000000 0.000000
1.008252 0.000000 0.000000
1.008253 0.000000 0.000000
1.008249 0.000000 0.000000
1.008239 0.000001 0.000001
1.008239 0.000001 0.000000
1.008264 0.000000 0.000000
1.008247 0.000000 0.000000
1.008239 0.000001 0.000000
1.008244 0.000001 0.000000
1.008257 0.000000 0.000000
1.008244 0.000000 -0.000000
1.008239 0.000000 0.000000
1.008241 0.000000 0.000000
1.008238 0.000000 0.000000
1.008235 0.000000 0.000000
1.008231 0.000001 0.000000
1.008246 0.000000 0.000000
1.008236 0.000000 0.000000
1.008240 0.000000 0.000000
1.008237 0.000000 0.000000
1.008238 0.000000 0.000000
1.008232 0.000000 0.000000
1.008229 0.000000 0.000000
1.008234 -0.000000 0.000000
1.008232 0.000000 0.000000
1.008233 0.000000 0.000000
1.008225 0.000000 0.000000
1.008219 0.000000 0.000000
1.008220 0.000000 0.000000
1.008239 0.000001 0.000000
1.008228 0.000000 0.000000
1.008220 0.000000 0.000000
1.008215 0.000000 0.000000
1.008208 0.000000 0.000000
1.008211 0.000000 0.000000
1.008202 0.000000 0.000000
1.008190 0.000000 0.000000
1.008198 0.000000 0.000000
1.008191 0.000000 0.000001
1.008212 0.000000 0.000000
1.008189 0.000000 0.000000
1.008178 0.000000 0.000000
1.008182 0.000000 0.000000
1.008169 0.000000 0.000000
1.008149 0.000000 0.000000
1.008148 0.000000 0.000000
1.008119 0.000001 0.000000
1.008142 0.000000 0.000000
1.008119 0.000000 0.000001
1.008135 0.000000 0.000001
1.008174 0.000000 0.000000
1.008134 0.000000 0.000000
1.008111 0.000001 0.000000
1.008124 0.000001 0.000000
1.008163 0.000000 0.000000
1.008120 0.000000 0.000000
1.008094 0.000000 0.000001
1.008114 0.000000 0.000000
1.008090 0.000001 0.000000
1.008114 0.000001 0.000000
1.008140 0.000000 0.000000
1.008111 0.000000 0.000001
1.008139 0.000000 0.000000
1.008120 0.000000 0.000000
1.008110 0.000001 0.000000
1.008132 0.000000 0.000000
1.008108 0.000000 0.000000
1.008093 0.000000 0.000001
1.008103 0.000000 0.000000
1.008088 0.000000 0.000000
1.008087 0.000000 0.000000
1.008064 0.000000 0.000001
1.008089 0.000000 0.000001
1.008111 0.000000 0.000000
1.008087 0.000001 0.000000
1.008110 0.000000 0.000000
1.008088 0.000000 0.000001
1.008107 0.000000 0.000000
1.008089 0.000000 0.000001
1.008106 0.000000 0.000000
1.008089 0.000000 0.000000
1.008082 0.000000 0.000000
1.008069 0.000000 0.000000
1.008068 0.000000 0.000000
1.008049 0.000000 0.000001
1.008055 0.000000 0.000001
1.008093 0.000000 0.000000
1.008067 0.000000 0.000000
1.007992 0.000000 0.000001
1.007835 0.000000 0.000003
1.008065 0.000000 0.000000
1.008062 0.000001 0.000000
1.007835 0.000000 0.000003
1.008049 0.000010 0.000001
1.008049 0.000010 0.000001
1.008054 0.000000 0.000000
1.008037 0.000000 0.000000
1.007988 0.000000 0.000000
1.007844 0.000000 0.000000
1.007441 0.000001 0.000006
1.007835 0.000000 0.000003
1.007835 0.000003 0.000005
1.007835 0.000006 0.000005
1.008043 0.000001 0.000053
1.008043 0.000001 0.000053
1.007836 0.000000 0.000001
1.008090 0.000000 0.000000
1.007441 0.000001 0.000006
1.007823 0.000001 0.000006
1.007824 0.000009 0.000002
1.007824 0.000009 0.000002
1.007813 0.000000 0.000013
1.007813 0.000001 0.000013
1.007931 0.000000 0.000000
1.007741 0.000233 0.000005
1.007962 0.000234 0.000008
1.007958 0.000074 0.000124
1.008288 0.000404 0.000342
1.007747 0.000271 0.000376
1.007692 0.000038 0.000303
1.008279 0.000394 0.000287
1.007228 0.000571 0.000529
1.007823 0.000001 0.000006
1.007439 0.000001 0.000006
1.007829 0.000096 0.000002
1.007829 0.000096 0.000003
1.007849 0.000070 0.000018
1.007850 0.000069 0.000017
1.007841 -0.000000 0.000000
1.007716 0.000000 0.000002
1.007833 0.000000 0.000002
1.007745 0.000036 0.000082
1.007736 0.000045 0.000091
1.007747 0.000194 0.000016
1.007747 0.000194 0.000016
1.007796 0.000000 0.000000
1.007672 0.000001 0.000002
1.007666 0.000001 0.000001
1.007218 0.000401 0.000542
1.007218 0.000401 0.000542
1.007263 0.000395 0.000445
1.007263 0.000395 0.000445
1.007705 0.000001 0.000001
1.007967 0.000000 0.000000
1.007566 0.000344 0.000422
1.007756 0.000071 0.000136
1.008155 0.000345 0.000418
1.008110 0.000423 0.000352
1.008312 0.000367 0.000479
1.007935 0.000020 0.000013
1.007563 0.000266 0.000280
1.007036 0.000801 0.000855
1.007666 0.000001 0.000001
1.007685 0.000031 0.000034
1.007685 0.000031 0.000033
1.007737 0.000068 0.000114
1.007737 0.000068 0.000114
1.007766 0.000000 0.000001
1.007931 0.000000 0.000000
1.007666 0.000001 0.000001
1.007677 0.000000 0.000002
1.007611 0.000141 0.000421
1.007630 0.000035 0.000399
1.007808 0.000026 0.000037
1.007630 0.000031 0.000386
1.007770 0.000000 0.000001
1.007917 0.000000 0.000000
1.007815 0.000005 0.000012
1.007426 0.000239 0.000319
1.007726 0.000049 0.000128
1.007455 0.000391 0.000518
1.007772 0.000056 0.000145
1.007810 0.000056 0.000148
1.008212 0.000537 0.000238
1.008225 0.000244 0.000574
1.007677 0.000000 0.000002
1.007630 0.000058 0.000009
1.007630 0.000058 0.000009
1.007553 0.000102 0.000243
1.007553 0.000102 0.000244
1.007801 0.000000 0.000000
1.007836 0.000039 0.000128
1.007931 0.000123 0.000110
1.007986 0.000175 0.000169
1.007697 0.000004 0.000007
1.007736 0.000067 0.000056
1.007814 0.000080 0.000017
1.007835 0.000003 0.000005
1.007465 0.000356 0.000293
1.007680 0.000038 0.000024
1.007681 0.000035 0.000022
1.007736 0.000011 0.000081
1.007736 0.000011 0.000081
1.007752 0.000000 0.000001
1.007885 0.000000 -0.000000
1.007624 0.000001 0.000002
1.007452 0.000456 0.000520
1.007452 0.000456 0.000520
1.007604 0.000069 0.000025
1.007604 0.000069 0.000026
1.007750 0.000000 0.000001
1.007875 -0.000000 0.000000
1.007613 0.000001 0.000003
1.007668 0.000161 0.000066
1.007670 0.000165 0.000069
1.007673 0.000302 0.000029
1.007674 0.000302 0.000033
1.007779 0.000000 0.000000
1.007727 0.000000 0.000001
1.007727 0.000000 0.000001
1.007581 0.000001 0.000003
1.007946 0.000140 0.000130
1.007947 0.000139 0.000130
1.007882 0.000081 0.000062
1.007883 0.000081 0.000061
1.007750 0.000000 0.000001
1.007843 0.000000 0.000000
1.007775 0.000002 0.000000
1.007604 0.000488 0.000160
1.007720 0.000031 0.000235
1.007476 0.000008 0.000202
1.008030 0.000009 0.000200
1.008075 0.000410 0.000311
1.007329 0.000246 0.000405
1.008050 0.000203 0.000223
1.007612 0.000201 0.000090
1.007612 0.000201 0.000091
1.007494 0.000078 0.000182
1.007494 0.000078 0.000182
1.007781 0.000000 0.000001
1.007828 0.000000 0.000000
1.007732 0.000043 0.000024
1.007595 0.000139 0.000202
1.007680 0.000224 0.000052
1.007704 0.000204 0.000019
1.007714 0.000025 0.000019
1.007731 0.000044 0.000025
1.007749 0.000091 0.000122
1.007783 0.000006 0.000004
1.007594 0.000154 0.000073
1.007594 0.000154 0.000073
1.007586 0.000117 0.000132
1.007586 0.000117 0.000132
1.007774 0.000000 0.000001
1.007826 0.000000 0.000000
1.007709 0.000082 0.000010
1.007720 0.000084 0.000024
1.007757 0.000009 0.000002
1.007770 0.000001 0.000005
1.007717 0.000004 0.000074
1.007746 0.000082 0.000011
1.007864 0.000123 0.000106
1.007759 0.000035 0.000029
1.007698 0.000031 0.000001
1.007698 0.000031 0.000001
1.007721 0.000004 0.000059
1.007721 0.000004 0.000059
1.007771 0.000000 0.000000
1.007736 0.000001 0.000000
1.007747 0.000001 0.000000
1.007594 0.000065 0.000087
1.007594 0.000065 0.000086
1.007590 0.000175 0.000252
1.007590 0.000175 0.000252
1.007762 0.000000 0.000001
1.007811 0.000000 0.000000
1.007757 0.000015 0.000063
1.007743 0.000056 0.000004
1.007680 0.000087 0.000094
1.007769 0.000010 0.000002
1.007769 0.000059 0.000001
1.007768 0.000010 0.000038
1.007698 0.000016 0.000065
1.007777 0.000004 0.000002
1.007689 0.000018 0.000004
1.007689 0.000018 0.000004
1.007677 0.000076 0.000125
1.007677 0.000128 0.000130
1.007757 0.000000 0.000000
1.007723 0.000000 0.000001
1.007717 0.000000 0.000001
1.007717 0.000000 0.000001
1.007602 0.000000 0.000004
1.007483 0.000139 0.000134
1.007483 0.000139 0.000133
1.007523 0.000099 0.000133
1.007523 0.000099 0.000133
1.007751 0.000000 0.000001
1.007796 0.000000 0.000000
1.007714 0.000076 0.000038
1.007659 0.000220 0.000070
1.007741 0.000027 0.000018
1.007576 0.000096 0.000165
1.007700 0.000103 0.000069
1.007707 0.000070 0.000139
1.007734 0.000102 0.000072
1.007773 0.000026 0.000022
1.007602 0.000000 0.000004
1.007595 0.000075 0.000112
1.007595 0.000075 0.000113
1.007707 0.000064 0.000067
1.007708 0.000062 0.000067
1.007759 0.000000 0.000000
1.007690 0.000013 0.000035
1.007667 0.000098 0.000070
1.007704 0.000055 0.000044
1.007751 0.000056 0.000005
1.007727 0.000031 0.000066
1.007744 0.000012 0.000032
1.007823 0.000065 0.000079
1.007764 0.000002 0.000005
1.007676 0.000007 0.000017
1.007676 0.000008 0.000017
1.007679 0.000033 0.000049
1.007679 0.000033 0.000049
1.007749 0.000000 0.000000
1.007726 0.000001 0.000001
1.007726 0.000001 0.000001
1.007671 0.000008 0.000020
1.007672 0.000007 0.000019
1.007673 0.000011 0.000032
1.007673 0.000011 0.000032
1.007730 0.000000 0.000001
1.007779 0.000000 0.000000
1.007796 0.000039 0.000036
1.007741 0.000000 0.000027
1.007625 0.000040 0.000098
1.007679 0.000067 0.000052
1.007739 0.000073 0.000008
1.007663 0.000080 0.000113
1.007809 0.000040 0.000095
1.007770 0.000017 0.000009
1.007702 0.000032 0.000009
1.007656 0.000154 0.000104
1.007656 0.000154 0.000104
1.007702 0.000031 0.000008
1.007747 0.000000 0.000000
1.007730 0.000000 0.000001
1.007739 0.000000 0.000000
1.007716 0.000000 0.000000
1.007602 0.000000 0.000004
1.007651 0.000000 0.000000
1.007506 0.000000 0.000003
1.007603 0.000122 0.000002
1.007604 0.000124 0.000003
1.007638 0.000062 0.000062
1.007699 0.000091 0.000127
1.007703 0.000000 0.000000
1.007577 0.000183 0.000247
1.007829 0.000287 0.000332
1.007879 0.000154 0.000299
1.007609 0.000047 0.000292
1.008094 0.000517 0.000401
1.008148 0.000602 0.000205
1.007300 0.000603 0.000210
1.007020 0.000391 0.000730
1.007537 0.000061 0.000043
1.007539 0.000058 0.000045
1.007534 0.000019 0.000032
1.007535 0.000019 0.000026
1.007673 0.000000 0.000000
1.007632 0.000118 0.000037
1.007667 0.000078 0.000010
1.007636 0.000068 0.000013
1.007828 0.000177 0.000177
1.007650 0.000013 0.000173
1.007736 0.000097 0.000158
1.007698 0.000098 0.000154
1.007583 0.000124 0.000238
1.007721 0.000026 0.000028
1.007725 0.000029 0.000029
1.007586 0.000179 0.000090
1.007586 0.000179 0.000090
1.007649 0.000000 0.000000
1.007608 0.000000 0.000001
1.007644 0.000000 0.000001
1.007513 0.000000 0.000003
1.007598 0.000029 0.000065
1.007597 0.000027 0.000066
1.007593 0.000012 0.000050
1.007592 0.000012 0.000050
1.007624 0.000000 0.000001
1.007707 0.000000 0.000000
1.007616 0.000018 0.000086
1.007659 0.000006 0.000052
1.007675 0.000087 0.000123
1.007728 0.000101 0.000095
1.007736 0.000043 0.000168
1.007493 0.000100 0.000036
1.007728 0.000099 0.000038
1.007637 0.000012 0.000025
1.007513 0.000000 0.000003
1.007644 0.000000 0.000001
1.007601 0.000000 0.000065
1.007602 0.000000 0.000066
1.007503 0.000060 0.000145
1.007503 0.000060 0.000145
1.007641 0.000000 0.000001
1.007695 0.000000 0.000000
1.007606 0.000045 0.000039
1.007648 0.000002 0.000038
1.007631 0.000006 0.000039
1.007647 0.000034 0.000009
1.007659 0.000062 0.000006
1.007558 0.000063 0.000004
1.007646 0.000002 0.000082
1.007653 0.000003 0.000071
1.007627 0.000000 0.000003
1.007626 0.000000 0.000008
1.007644 0.000005 0.000001
1.007643 0.000004 0.000002
1.007643 0.000000 0.000000
1.007615 0.000000 0.000001
1.007626 0.000000 0.000000
1.007580 0.000000 0.000000
1.007503 0.000000 0.000002
1.007358 0.000022 0.000031
1.007364 0.000029 0.000009
1.007280 0.000018 0.000130
1.007280 0.000018 0.000131
1.007589 0.000000 0.000001
1.007650 0.000000 0.000000
1.007513 0.000000 0.000002
1.007622 0.000001 0.000001
1.007363 0.000002 0.000019
1.007237 0.000100 0.000088
1.007244 0.000094 0.000082
1.007186 0.000137 0.000111
1.007610 0.000000 0.000000
1.007617 0.000011 0.000045
1.007125 0.000463 0.000423
1.007498 0.000278 0.000313
1.007560 0.000279 0.000163
1.007751 0.000075 0.000391
1.007573 0.000232 0.000356
1.007607 0.000233 0.000347
1.007836 0.000339 0.000272
1.007621 0.000001 0.000001
1.007564 0.000011 0.000023
1.007565 0.000010 0.000022
1.007473 0.000013 0.000031
1.007475 0.000018 0.000018
1.007594 0.000000 0.000000
1.007392 0.000082 0.000338
1.007478 0.000095 0.000029
1.007501 0.000002 0.000059
1.007461 0.000299 0.000173
1.007600 0.000014 0.000016
1.007525 0.000095 0.000211
1.007669 0.000094 0.000208
1.007566 0.000009 0.000013
1.007473 0.000039 0.000082
1.007472 0.000041 0.000083
1.007349 0.000060 0.000019
1.007349 0.000060 0.000022
1.007577 0.000000 0.000000
1.007551 -0.000000 0.000001
1.007569 0.000000 0.000001
1.007515 0.000000 0.000003
1.007411 0.000019 0.000166
1.007412 0.000018 0.000167
1.007387 0.000002 0.000074
1.007386 0.000003 0.000074
1.007561 0.000000 0.000001
1.007619 0.000000 0.000000
1.007507 0.000131 0.000096
1.007535 0.000115 0.000100
1.007524 0.000078 0.000143
1.007614 0.000131 0.000098
1.007662 0.000111 0.000175
1.007665 0.000057 0.000093
1.007753 0.000176 0.000175
1.007575 0.000003 0.000004
1.007569 0.000000 0.000001
1.007515 0.000000 0.000003
1.007410 0.000005 0.000022
1.007410 0.000006 0.000022
1.007439 0.000065 0.000056
1.007439 0.000065 0.000056
1.007570 0.000000 0.000001
1.007610 0.000000 0.000000
1.007424 0.000051 0.000061
1.007486 0.000095 0.000086
1.007543 0.000042 0.000043
1.007558 0.000046 0.000025
1.007575 0.000006 0.000084
1.007590 0.000052 0.000039
1.007684 0.000051 0.000059
1.007608 0.000053 0.000059
1.007617 0.000126 0.000124
1.007617 0.000126 0.000124
1.007481 0.000013 0.000019
1.007480 0.000013 0.000019
1.007573 0.000000 0.000001
1.007606 0.000000 0.000000
1.007563 0.000021 0.000033
1.007595 0.000010 0.000005
1.007558 0.000025 0.000019
1.007605 0.000055 0.000012
1.007523 0.000032 0.000080
1.007541 0.000034 0.000016
1.007561 0.000034 0.000018
1.007580 0.000036 0.000048
1.007545 0.000007 0.000009
1.007575 0.000003 0.000003
1.007576 0.000004 0.000005
1.007543 0.000001 0.000018
1.007578 0.000000 0.000000
1.007558 0.000017 0.000012
1.007577 0.000011 0.000008
1.007586 0.000003 0.000009
1.007580 0.000017 0.000023
1.007580 0.000006 0.000017
1.007527 0.000018 0.000027
1.007575 0.000018 0.000026
1.007562 0.000015 0.000059
1.007564 0.000008 0.000020
1.007564 0.000008 0.000020
1.007521 0.000012 0.000017
1.007520 0.000012 0.000017
1.007591 0.000000 0.000000
1.007584 0.000000 0.000000
1.007548 0.000004 0.000002
1.007574 0.000000 0.000000
1.007564 0.000000 0.000001
1.007564 0.000018 0.000007
1.007565 0.000018 0.000008
1.007559 0.000018 0.000004
1.007558 0.000019 0.000004
1.007570 -0.000000 0.000001
1.007584 0.000000 0.000000
1.007564 0.000004 0.000002
1.007582 0.000000 0.000000
1.007549 0.000004 0.000002
1.007552 0.000004 0.000001
1.007564 0.000014 0.000018
1.007577 0.000002 0.000008
1.007579 0.000010 0.000002
1.007573 0.000008 0.000011
1.007546 0.000005 0.000007
1.007547 0.000002 0.000005
1.007572 0.000002 0.000000
1.007572 0.000001 0.000000
1.007574 0.000000 0.000000
1.007571 0.000000 0.000001
1.007574 0.000000 0.000002
1.007573 0.000003 0.000001
1.007549 0.000005 0.000001
1.007552 0.000005 0.000001
1.007578 0.000004 0.000005
1.007572 0.000001 0.000003
1.007570 0.000005 0.000004
1.007572 0.000001 0.000003
1.007574 0.000001 0.000002
1.007550 0.000003 0.000003
1.007550 0.000003 0.000004
1.007579 0.000000 0.000001
1.007573 0.000000 0.000001
1.007572 0.000002 0.000002
1.007573 0.000001 0.000002
1.007573 0.000001 0.000002
1.007573 0.000000 0.000001
1.007575 0.000001 0.000001
1.007553 0.000000 0.000001
1.007549 0.000000 0.000003
1.007575 0.000001 0.000002
1.007574 0.000000 0.000002
1.007574 0.000000 0.000002
1.007576 0.000001 0.000000
1.007573 0.000000 0.000000
1.007577 0.000001 0.000001
1.007573 0.000001 0.000000
1.007573 0.000001 0.000002
1.007569 0.000003 0.000004
1.007569 0.000003 0.000004
1.007549 0.000003 0.000001
1.007549 0.000002 0.000001
1.007590 0.000000 0.000002
1.007570 0.000000 0.000000
1.007561 0.000000 0.000003
1.007563 0.000005 0.000002
1.007565 0.000003 0.000003
1.007548 0.000000 0.000000
1.007538 0.000000 0.000003
1.007542 0.000003 0.000001
1.007541 0.000003 0.000000
1.007541 0.000003 0.000000
1.007542 0.000003 0.000001
1.007555 0.000004 0.000001
1.007545 0.000001 0.000001
1.007544 0.000001 0.000002
1.007539 0.000004 0.000002
1.007549 0.000002 0.000000
1.007540 0.000007 0.000000
1.007547 0.000000 0.000009
1.007550 0.000007 0.000002
1.007552 0.000007 0.000004
1.007556 0.000006 0.000009
1.007542 0.000001 0.000002
1.007542 0.000001 0.000002
1.007544 0.000003 0.000001
1.007544 0.000004 0.000001
1.007556 0.000001 0.000002
1.007546 0.000000 0.000001
1.007539 0.000001 0.000004
1.007547 0.000001 0.000001
1.007540 0.000004 0.000004
1.007535 0.000004 0.000004
1.007535 0.000004 0.000004
1.007550 0.000001 0.000002
1.007548 0.000000 0.000000
1.007550 0.000000 0.000002
1.007540 0.000003 0.000004
1.007546 0.000007 0.000000
1.007554 0.000005 0.000001
1.007557 0.000003 0.000002
1.007544 0.000000 0.000007
1.007547 0.000000 0.000004
1.007543 0.000002 0.000004
1.007539 0.000003 0.000001
1.007539 0.000004 0.000001
1.007538 0.000001 0.000003
1.007538 0.000000 0.000003
1.007554 0.000001 0.000000
1.007547 0.000001 0.000000
1.007544 0.000001 0.000001
1.007543 0.000001 0.000003
1.007545 0.000000 0.000000
1.007544 0.000000 0.000004
1.007542 0.000000 0.000000
1.007539 0.000001 0.000004
1.007534 0.000000 0.000003
1.007539 0.000000 0.000001
1.007524 0.000000 0.000008
1.007511 0.000008 0.000002
1.007511 0.000009 0.000002
1.007511 0.000008 0.000002
1.007511 0.000008 0.000003
1.007543 0.000000 0.000002
1.007545 0.000000 0.000000
1.007538 0.000004 0.000016
1.007573 0.000019 0.000002
1.007585 0.000005 0.000006
1.007529 0.000009 0.000013
1.007537 0.000003 0.000021
1.007500 0.000001 0.000024
1.007587 0.000001 0.000022
1.007502 0.000000 0.000013
1.007536 0.000000 0.000007
1.007536 0.000000 0.000007
1.007538 0.000000 0.000007
1.007539 0.000000 0.000007
1.007552 0.000000 0.000001
1.007542 0.000000 0.000000
1.007526 0.000003 0.000001
1.007531 0.000000 0.000004
1.007538 0.000002 0.000004
1.007537 0.000007 -0.000000
1.007560 0.000002 0.000001
1.007521 0.000003 0.000001
1.007544 0.000002 0.000008
1.007550 0.000007 0.000002
1.007534 0.000000 0.000003
1.007525 0.000001 0.000001
1.007546 0.000002 0.000001
1.007541 0.000000 0.000000
1.007538 0.000001 0.000001
1.007539 0.000000 0.000000
1.007535 0.000001 0.000000
1.007539 0.000000 0.000001
1.007543 0.000000 0.000000
1.007524 0.000002 0.000001
1.007532 0.000001 0.000001
1.007535 -0.000000 0.000001
1.007528 0.000001 0.000000
1.007499 0.000001 0.000001
1.007504 0.000005 0.000004
1.007506 0.000005 0.000004
1.007539 0.000000 0.000000
1.007540 0.000003 0.000004
1.007511 0.000011 0.000005
1.007550 0.000006 0.000007
1.007508 0.000007 0.000007
1.007570 0.000009 0.000014
1.007519 0.000005 0.000020
1.007538 0.000009 0.000007
1.007575 0.000016 0.000000
1.007496 0.000005 0.000007
1.007496 0.000005 0.000007
1.007503 0.000003 0.000005
1.007502 0.000004 0.000006
1.007538 0.000000 0.000000
1.007535 0.000001 0.000000
1.007536 0.000000 0.000000
1.007528 0.000000 0.000001
1.007477 0.000018 0.000016
1.007477 0.000018 0.000016
1.007568 0.000000 0.000003
1.007535 0.000001 0.000000
1.007540 0.000000 0.000000
1.007511 0.000002 0.000005
1.007515 0.000002 0.000014
1.007515 0.000013 0.000008
1.007519 0.000004 0.000022
1.007546 0.000001 0.000005
1.007562 0.000012 0.000012
1.007529 0.000030 0.000001
1.007556 0.000017 0.000004
1.007508 0.000012 0.000004
1.007509 0.000012 0.000004
1.007505 0.000002 0.000005
1.007535 0.000001 0.000000
1.007540 0.000000 0.000000
1.007507 0.000003 0.000004
1.007525 0.000009 0.000014
1.007533 0.000003 0.000005
1.007535 0.000002 0.000000
1.007552 0.000004 0.000005
1.007554 0.000000 -0.000000
1.007534 0.000011 0.000002
1.007539 0.000003 0.000005
1.007516 0.000002 0.000002
1.007523 0.000005 0.000006
1.007523 0.000004 0.000006
1.007523 0.000001 0.000002
1.007537 0.000000 0.000000
1.007533 0.000002 0.000001
1.007538 0.000006 0.000001
1.007526 0.000006 0.000004
1.007529 0.000002 0.000002
1.007534 0.000001 0.000004
1.007539 0.000005 0.000005
1.007517 0.000006 0.000005
1.007536 0.000000 0.000000
1.007529 0.000002 0.000001
1.007529 0.000002 0.000001
1.007528 0.000001 0.000001
1.007536 0.000000 0.000000
1.007530 0.000000 0.000001
1.007534 0.000002 0.000000
1.007536 0.000000 0.000002
1.007536 0.000002 0.000001
1.007537 0.000003 0.000002
1.007539 0.000000 0.000000
1.007527 0.000001 0.000001
1.007535 0.000001 0.000001
1.007525 0.000001 0.000001
1.007527 0.000000 0.000002
1.007533 0.000001 0.000001
1.007534 0.000001 0.000001
1.007534 0.000000 0.000000
1.007531 0.000000 0.000000
1.007524 0.000000 0.000001
1.007503 0.000001 0.000002
1.007524 0.000002 0.000001
1.007522 0.000002 0.000001
1.007523 0.000003 0.000001
1.007532 0.000000 0.000000
1.007523 0.000000 0.000000
1.007503 0.000001 0.000002
1.007519 0.000002 0.000004
1.007537 0.000001 0.000000
1.007494 0.000005 0.000000
1.007526 0.000000 0.000001
1.007533 0.000000 0.000000
1.007512 0.000010 0.000010
1.007517 0.000005 0.000005
1.007522 0.000002 0.000000
1.007513 0.000008 0.000011
1.007521 0.000004 0.000004
1.007527 0.000004 0.000006
1.007544 0.000014 0.000008
1.007517 0.000017 0.000012
1.007519 0.000002 0.000004
1.007528 0.000012 0.000002
1.007527 0.000011 0.000002
1.007515 0.000001 0.000001
1.007515 0.000001 0.000001
1.007526 0.000000 0.000000
1.007531 0.000000 0.000001
1.007522 0.000001 0.000004
1.007518 0.000001 0.000003
1.007525 0.000004 0.000002
1.007526 0.000002 0.000004
1.007523 0.000008 0.000001
1.007531 0.000001 0.000004
1.007516 0.000002 0.000002
1.007523 0.000002 0.000004
1.007523 0.000001 0.000004
1.007519 0.000005 0.000003
1.007519 0.000004 0.000002
1.007524 0.000000 0.000000
1.007525 0.000000 0.000001
1.007527 0.000000 0.000000
1.007520 0.000003 0.000003
1.007522 0.000002 0.000001
1.007523 0.000000 0.000002
1.007523 0.000002 0.000001
1.007525 0.000002 0.000003
1.007523 0.000001 0.000000
1.007522 0.000001 0.000000
1.007522 0.000002 0.000001
1.007524 0.000001 0.000001
1.007524 0.000002 0.000001
1.007523 0.000000 0.000001
1.007523 0.000000 0.000001
1.007520 0.000000 0.000001
1.007529 0.000000 0.000000
1.007513 -0.000000 0.000001
1.007492 0.000001 0.000003
1.007482 0.000002 0.000011
1.007483 0.000002 0.000010
1.007533 0.000003 0.000000
1.007520 0.000001 0.000001
1.007529 0.000000 0.000000
1.007517 0.000004 0.000004
1.007538 0.000005 0.000009
1.007512 0.000007 0.000008
1.007517 0.000002 0.000007
1.007498 0.000014 0.000006
1.007521 0.000030 0.000001
1.007528 0.000014 0.000009
1.007525 0.000008 0.000007
1.007492 0.000001 0.000003
1.007495 0.000011 0.000001
1.007496 0.000012 0.000000
1.007512 0.000004 0.000005
1.007514 0.000003 0.000004
1.007523 0.000000 0.000001
1.007527 0.000000 0.000000
1.007521 0.000001 0.000006
1.007528 0.000001 0.000001
1.007529 0.000001 0.000000
1.007514 0.000003 0.000005
1.007507 0.000008 0.000004
1.007519 0.000008 0.000002
1.007523 0.000013 0.000000
1.007531 0.000000 0.000006
1.007515 0.000003 0.000000
1.007515 0.000003 0.000000
1.007521 0.000000 0.000001
1.007527 0.000000 0.000000
1.007523 0.000006 0.000001
1.007524 0.000000 0.000001
1.007525 0.000001 0.000002
1.007526 0.000001 0.000002
1.007509 0.000001 0.000001
1.007522 0.000004 0.000003
1.007517 0.000001 0.000003
1.007522 0.000000 0.000000
1.007521 0.000000 0.000002
1.007524 0.000005 0.000004
1.007524 0.000005 0.000004
1.007495 0.000008 0.000000
1.007495 0.000008 0.000001
1.007522 0.000000 0.000000
1.007508 0.000006 0.000002
1.007525 0.000002 0.000002
1.007520 0.000001 0.000002
1.007517 0.000003 0.000003
1.007522 0.000003 0.000004
1.007521 0.000006 0.000002
1.007518 0.000006 0.000005
1.007529 0.000004 0.000000
1.007510 0.000001 0.000001
1.007517 0.000000 -0.000000
1.007503 0.000001 0.000001
1.007510 0.000002 0.000001
1.007510 0.000002 0.000001
1.007507 0.000003 0.000003
1.007507 0.000003 0.000003
1.007517 0.000000 0.000000
1.007516 0.000000 0.000000
1.007512 0.000000 0.000000
1.007514 0.000000 0.000000
1.007512 0.000000 0.000001
1.007519 0.000000 0.000000
1.007510 0.000000 0.000000
1.007503 0.000000 0.000000
1.007507 0.000000 0.000000
1.007504 0.000000 0.000000
1.007499 0.000000 0.000000
1.007489 0.000000 0.000000
1.007493 0.000000 0.000000
1.007487 0.000000 0.000000
1.007474 0.000000 0.000000
1.007479 0.000000 0.000000
1.007472 0.000000 0.000000
1.007457 0.000000 0.000001
1.007460 0.000000 0.000000
1.007440 0.000000 0.000001
1.007458 0.000000 0.000000
1.007441 0.000000 0.000000
1.007442 0.000001 0.000000
1.007477 0.000000 0.000000
1.007451 0.000000 0.000000
1.007443 0.000000 0.000000
1.007433 0.000000 0.000000
1.007414 0.000000 0.000001
1.007421 0.000001 0.000001
1.007459 0.000000 0.000000
1.007431 0.000000 0.000000
1.007417 0.000001 0.000000
1.007422 0.000001 0.000001
1.007449 0.000000 0.000000
1.007425 0.000001 0.000001
1.007361 0.000000 0.000001
1.007249 0.000001 0.000004
1.007425 0.000001 0.000001
1.007434 0.000087 0.000021
1.007434 0.000087 0.000021
1.007415 0.000002 0.000001
1.007412 0.000024 0.000002
1.007428 0.000000 0.000000
1.007417 0.000001 0.000000
1.007420 0.000001 0.000000
1.007360 0.000042 0.000003
1.007363 0.000040 0.000000
1.007456 0.000033 0.000025
1.007456 0.000033 0.000025
1.007422 0.000001 0.000000
1.007442 0.000000 0.000000
1.007428 0.000028 0.000007
1.007433 0.000018 0.000004
1.007349 0.000015 0.000046
1.007403 0.000024 0.000046
1.007447 0.000002 0.000021
1.007416 0.000009 0.000018
1.007374 0.000015 0.000043
1.007443 0.000019 0.000035
1.007249 0.000001 0.000004
1.007322 0.000022 0.000012
1.007323 0.000022 0.000013
1.007419 0.000005 0.000010
1.007420 0.000005 0.000010
1.007428 0.000000 0.000001
1.007439 0.000000 0.000000
1.007419 0.000008 0.000007
1.007423 0.000007 0.000008
1.007437 0.000002 0.000006
1.007428 0.000015 0.000001
1.007429 0.000002 0.000020
1.007363 0.000004 0.000017
1.007360 0.000004 0.000014
1.007429 0.000002 0.000000
1.007429 0.000004 0.000007
1.007429 0.000004 0.000006
1.007427 0.000000 0.000000
1.007420 0.000001 0.000000
1.007424 0.000000 0.000001
1.007407 0.000001 0.000010
1.007407 0.000001 0.000010
1.007380 0.000007 0.000003
1.007380 0.000007 0.000003
1.007422 0.000000 0.000000
1.007413 0.000000 0.000000
1.007387 0.000000 0.000001
1.007355 0.000031 0.000013
1.007355 0.000031 0.000013
1.007345 0.000004 0.000016
1.007346 0.000005 0.000017
1.007416 0.000001 0.000000
1.007429 0.000000 0.000000
1.007409 0.000001 0.000009
1.007355 0.000006 0.000020
1.007367 0.000006 0.000017
1.007401 0.000023 0.000001
1.007410 0.000002 0.000028
1.007389 0.000032 0.000029
1.007398 0.000037 0.000002
1.007444 0.000031 0.000038
1.007387 0.000000 0.000001
1.007402 0.000006 0.000000
1.007353 0.000008 0.000004
1.007353 0.000008 0.000005
1.007404 0.000040 0.000036
1.007417 0.000000 0.000000
1.007409 0.000001 0.000004
1.007374 0.000003 0.000011
1.007404 0.000010 0.000008
1.007417 0.000009 0.000004
1.007409 0.000006 0.000009
1.007415 0.000012 0.000008
1.007349 0.000003 0.000014
1.007419 0.000007 0.000026
1.007424 0.000000 0.000006
1.007423 0.000000 0.000006
1.007414 0.000000 0.000000
1.007411 0.000001 0.000002
1.007417 0.000004 0.000005
1.007411 0.000003 0.000003
1.007412 0.000005 0.000003
1.007415 0.000007 0.000001
1.007358 0.000002 0.000006
1.007365 0.000003 0.000003
1.007413 0.000001 0.000000
1.007408 0.000006 0.000005
1.007408 0.000006 0.000005
1.007409 0.000000 0.000000
1.007400 0.000000 0.000000
1.007374 0.000000 0.000001
1.007362 0.000001 0.000001
1.007393 0.000001 0.000011
1.007395 0.000014 0.000025
1.007399 0.000000 0.000000
1.007389 0.000000 0.000000
1.007358 0.000000 0.000001
1.007284 0.000001 0.000001
1.007358 0.000000 0.000001
1.007360 0.000007 0.000002
1.007359 0.000007 0.000004
1.007337 0.000047 0.000024
1.007337 0.000047 0.000025
1.007390 0.000000 0.000000
1.007346 0.000013 0.000015
1.007361 0.000013 0.000038
1.007388 0.000002 0.000014
1.007375 0.000004 0.000008
1.007370 0.000014 0.000017
1.007386 0.000034 0.000004
1.007403 0.000024 0.000004
1.007393 0.000030 0.000009
1.007284 0.000001 0.000001
1.007353 0.000004 0.000003
1.007371 0.000001 0.000003
1.007371 0.000001 0.000003
1.007354 0.000004 0.000005
1.007382 0.000000 0.000000
1.007368 0.000000 0.000000
1.007328 0.000001 0.000000
1.007243 0.000002 -0.000000
1.007310 0.000002 0.000013
1.007310 0.000003 0.000014
1.007294 0.000003 0.000011
1.007293 0.000002 0.000013
1.007371 0.000000 0.000000
1.007343 0.000003 0.000017
1.007365 0.000008 0.000037
1.007366 0.000013 0.000004
1.007315 0.000008 0.000054
1.007367 0.000061 0.000006
1.007411 0.000049 0.000044
1.007348 0.000009 0.000055
1.007339 0.000036 0.000044
1.007339 0.000016 0.000002
1.007338 0.000020 0.000006
1.007307 0.000016 0.000044
1.007307 0.000016 0.000044
1.007361 0.000000 0.000000
1.007344 0.000001 0.000000
1.007343 0.000001 0.000001
1.007317 0.000004 0.000004
1.007321 0.000003 0.000002
1.007372 0.000002 0.000007
1.007359 0.000000 0.000000
1.007345 0.000000 0.000000
1.007307 0.000000 0.000000
1.007243 0.000002 0.000000
1.007239 0.000000 0.000001
1.007239 0.000000 0.000001
1.007466 0.000001 0.000008
1.007037 0.000164 0.000201
1.007038 0.000163 0.000199
1.006925 0.000271 0.000360
1.006925 0.000271 0.000365
1.007320 0.000001 0.000000
1.007367 0.000000 0.000000
1.007675 0.000048 0.000065
1.006887 0.000339 0.000780
1.007023 0.000377 0.000014
1.006824 0.000157 0.000553
1.006920 0.000745 0.000267
1.007288 0.000465 0.000166
1.007661 0.000158 0.000550
1.007330 0.000033 0.000018
1.007466 0.000001 0.000008
1.006895 0.000009 0.000327
1.006894 0.000010 0.000327
1.006822 0.000304 0.000212
1.006822 0.000305 0.000212
1.007277 0.000001 0.000000
1.007392 0.000000 0.000000
1.007244 0.000063 0.000080
1.007128 0.000198 0.000183
1.007034 0.000219 0.000339
1.007285 0.000319 0.000077
1.007306 0.000049 0.000165
1.007388 0.000162 0.000052
1.007451 0.000220 0.000337
1.007382 0.000322 0.000000
1.007234 0.000000 0.000001
1.007400 0.000001 0.000008
1.006969 0.000249 0.000078
1.006970 0.000247 0.000077
1.007032 0.000155 0.000326
1.007033 0.000154 0.000326
1.007310 0.000001 0.000000
1.007368 0.000000 0.000000
1.007097 0.000301 0.000186
1.007339 0.000326 0.000084
1.007359 0.000110 0.000032
1.007180 0.000109 0.000097
1.007266 0.000101 0.000213
1.007198 0.000366 0.000056
1.007271 0.000366 0.000058
1.007309 0.000342 0.000067
1.007388 0.000001 0.000008
1.007108 0.000097 0.000032
1.007109 0.000094 0.000030
1.007016 0.000164 0.000095
1.007016 0.000164 0.000095
1.007327 0.000000 0.000000
1.007258 0.000065 0.000025
1.007307 0.000053 0.000035
1.007206 0.000091 0.000114
1.007301 0.000010 0.000077
1.007308 0.000124 0.000006
1.007210 0.000064 0.000024
1.007336 0.000014 0.000047
1.007412 0.000096 0.000054
1.007177 0.000052 0.000013
1.007178 0.000017 0.000015
1.007205 0.000016 0.000038
1.007301 0.000006 0.000006
1.007315 0.000000 0.000000
1.007219 0.000018 0.000033
1.007306 0.000006 0.000003
1.007303 0.000058 0.000002
1.007351 0.000054 0.000037
1.007328 0.000005 0.000029
1.007250 0.000019 0.000032
1.007301 0.000010 0.000040
1.007308 0.000004 0.000025
1.007217 0.000000 0.000001
1.007203 0.000000 0.000001
1.007501 0.000000 0.000001
1.007144 0.000038 0.000053
1.007143 0.000066 0.000054
1.007106 0.000249 0.000167
1.007244 0.000025 0.000066
1.007302 0.000000 0.000000
1.007279 -0.000000 0.000000
1.007230 0.000000 0.000001
1.007504 0.000000 0.000001
1.007188 0.000161 0.000056
1.007178 0.000161 0.000056
1.007206 0.000039 0.000006
1.007208 0.000029 0.000005
1.007272 0.000000 0.000000
1.007246 0.000000 0.000000
1.007218 0.000000 0.000002
1.007176 0.000202 0.000085
1.007160 0.000222 0.000050
1.007024 0.000190 0.000078
1.007029 0.000190 0.000078
1.007254 0.000000 0.000000
1.007140 0.000036 0.000061
1.006803 0.000447 0.000451
1.007490 0.000007 0.000015
1.007230 0.000092 0.000083
1.007255 0.000313 0.000027
1.007280 0.000491 0.000381
1.007926 0.000492 0.000380
1.007301 0.000015 0.000029
1.007104 0.000008 0.000033
1.007104 0.000010 0.000033
1.007088 0.000099 0.000236
1.007089 0.000099 0.000236
1.007243 0.000000 0.000001
1.007286 0.000000 0.000000
1.007066 0.000231 0.000182
1.007208 0.000048 0.000052
1.007196 0.000061 0.000052
1.007451 0.000036 0.000023
1.007135 0.000162 0.000155
1.007014 0.000303 0.000226
1.007395 0.000303 0.000224
1.007266 0.000038 0.000038
1.007152 0.000086 0.000018
1.007152 0.000085 0.000019
1.007018 0.000072 0.000247
1.007022 0.000072 0.000243
1.007238 0.000000 0.000001
1.007283 0.000000 0.000000
1.007230 0.000016 0.000018
1.007153 0.000080 0.000092
1.007217 0.000057 0.000002
1.007246 0.000036 0.000003
1.007263 0.000003 0.000012
1.007193 0.000002 0.000013
1.007290 0.000078 0.000021
1.007253 0.000026 0.000005
1.007199 0.000019 0.000002
1.007199 0.000019 0.000002
1.007232 0.000016 0.000008
1.007232 0.000013 0.000008
1.007251 0.000000 0.000000
1.007190 0.000032 0.000051
1.007215 0.000018 0.000014
1.007214 0.000056 0.000046
1.007238 0.000037 0.000007
1.007220 0.000052 0.000011
1.007187 0.000051 0.000012
1.007273 0.000028 0.000041
1.007366 0.000098 0.000072
1.007237 0.000008 0.000007
1.007238 0.000007 0.000006
1.007185 0.000047 0.000012
1.007184 0.000048 0.000013
1.007250 0.000002 0.000001
1.007245 0.000001 0.000000
1.007246 0.000007 0.000005
1.007249 0.000004 0.000008
1.007199 0.000019 0.000007
1.007237 0.000007 0.000008
1.007245 0.000012 0.000001
1.007209 0.000020 0.000006
1.007227 0.000018 0.000017
1.007279 0.000018 0.000019
1.007245 0.000004 0.000002
1.007246 0.000002 0.000001
1.007252 0.000002 0.000001
1.007245 0.000001 0.000000
1.007243 0.000001 0.000000
1.007243 0.000009 0.000004
1.007246 0.000000 0.000002
1.007247 0.000008 0.000001
1.007199 0.000003 0.000005
1.007255 0.000007 0.000009
1.007208 0.000004 0.000003
1.007238 0.000014 0.000009
1.007245 0.000005 0.000000
1.007246 0.000006 0.000001
1.007249 0.000002 0.000001
1.007245 0.000001 0.000000
1.007204 0.000005 0.000001
1.007245 0.000002 0.000000
1.007242 0.000004 0.000005
1.007244 0.000001 0.000001
1.007246 0.000003 0.000001
1.007246 0.000001 0.000001
1.007202 0.000004 0.000002
1.007246 0.000003 0.000001
1.007245 0.000002 0.000000
1.007245 0.000002 0.000001
1.007245 0.000000 0.000001
1.007246 0.000000 0.000000
1.007248 0.000001 0.000000
1.007245 0.000001 0.000001
1.007247 0.000000 0.000000
1.007247 0.000000 0.000001
1.007247 0.000002 0.000000
1.007248 0.000000 0.000000
1.007248 0.000002 0.000001
1.007203 0.000001 0.000001
1.007203 0.000000 0.000001
1.007243 0.000003 0.000003
1.007245 0.000000 0.000001
1.007245 0.000000 0.000001
1.007248 0.000001 0.000001
1.007246 0.000000 0.000000
1.007248 0.000000 0.000001
1.007246 0.000000 0.000000
1.007244 0.000000 0.000001
1.007247 0.000000 0.000000
1.007245 0.000000 0.000000
1.007244 0.000000 0.000001
1.007245 0.000000 0.000000
1.007245 0.000000 0.000001
1.007246 0.000000 -0.000000
1.007242 0.000000 0.000000
1.007232 0.000000 0.000000
1.007210 0.000002 0.000000
1.007203 0.000002 0.000000
1.007214 0.000026 0.000015
1.007213 0.000026 0.000015
1.007238 0.000000 0.000001
1.007244 0.000000 0.000000
1.007233 0.000008 0.000001
1.007227 0.000006 0.000002
1.007231 0.000001 0.000003
1.007232 0.000001 0.000002
1.007196 0.000004 0.000006
1.007241 0.000008 0.000008
1.007210 0.000005 0.000005
1.007226 0.000005 0.000007
1.007203 0.000000 0.000001
1.007226 0.000004 0.000006
1.007227 0.000003 0.000005
1.007237 0.000000 0.000000
1.007232 0.000003 0.000000
1.007228 0.000005 0.000005
1.007232 0.000002 0.000001
1.007234 0.000002 0.000001
1.007232 0.000001 0.000001
1.007201 0.000001 0.000003
1.007206 0.000000 0.000002
1.007232 0.000000 0.000001
1.007203 0.000000 0.000001
1.007231 0.000002 0.000001
1.007231 0.000001 0.000001
1.007231 0.000001 0.000002
1.007231 0.000001 0.000001
1.007233 0.000000 0.000000
1.007231 0.000001 0.000001
1.007231 0.000001 0.000000
1.007230 0.000001 0.000000
1.007232 0.000001 0.000000
1.007232 0.000001 0.000000
1.007232 0.000001 0.000002
1.007231 0.000001 0.000001
1.007233 0.000000 0.000000
1.007230 0.000002 0.000002
1.007232 0.000002 0.000000
1.007232 0.000000 0.000000
1.007233 0.000000 0.000000
1.007203 0.000001 0.000001
1.007204 0.000002 0.000000
1.007233 0.000003 0.000001
1.007204 0.000001 0.000000
1.007232 0.000000 0.000000
1.007232 0.000000 0.000001
1.007232 0.000000 0.000000
1.007231 0.000000 0.000000
1.007231 0.000000 0.000001
1.007231 0.000000 0.000000
1.007232 0.000000 0.000000
1.007232 0.000000 -0.000000
1.007230 0.000002 0.000001
1.007204 0.000001 0.000000
1.007233 0.000003 0.000000
1.007233 0.000003 0.000000
1.007232 0.000000 0.000000
1.007232 0.000000 -0.000000
1.007203 0.000000 0.000001
1.007231 0.000000 0.000001
1.007232 0.000001 0.000000
1.007231 0.000000 0.000001
1.007231 0.000001 0.000000
1.007232 0.000000 0.000001
1.007203 0.000001 0.000001
1.007230 0.000000 0.000001
1.007204 0.000001 0.000000
1.007232 0.000001 0.000000
1.007231 0.000001 0.000000
1.007232 0.000000 0.000000
1.007231 0.000000 0.000000
1.007232 0.000001 0.000000
1.007231 0.000000 0.000001
1.007231 0.000001 0.000000
1.007232 0.000000 0.000000
1.007203 0.000000 0.000001
1.007203 0.000001 0.000000
1.007231 0.000000 0.000000
1.007203 0.000000 0.000001
1.007231 0.000001 0.000002
1.007231 0.000001 0.000002
1.007231 0.000000 0.000001
1.007232 0.000000 0.000000
1.007231 0.000000 0.000000
1.007232 0.000000 0.000000
1.007232 0.000001 0.000000
1.007231 0.000000 0.000000
1.007231 0.000000 0.000000
1.007203 0.000001 0.000001
1.007203 0.000000 0.000001
1.007231 0.000000 0.000000
1.007232 0.000000 0.000000
1.007231 0.000000 0.000000
1.007231 0.000001 0.000000
1.007231 0.000000 0.000000
1.007231 0.000000 0.000000
1.007231 0.000000 0.000000
1.007231 0.000000 0.000000
1.007231 0.000000 0.000000
1.007231 0.000000 0.000000
1.007203 0.000000 0.000001
1.007203 0.000001 0.000001
1.007232 0.000001 0.000000
1.007231 0.000000 0.000000
1.007231 0.000000 0.000000
1.007231 0.000000 0.000000
1.007231 0.000000 0.000000
1.007231 0.000000 0.000000
1.007231 0.000000 0.000000
1.007231 0.000000 0.000000
1.007203 0.000001 0.000001
1.007203 0.000000 0.000001
1.007231 0.000000 0.000000
1.007231 0.000000 0.000000
1.007231 0.000000 0.000000
1.007231 0.000000 0.000000
1.007231 0.000000 0.000000
1.007231 0.000000 0.000000
1.007231 0.000000 0.000000
1.007231 0.000000 0.000000
1.007203 0.000000 0.000001
1.007203 0.000000 0.000001
1.007231 0.000000 0.000000
1.007231 0.000000 0.000000
1.007231 0.000000 0.000000
1.007231 0.000000 0.000000
1.007231 0.000000 0.000000
1.007231 0.000000 0.000000
1.007231 0.000000 0.000000
1.007231 0.000000 0.000000
1.007203 0.000000 0.000001
1.007203 0.000000 0.000001
1.007231 0.000000 0.000000
1.007231 0.000000 0.000000
1.007231 0.000000 0.000000
1.007231 0.000000 0.000000
1.007231 0.000000 0.000000
1.007231 0.000000 0.000000
1.007231 0.000000 0.000000
1.007231 0.000000 0.000000
1.007203 0.000000 0.000001
1.007203 0.000000 0.000001
1.007231 0.000000 0.000000
1.007231 0.000000 0.000000
1.007231 0.000000 0.000000
1.007231 0.000000 0.000000
1.007231 0.000000 0.000000
1.007231 0.000000 0.000000
1.007231 0.000000 0.000000
1.007231 0.000000 0.000000
1.007203 0.000000 0.000001
1.007203 0.000000 0.000001
1.007231 0.000000 0.000000
1.007231 0.000000 0.000000
1.007231 0.000000 0.000000
1.007231 0.000000 0.000000
1.007231 0.000000 0.000000
1.007231 0.000000 0.000000
1.007231 0.000000 0.000000
1.007231 0.000000 0.000000
1.007203 0.000000 0.000001
1.007203 0.000000 0.000001
1.007231 0.000000 0.000000
1.007231 0.000000 0.000000
1.007231 0.000000 0.000000
1.007231 0.000000 0.000000
1.007231 0.000000 0.000000
1.007231 0.000000 0.000000
1.007231 0.000000 0.000000
1.007231 0.000000 0.000000
1.007203 0.000000 0.000001
1.007203 0.000000 0.000001
1.007231 0.000000 0.000000
1.007231 0.000000 0.000000
1.007231 0.000000 0.000000
1.007231 0.000000 0.000000
1.007231 0.000000 0.000000
1.007231 0.000000 0.000000
1.007231 0.000000 0.000000
1.007231 0.000000 0.000000
1.007203 0.000000 0.000001
1.007203 0.000000 0.000001
1.007231 0.000000 0.000000
1.007231 0.000000 0.000000
1.007231 0.000000 0.000000
1.007231 0.000000 0.000000
1.007231 0.000000 0.000000
1.007231 0.000000 0.000000
1.007231 0.000000 0.000000
1.007231 0.000000 0.000000
1.007203 0.000000 0.000001
1.007203 0.000000 0.000001
1.007231 0.000000 0.000000
1.007231 0.000000 0.000000
1.007231 0.000000 0.000000
1.007231 0.000000 0.000000
1.007231 0.000000 0.000000
1.007231 0.000000 0.000000
1.007231 0.000000 0.000000
1.007231 0.000000 0.000000
1.007203 0.000000 0.000001
1.007203 0.000000 0.000001
1.007231 0.000000 0.000000
1.007231 0.000000 0.000000
1.007231 0.000000 0.000000
1.007231 0.000000 0.000000
1.007231 0.000000 0.000000
1.007231 0.000000 0.000000
1.007231 0.000000 0.000000
1.007231 0.000000 0.000000
1.007203 0.000000 0.000001
1.007203 0.000000 0.000001
1.007231 0.000000 0.000000
1.007231 0.000000 0.000000
1.007231 0.000000 0.000000
1.007231 0.000000 0.000000
1.007231 0.000000 0.000000
1.007231 0.000000 0.000000
1.007231 0.000000 0.000000
1.007231 0.000000 0.000000
1.007203 0.000000 0.000001
1.007203 0.000000 0.000001
1.007231 0.000000 0.000000
1.007231 0.000000 0.000000
1.007231 0.000000 0.000000
1.007231 0.000000 0.000000
1.007231 0.000000 0.000000
1.007231 0.000000 0.000000
1.007231 0.000000 0.000000
1.007231 0.000000 0.000000
1.007203 0.000000 0.000001
1.007203 0.000000 0.000001
1.007231 0.000000 0.000000
1.007231 0.000000 0.000000
1.007231 0.000000 0.000000
1.007231 0.000000 0.000000
1.007231 0.000000 0.000000
1.007231 0.000000 0.000000
1.007231 0.000000 0.000000
1.007231 0.000000 0.000000
1.007203 0.000000 0.000001
1.007203 0.000000 0.000001
1.007231 0.000000 0.000000
1.007231 0.000000 0.000000
1.007231 0.000000 0.000000
1.007231 0.000000 0.000000
1.007231 0.000000 0.000000
1.007231 0.000000 0.000000
1.007231 0.000000 0.000000
1.007231 0.000000 0.000000
1.007203 0.000000 0.000001
1.007203 0.000000 0.000001
1.007231 0.000000 0.000000
1.007231 0.000000 0.000000
1.007231 0.000000 0.000000
1.007231 0.000000 0.000000
1.007231 0.000000 0.000000
1.007231 0.000000 0.000000
1.007231 0.000000 0.000000
1.007231 0.000000 0.000000
1.007203 0.000000 0.000001
1.007203 0.000000 0.000001
1.007231 0.000000 0.000000
1.007231 0.000000 0.000000
1.007231 0.000000 0.000000
1.007231 0.000000 0.000000
1.007231 0.000000 0.000000
1.007231 0.000000 0.000000
1.007231 0.000000 0.000000
1.007203 0.000000 0.000001
1.007203 0.000000 0.000001
1.007231 0.000000 0.000000
1.007231 0.000000 0.000000
1.007231 0.000000 0.000000
1.007231 0.000000 0.000000
1.007231 0.000000 0.000000
1.007231 0.000000 0.000000
1.007203 0.000000 0.000001
1.007203 0.000000 0.000001
1.007231 0.000000 0.000000
1.007231 0.000000 0.000000
1.007231 0.000000 0.000000
1.007203 0.000000 0.000001
1.007203 0.000000 0.000001
1.007231 0.000000 0.000000
1.007231 0.000000 0.000000
1.007231 0.000000 0.000000
1.007203 0.000000 0.000001
1.007203 0.000000 0.000001
1.007231 0.000000 0.000000
1.007231 0.000000 0.000000
1.007231 0.000000 0.000000
1.007231 0.000000 0.000000
1.007231 0.000000 0.000000
1.007231 0.000000 0.000000
1.007203 0.000000 0.000001
1.007203 0.000000 0.000001
1.007231 0.000000 0.000000
1.007231 0.000000 0.000000
1.007231 0.000000 0.000000
1.007203 0.000000 0.000001
1.007203 0.000000 0.000001
1.007231 0.000000 0.000000
1.007231 0.000000 0.000000
1.007231 0.000000 0.000000
1.007231 0.000000 0.000000
1.007203 0.000000 0.000001
