1	(  -1.1999999999999999556    1                      )	4.840000000000001 -4.3999999999999995
2	(  -2.2000000000000001776    1.1000000000000000888  )	10.240000000000002 -37.400000000000006
3	(  -0.2000000000000000111    0.9000000000000000222  )	1.44 8.6
4	(  -0.2000000000000000111    1.1000000000000000888  )	1.44 10.600000000000001
5	(  -2.2000000000000001776    0.9000000000000000222  )	10.240000000000002 -39.400000000000006
6	(  -0.71999999999999997335   0.9000000000000000222  )	2.9583999999999997 3.8160000000000007
7	(   0.28000000000000002665   0.5999999999999999778  )	0.5184 5.215999999999999
8	(  -0.71999999999999997335   0.80000000000000004441 )	2.9583999999999997 2.8160000000000007
9	(  -0.71999999999999997335   0.5                    )	2.9583999999999997 -0.18399999999999972
10	(  -0.71999999999999997335  -0.4000000000000000222  )	2.9583999999999997 -9.184
11	(   0.28000000000000002665   0.10000000000000000555 )	0.5184 0.21599999999999994
12	(   3.2799999999999998046   -1.1000000000000000888  )	5.1983999999999995 -118.58399999999997
13	(   1.2800000000000000266    1                      )	0.07840000000000001 -6.384
14	(   0.28000000000000002665  -0.9000000000000000222  )	0.5184 -9.784
15	(   0.28000000000000002665   1.1000000000000000888  )	0.5184 10.216000000000001
16	(  -1.7199999999999999734    0.2999999999999999889  )	7.398399999999999 -26.584
17	(   2.2799999999999998046   -0.10000000000000000555 )	1.6383999999999994 -52.983999999999995
18	(  -0.71999999999999997335   0.2999999999999999889  )	2.9583999999999997 -2.1839999999999997
19	(   0.28000000000000002665  -0.4000000000000000222  )	0.5184 -4.784000000000001
20	(   1.2800000000000000266   -0.10000000000000000555 )	0.07840000000000001 -17.384
21	(   0.94999999999999995559   0.9000000000000000222  )	0.0025000000000000044 -0.024999999999999467
22	(   2.9500000000000001776    3.2999999999999998224  )	3.8025000000000007 -54.025000000000006
23	(   0.94999999999999995559   1                      )	0.0025000000000000044 0.9750000000000003
24	(  -0.05000000000000000278   0.4000000000000000222  )	1.1025 3.975
25	(  -0.05000000000000000278   1.3999999999999999112  )	1.1025 13.975
26	(   1.9499999999999999556    1.3999999999999999112  )	0.9025 -24.025
27	(   1.9499999999999999556    0.4000000000000000222  )	0.9025 -34.025
28	(   2.9599999999999999645    3.2999999999999998224  )	3.8415999999999997 -54.616
29	(  -0.30999999999999999778   0.10000000000000000555 )	1.7161000000000002 0.03900000000000001
30	(   0.78000000000000002665   0.69999999999999995559 )	0.04839999999999999 0.915999999999999
31	(   1.1200000000000001066    1.1000000000000000888  )	0.014400000000000026 -1.544000000000001
32	(   0.4500000000000000111    1                      )	0.30250000000000005 7.975
33	(   1.4499999999999999556    0.80000000000000004441 )	0.20249999999999996 -13.025
34	(   0.88000000000000000444   1                      )	0.0144 2.2560000000000002
35	(   1.0200000000000000178    0.80000000000000004441 )	0.0004000000000000007 -2.4039999999999995
36	(   0.75                     0.9000000000000000222  )	0.0625 3.375
37	(   1.1499999999999999112    0.9000000000000000222  )	0.022499999999999975 -4.224999999999998
38	(   1                        0.99899999999999999911 )	0.0 -0.010000000000000009
39	(   1.1499999999999999112    1.2989999999999999325  )	0.022499999999999975 -0.23499999999999854
40	(   0.80000000000000004441   0.89900000000000002132 )	0.03999999999999998 2.589999999999999
41	(   1.1999999999999999556    1.0989999999999999769  )	0.03999999999999998 -3.4099999999999997
42	(   0.86999999999999999556   1.0989999999999999769  )	0.016900000000000002 3.4209999999999994
43	(   1.1299999999999998934    0.89900000000000002132 )	0.01689999999999997 -3.778999999999997
44	(   1.1499999999999999112    1.2960000000000000409  )	0.022499999999999975 -0.26499999999999746
45	(   1                        1                      )	0.0 0.0
46	(   1                        1.0029999999999998916  )	0.0 0.029999999999998916
47	(   0.92000000000000003997   0.94999999999999995559 )	0.006399999999999993 1.0359999999999991
48	(   1.0800000000000000711    1.0500000000000000444  )	0.006400000000000012 -1.1640000000000006
49	(   0.9000000000000000222    1.0380000000000000338  )	0.009999999999999995 2.28
50	(   1.1000000000000000888    0.96199999999999996625 )	0.010000000000000018 -2.480000000000002
51	(   0.95020000000000004459   0.97999999999999998224 )	0.0024800399999999954 0.7711995999999988
52	(   1.0498000000000000664    1.0200000000000000178  )	0.0024800400000000067 -0.8208004000000013
53	(   0.94999999999999995559   1.0200000000000000178  )	0.0025000000000000044 1.1750000000000005
54	(   1.0500000000000000444    0.97999999999999998224 )	0.0025000000000000044 -1.2250000000000005
55	(   0.97999999999999998224   0.99399999999999999467 )	0.0004000000000000007 0.33600000000000074
56	(   0.98809999999999997833   1.0100000000000000089  )	0.0001416100000000005 0.3365839000000004
57	(   1.0119000000000000217    0.98999999999999999112 )	0.0001416100000000005 -0.33941610000000066
58	(   1.0200000000000000178    1.0060000000000000053  )	0.0004000000000000007 -0.34399999999999986
59	(   0.99860000000000004317   1.0049999999999998934  )	1.959999999999879e-6 0.0779803999999984
60	(   1.0014000000000000679    0.99499999999999999556 )	1.96000000000019e-6 -0.07801960000000219
61	(   0.98999999999999999112   0.99931999999999998607 )	0.00010000000000000018 0.19220000000000015
62	(   1.0100000000000000089    1.0006800000000000139  )	0.00010000000000000018 -0.19419999999999993
63	(   0.99889099999999997337   0.99799999999999999822 )	1.229881000000059e-6 0.002167701190000093
64	(   1.0011090000000000266    1.0020000000000000018  )	1.229881000000059e-6 -0.0021922988099998264
65	(   0.99499999999999999556   1.0004399999999999959  )	2.5000000000000045e-5 0.10414999999999952
66	(   1.0049999999999998934    0.99956000000000000405 )	2.4999999999998934e-5 -0.10464999999999725
67	(   1.0002029999999999532    1.0004100000000000215  )	4.1208999999981e-8 3.9587910001248616e-5
68	(   1.0002180000000000515    1.0009999999999998899  )	4.752400000002245e-8 0.005639524759997183
69	(   0.99978199999999994851   0.99899999999999999911 )	4.752400000002245e-8 -0.005640475239998555
70	(   0.99799999999999999822   1.0001100000000000545  )	4.0000000000000074e-6 0.04106000000000054
71	(   1.0020000000000000018    0.9998899999999999455  )	4.0000000000000074e-6 -0.04113999999999951
72	(   1.0001619999999999955    1.0004999999999999449  )	2.6243999999998534e-8 0.0017597375599986975
73	(   0.99983800000000000452   0.99950000000000005507 )	2.6243999999998534e-8 -0.0017602624399992717
74	(   0.99899999999999999911   1.0000808999999999394  )	1.0000000000000019e-6 0.020798999999999124
75	(   1.0009999999999998899    0.99991909999999994962 )	9.999999999997797e-7 -0.02081899999999748
76	(   1.0000921199999999178    1.000199999999999978   )	8.48609439998486e-9 0.0001575151390564855
77	(   0.99990787999999997115   0.99980000000000002203 )	8.486094400005315e-9 -0.00015768486094303036
78	(   0.99950000000000005507   1.000036799999999948   )	2.4999999999994493e-7 0.010365499999998029
79	(   1.0004999999999999449    0.99996320000000005201 )	2.4999999999994493e-7 -0.010370499999998728
80	(   0.99999972999999997558   1.000099999999999989   )	7.290000001318538e-14 0.0010053999992709617
81	(   1.0000002699999999134    0.99990000000000001101 )	7.289999995323334e-14 -0.001005400000726464
82	(   0.99980000000000002203   0.99999990000000005264 )	3.9999999999991186e-8 0.003998600000000296
83	(   1.000199999999999978     1.0000001000000000584  )	3.9999999999991186e-8 -0.003999399999998765
84	(   0.99995118999999998977   0.99995000000000000551 )	2.382416100000999e-9 0.0004761761758387273
85	(   1.0000488100000000102    1.0000500000000001055  )	2.382416100000999e-9 -0.00047622382415957176
86	(   0.99990000000000001101   1.0000244039999999224  )	9.999999999997797e-9 0.002243939999998501
87	(   1.000099999999999989     0.9999755959999999666  )	9.999999999997797e-9 -0.002244139999999506
88	(   0.99995000000000000551   0.99998538299999994994 )	2.499999999999449e-9 0.0008538049999995412
89	(   1.0000500000000001055    1.000014616999999939   )	2.5000000000105516e-9 -0.000853855000002568
90	(   0.99996345689999999173   1.000019999999999909   )	1.335398157610604e-9 0.000930848646018001
91	(   1.0000365431000000083    0.99997999999999998    )	1.335398157610604e-9 -0.0009308753539827297
92	(   0.99998947999999998615   0.99999000000000004551 )	1.1067040000029144e-10 0.0001103988932971145
93	(   1.0000105200000000139    1.0000100000000000655  )	1.1067040000029144e-10 -0.00011040110670323955
94	(   0.99997999999999998      1.0000052600000000069  )	4.0000000000080005e-10 0.00045259600000013833
95	(   1.000019999999999909     0.99999473999999999307 )	3.999999999963592e-10 -0.0004526039999985798
96	(   0.99999000000000004551   0.99999654777000002159 )	9.99999999990898e-11 0.000165476699999223
97	(   1.0000100000000000655    1.0000034522300000894  )	1.0000000000131024e-10 -0.0001654787000004987
98	(   0.99999309550000003988   1.0000050000000000328  )	4.767212024944934e-11 0.00018808952327864503
99	(   1.0000069044999999601    0.99999499999999996724 )	4.767212024944934e-11 -0.000188090476720415
100	(   0.99999808789699995426   1.0000020000000000575  )	3.6561378827839176e-12 5.824202343962526e-5
101	(   1.0000019121029999347    0.99999800000000005351 )	3.656137882359345e-12 -5.824209656002388e-5
102	(   0.99999499999999996724   0.99999923515999999957 )	2.500000000032756e-11 9.23513500006301e-5
103	(   1.0000050000000000328    1.0000007648400000004  )	2.500000000032756e-11 -9.235185000067148e-5
104	(   0.9999981965590000188    0.99999899999999997124 )	3.252399440413185e-12 2.6068787475352906e-5
105	(   1.0000018034410000922    1.0000009999999999177  )	3.2523994408136292e-12 -2.606885252776081e-5
106	(   0.99999800000000005351   1.0000009017200000017  )	3.9999999997859564e-12 4.901715999872103e-5
107	(   1.0000020000000000575    0.99999909827999999834 )	4.000000000230045e-12 -4.901724000028196e-5
108	(   1.0000001680520000935    1.0000005000000000699  )	2.824147473542922e-14 1.6389597168320336e-6
109	(   0.99999983194800001751   0.99999950000000004113 )	2.8241474698114178e-14 -1.638960281935553e-6
110	(   0.99999899999999997124   1.0000000840259000157  )	1.0000000000575112e-12 2.0840249000952937e-5
111	(   1.0000009999999999177    0.99999991597409998434 )	9.999999998354668e-13 -2.084026899940028e-5
112	(   0.99999998462790995468   1.0000001999999998947  )	2.3630115236136574e-16 2.307441797633203e-6
113	(   1.0000000153720900453    0.99999979999999999425 )	2.3630115236136574e-16 -2.307441803184318e-6
114	(   0.99999950000000004113   0.9999999938511999753  )	2.499999999588667e-13 9.938509498708115e-6
115	(   1.0000005000000000699    1.0000000061487999137  )	2.50000000069889e-13 -9.938514502483287e-6
116	(   0.99999988833265995858   1.0000001000000000584  )	1.2469594831926441e-14 3.233346677067317e-6
117	(   1.0000001116673400414    0.99999990000000005264 )	1.2469594831926441e-14 -3.2333469246470514e-6
118	(   0.99999979999999999425   0.99999994416630000327 )	4.000000000230045e-14 3.44166260046741e-6
119	(   1.0000001999999998947    1.0000000558337001078  )	3.999999995789153e-14 -3.4416633964973187e-6
120	(   0.99999999882346002344   1.0000000499999999182  )	1.3842463164322541e-18 5.235307987128124e-7
121	(   1.0000000011765399766    0.99999994999999997081 )	1.3842463164322541e-18 -5.235307998230354e-7
122	(   0.99999990000000005264   0.99999999941173001172 )	9.999999989472883e-15 1.9941171991444406e-6
123	(   1.0000001000000000584    1.0000000005882700993  )	1.0000000011677344e-14 -1.994117400094808e-6
124	(   0.99999997185584998949   0.99999998000000001053 )	7.920931798141878e-16 3.6288299254394474e-7
125	(   1.0000000281441498995    1.0000000200000001005  )	7.920931735649311e-16 -3.6288300586662103e-7
126	(   0.99999994999999997081   1.0000000112576599154  )	2.500000002919336e-15 1.1125765742026061e-6
127	(   1.0000000499999999182    0.99999998874233997359 )	2.4999999918171056e-15 -1.1125766230524192e-6
128	(   0.99999999075695999995   0.99999998999999994975 )	8.543378844254167e-17 8.486079838831984e-8
129	(   1.000000009243039889     1.0000000099999999392  )	8.543378639017452e-17 -8.486079838831984e-8
130	(   0.99999998000000001053   1.0000000046215200555  )	3.999999995789153e-16 4.4621519590393177e-7
131	(   1.0000000200000001005    0.99999999537848005549 )	4.0000000401980743e-16 -4.46215205895939e-7
132	(   0.99999999340487000232   0.99999999500000003039 )	4.349573968626454e-17 8.190260025742191e-8
133	(   1.0000000065951299977    1.0000000049999999696  )	4.349573968626454e-17 -8.190260025742191e-8
134	(   1.0000000099999999392    0.99999999670243999716 )	9.999999878450581e-17 -2.329755988128568e-7
135	(   0.99999998999999994975   1.0000000032975600028  )	1.0000000100495186e-16 2.329755999230798e-7
136	(   1.0000000009659100186    1.0000000019999999434  )	9.329821641003176e-19 6.817990616525549e-10
137	(   0.99999999903408998136   0.99999999799999994554 )	9.329821641003176e-19 -6.818001718755795e-10
138	(   0.99999999500000003039   1.0000000003863600551  )	2.4999999696126452e-17 1.0386359994285499e-7
139	(   1.0000000049999999696    0.99999999961363994494 )	2.4999999696126452e-17 -1.0386359994285499e-7
140	(   1.0000000007467300112    1.0000000010000000827  )	5.576057095648442e-19 -4.934599395767236e-9
141	(   0.99999999925326998884   0.99999999900000002828 )	5.576057095648442e-19 4.934600505990261e-9
142	(   1.0000000019999999434    0.99999999962663999042 )	3.9999997737445515e-18 -4.373359896447937e-8
143	(   0.99999999799999994554   1.0000000003733600096  )	4.000000217833761e-18 4.373360118492542e-8
144	(   1.0000000002331199678    0.99999999949999995863 )	5.434491937499134e-20 -9.662399769183594e-9
145	(   0.99999999976688003223   1.0000000005000000414  )	5.434491937499134e-20 9.662399769183594e-9
146	(   0.99999999900000002828   0.99999999988344001611 )	9.999999434361379e-19 1.8834399595490936e-8
147	(   1.0000000010000000827    1.0000000001165600949  )	1.0000001654807488e-18 -1.883440070571396e-8
148	(   1.0000000001278999129    0.99999999979999998345 )	1.635838771544504e-20 -4.557998423138088e-9
149	(   0.99999999987209997609   1.0000000002000000165  )	1.6358416114942993e-20 4.558000643584137e-9
150	(   0.99999999949999995863   0.99999999994884003485 )	2.500000413701872e-19 9.488401175872241e-9
151	(   1.0000000005000000414    1.0000000000511599652  )	2.500000413701872e-19 -9.488401175872241e-9
152	(   1.0000000002000000165    1.0000000000621700469  )	4.0000006619229954e-20 -3.378299862077938e-9
153	(   0.99999999979999998345   0.99999999993782995311 )	4.0000006619229954e-20 3.378299862077938e-9
154	(   0.99999999987566001725   1.0000000001000000083  )	1.546043131136616e-20 3.4867997378285054e-9
155	(   1.0000000001243400938    0.99999999989999999173 )	1.5460458920400833e-20 -3.4868019582745546e-9
156	(   0.99999999996002997271   0.99999999994999999586 )	1.5976030813994645e-21 2.994005043888137e-10
157	(   1.0000000000399700273    1.0000000000500000041  )	1.5976030813994645e-21 -2.994005043888137e-10
158	(   1.0000000001000000083    0.99999999998001998236 )	1.0000001654807488e-20 -2.1998003418843837e-9
159	(   0.99999999989999999173   1.0000000000199800176  )	1.0000001654807488e-20 2.1998003418843837e-9
160	(   1.0000000000312099235    0.99999999997999999835 )	9.740593270260678e-22 -8.241984872370267e-10
161	(   0.99999999996878996544   1.0000000000200000017  )	9.740662570335347e-22 8.24200707683076e-10
162	(   1.0000000000500000041    1.000000000012480017   )	2.500000413701872e-21 -8.751999125422572e-10
163	(   0.99999999994999999586   0.99999999998751998298 )	2.500000413701872e-21 8.751999125422572e-10
164	(   0.99999999997999999835   0.99999999999254995942 )	4.0000006619229954e-22 3.254996272517019e-10
165	(   1.0000000000200000017    1.0000000000074500406  )	4.0000006619229954e-22 -3.254996272517019e-10
166	(   0.99999999998511002186   1.0000000000100000008  )	2.217114489907739e-22 3.9779957106134134e-10
167	(   1.0000000000148900892    0.99999999998999999917 )	2.2171475524241315e-22 -3.978017915073906e-10
168	(   1.0000000000003599343    0.99999999999499999959 )	1.295527036159903e-25 -5.7198690228688065e-11
169	(   0.99999999999963995467   1.0000000000050000004  )	1.2963263741240214e-25 5.7200910674737315e-11
170	(   0.99999999998999999917   0.99999999999982003285 )	1.0000001654807488e-22 1.9820034502515682e-10
171	(   1.0000000000100000008    1.0000000000001800782  )	1.0000001654807488e-22 -1.981992348021322e-10
172	(   0.99999999999972000175   0.99999999999800004424 )	7.839901821693378e-26 -1.439959262938828e-11
173	(   1.0000000000002799982    1.0000000000019999558  )	7.839901821693378e-26 1.439959262938828e-11
174	(   0.99999999999499999959   1.0000000000001099121  )	2.500000413701872e-23 1.01099129068416e-10
175	(   1.0000000000050000004    0.9999999999998899769  )	2.500000413701872e-23 -1.0110023929144063e-10
176	(   0.99999999999924005234   1.0000000000010000889  )	5.775204464804362e-25 2.5199842212941803e-11
177	(   1.0000000000007600587    0.99999999999900002212 )	5.776892010843953e-25 -2.5200952435966428e-11
178	(   0.99999999999800004424   0.99999999999961997066 )	3.99982302819651e-24 3.619882171790323e-11
179	(   1.0000000000019999558    1.0000000000003799183  )	3.99982302819651e-24 -3.6199931940927854e-11
180	(   1.0000000000005000445    0.99999999999949995555 )	2.500444522669989e-25 -1.5001333508735115e-11
181	(   0.99999999999949995555   1.0000000000005000445  )	2.500444522669989e-25 1.5001333508735115e-11
182	(   0.99999999999900002212   0.99999999999974997777 )	9.999557570491275e-25 1.7499335314141717e-11
183	(   1.0000000000010000889    1.0000000000002500222  )	1.0001778090679956e-24 -1.7501555760190968e-11
184	(   0.9999999999995400346    0.99999999999980004883 )	2.115681683712483e-25 7.19979631469414e-12
185	(   1.0000000000004600764    1.0000000000002000622  )	2.1167031353252277e-25 -7.200906537718765e-12
186	(   1.0000000000005000445    0.99999999999982003285 )	2.500444522669989e-25 -1.1800560528740789e-11
187	(   0.99999999999949995555   1.0000000000001800782  )	2.500444522669989e-25 1.1801670751765414e-11
188	(   1.0000000000000699441    0.99999999999989996891 )	4.892170207534681e-27 -2.3991919562149633e-12
189	(   0.99999999999980004883   0.99999999999997002398 )	3.998046907868405e-26 3.6992631180510216e-12
190	(   1.0000000000002000622    1.000000000000029976   )	4.002487948245766e-26 -3.701483564100272e-12
191	(   0.99999999999989996891   1.000000000000009992   )	1.0006219870614416e-26 2.100541962590796e-12
