1	(   2                        2                      )	-0.3905620875658997 25.0
2	(   1                        3                      )	-2.3068528194400546 9.0
3	(  -2                        6                      )	-4.3905620875658995 57.0
4	(   3                        5                      )	-2.697414907005954 121.0
5	(  -1                        1                      )	-0.3068528194400547 1.0
6	(  -7                       -5                      )	8.912023005428146 2521.0
7	(  -5                       -3                      )	6.258096538021482 681.0
8	(   0                       -4                      )	4.0 13.0
9	(  -6                        0                      )	3.6109179126442243 1365.0
10	(   4                        2                      )	0.8332133440562162 289.0
11	(  -2                        1                      )	0.6094379124341003 22.0
12	(  -2                        3                      )	-1.3905620875658997 30.0
13	(   0                       -1                      )	1.0 -2.0
14	(   1                        2                      )	-1.3068528194400546 4.0
15	(  -3                        0                      )	2.302585092994046 96.0
16	(   0                        0                      )	0.0 -3.0
17	(  -2                        2                      )	-0.3905620875658997 25.0
18	(   0                        2                      )	-2.0 1.0
19	(   2                        1                      )	0.6094379124341003 22.0
20	(  -1                        0                      )	0.6931471805599453 0.0
21	(  -4                       -6                      )	8.833213344056215 321.0
22	(   3                       -5                      )	7.302585092994046 121.0
23	(   4                        4                      )	-1.1667866559437838 301.0
24	(  -5                        5                      )	-1.7419034619785179 697.0
25	(  -6                       -4                      )	7.610917912644224 1381.0
26	(  -1                       -2                      )	2.6931471805599454 4.0
27	(  -1                        2                      )	-1.3068528194400546 4.0
28	(   1                        0                      )	0.6931471805599453 0.0
29	(  -1                       -1                      )	1.6931471805599454 1.0
30	(  -2                        0                      )	1.6094379124341003 21.0
31	(  -0.91000000000000003109   1                      )	-0.3967228238690975 0.34194961000000035
32	(  -0.6500000000000000222   -0.5                    )	0.852415887018349 -1.72649375
33	(  -0.5                      0.3499999999999999778  )	-0.1268564486857902 -2.315
34	(  -1.3500000000000000888    0.5                    )	0.53762301704168 4.216506250000002
35	(  -1.5                     -0.3499999999999999778  )	1.528654996341646 6.6850000000000005
36	(  -0.88000000000000000444   1                      )	-0.4265376623860345 0.14849536000000008
37	(  -0.52000000000000001776   4                      )	-3.760668188489266 13.613916159999999
38	(  -0.08999999999999999667   1.7700000000000000178  )	-1.7619326289222412 0.14916561000000073
39	(   1.9099999999999999201    3.7700000000000000178  )	-2.2335414660518778 31.817733609999998
40	(   0.91000000000000003109   1.7700000000000000178  )	-1.1667228238690974 2.4748496100000006
41	(  -0.08999999999999999667   2.7700000000000000178  )	-2.7619326289222412 4.68916561
42	(  -1.0900000000000000799    1.7700000000000000178  )	-0.9869664126455312 3.9206816100000017
43	(  -0.08999999999999999667   0.77000000000000001776 )	-0.7619326289222412 -2.39083439
44	(   2.2799999999999998046    4.0800000000000000711  )	-2.2557088057694603 51.066562559999994
45	(  -0                        1.7399999999999999911  )	-1.74 0.027599999999999625
46	(  -0                        1.6499999999999999112  )	-1.65 -0.2775000000000003
47	(  -1                        1.9199999999999999289  )	-1.2268528194400545 3.6864
48	(   0                        2.2400000000000002132  )	-2.24 2.0176000000000007
49	(  -0                        1.2399999999999999911  )	-1.24 -1.4623999999999997
50	(   1                        1.5600000000000000533  )	-0.8668528194400548 2.4336
51	(   0.27000000000000001776   1.6499999999999999112  )	-1.5796347373394364 -0.12638559000000038
52	(  -0                        1.75                   )	-1.75 0.0625
53	(  -0.4000000000000000222    1.9399999999999999467  )	-1.7915799948817266 1.1092000000000004
54	(  -0.5                      1.5800000000000000711  )	-1.3568564486857904 0.058900000000000396
55	(   0.5                      1.8999999999999999112  )	-1.6768564486857902 1.1724999999999994
56	(   0.4000000000000000222    1.5400000000000000355  )	-1.3915799948817267 -0.28279999999999994
57	(   0.2000000000000000111    1.6799999999999999378  )	-1.6407792868467186 -0.09600000000000009
58	(  -0.11999999999999999556   1.6399999999999999023  )	-1.6257026952991755 -0.2813926400000004
59	(  -0.2000000000000000111    1.8000000000000000444  )	-1.7607792868467187 0.3216000000000001
60	(   0.11999999999999999556   1.8400000000000000799  )	-1.8257026952991757 0.41460735999999976
61	(  -0                        1.7361999999999999655  )	-1.7362 0.014390439999999671
62	(   0                        1.7261999999999999567  )	-1.7262 -0.020233560000000317
63	(   0.10000000000000000555   1.6861999999999999211  )	-1.6762496691468318 -0.13662956000000026
64	(  -0.10000000000000000555   1.7862000000000000099  )	-1.776249669146832 0.21061043999999995
65	(  -0.05000000000000000278   1.6362000000000000988  )	-1.633703119801413 -0.31784330999999977
66	(   0.05000000000000000278   1.8362000000000000544  )	-1.8337031198014129 0.3766366899999998
67	(   0                        1.7248000000000001108  )	-1.7248 -0.02506495999999947
68	(   0.05000000000000000278   1.6880999999999999339  )	-1.6856031198014128 -0.1453121400000006
69	(  -0.04809999999999999692   1.6861999999999999211  )	-1.6838890622746754 -0.15209698720876785
70	(  -0.05000000000000000278   1.7842999999999999972  )	-1.7818031198014128 0.18873273999999984
71	(   0.04809999999999999692   1.7862000000000000099  )	-1.7838890622746755 0.1951430127912328
72	(   0.00080000000000000004   1.732099999999999973   )	-1.7320993600002046 0.0001716900004096189
73	(   0.00320000000000000015   1.7197999999999999954  )	-1.7197897600524286 -0.042267479895142124
74	(   0.0001                   1.6675999999999999712  )	-1.66759999 -0.21911022000000013
75	(  -0.01919999999999999832   1.6933000000000000274  )	-1.6929314279310306 -0.13199769410455042
76	(   0.02079999999999999905   1.7708999999999999186  )	-1.7704674535617 0.1369522771773699
77	(   0.01629999999999999852   1.6820999999999999286  )	-1.6818343452893374 -0.1700081394088242
78	(  -0.01469999999999999953   1.7821000000000000174  )	-1.7818839333440812 0.17631263669488817
79	(  -0                        1.732099999999999973   )	-1.7321 0.0001704099999999542
80	(  -0.00239999999999999979   1.732099999999999973   )	-1.7320942400165886 0.0001819300331780127
81	(  -0.01000000000000000021   1.7279999999999999805  )	-1.7279000049996667 -0.013815990000000333
82	(   0.01000000000000000021   1.7361999999999999655  )	-1.7361000049996667 0.014590450000000033
83	(   0.00200000000000000004   1.7120999999999999552  )	-1.712096000008 -0.06870558998400034
85	(   0.000002                 1.732099999999999973   )	-1.732099999996 0.00017041000799977724
86	(   0.0050000000000000001    1.7316000000000000281  )	-1.7315750003124948 -0.0015114393749997568
87	(  -0.0050000000000000001    1.7325999999999999179  )	-1.7325750003124947 0.0019527606249996055
88	(  -0.000272                 1.7220999999999999641  )	-1.7220999260160026 -0.03437144203199427
89	(   0.000272                 1.7420999999999999819  )	-1.7420999260160026 0.03491255796800541
90	(   0.000029                 1.732091999999999965   )	-1.732091999159 0.00014269814599998654
91	(   0.000116                 1.732067999999999941   )	-1.7320679865439998 5.958353600021837e-5
92	(  -0.000092                 1.732091999999999965   )	-1.732091991536 0.00014271339200000455
93	(   0.00202899999999999999   1.7292199999999999793  )	-1.729215883167474 -0.009789957901051416
94	(  -0.0019710000000000001    1.7349639999999999507  )	-1.734960115166546 0.010107850993091638
95	(  -0.0011199999999999999    1.7270920000000000716  )	-1.7270907456007867 -0.01715071473442631
96	(   0.00117800000000000001   1.7370920000000000805  )	-1.737090612316963 0.017491391833925896
97	(   0.000003                 1.732091999999999965   )	-1.732091999991 0.00014269648199949359
98	(  -0.00007499999999999999   1.732091999999999965   )	-1.732091994375 0.00014270771399971238
99	(  -0.000004                 1.732091999999999965   )	-1.7320919999839999 0.00014269649599985001
100	(   0.00100299999999999999   1.7315640000000001031  )	-1.731562993991506 -0.0016841018849875766
101	(  -0.00099700000000000006   1.732620000000000049   )	-1.732619005991494 0.0019740524189888475
102	(  -0.000261                 1.7300919999999999632  )	-1.7300919318790022 -0.006781535293995944
103	(   0.00026699999999999998   1.7340919999999999668  )	-1.7340919287110024 0.00707520704200526
104	(   0.00000296               1.732091999999999965   )	-1.7320919999912383 0.00014269648152342995
105	(   0.00000284               1.732091999999999965   )	-1.7320919999919344 0.0001426964801307662
106	(   0.00000248               1.732091999999999965   )	-1.7320919999938496 0.00014269647630094084
107	(   0.0000014                1.732091999999999965   )	-1.73209199999804 0.00014269646792008928
108	(  -0.00000184               1.732091999999999965   )	-1.7320919999966145 0.000142696470771142
109	(  -0.00000705               1.732091999999999965   )	-1.7320919999502975 0.00014269656340459846
110	(  -0.00049859999999999998   1.7324589999999999712  )	-1.732458751398071 0.001414683884981116
111	(   0.00050140000000000004   1.7317249999999999588  )	-1.7317247485980716 -0.0011280215710174346
112	(   0.00018472000000000001   1.7330920000000000769  )	-1.7330919658785224 0.0036079487069580196
113	(  -0.00018191999999999999   1.7310920000000000751  )	-1.7310919669051141 -0.003320421346225899
114	(   0.0000025                1.7320924736122000898  )	-1.7320924736059502 0.00014433715652995005
115	(   0.0000058                1.73209389444880002    )	-1.73209389441516 0.0001492592540905946
116	(  -0.00000365               1.7320924734137999046  )	-1.7320924734004775 0.00014433648338041394
117	(  -0.0001975                1.7319188636122000435  )	-1.7319188246059507 -0.0004569718517242194
118	(   0.00020249999999999999   1.7322660836121999139  )	-1.7322660426059509 0.0007458664456514441
119	(   0.00007194000000000001   1.7315924736121999228  )	-1.7315924684368362 -0.0015874949788554638
120	(  -0.00006694000000000001   1.7325924736122000347  )	-1.7325924691312364 0.0018766885795695742
121	(   0.000377                 1.731996000000000091   )	-1.7319958578710102 -0.00018957172598010885
122	(   0.00014295000000000001   1.732051208698019984   )	-1.7320511882633176 1.4304216779947865e-6
123	(   0.00022379999999999999   1.7320008347920798908  )	-1.7320007847056411 -0.00017300810665599187
124	(  -0.0000171                1.732051223936099893   )	-1.7320512236436898 1.442923361238968e-6
125	(  -0.00049709999999999999   1.732051269650340064   )	-1.7320510225419607 2.0949142358617223e-6
126	(  -0.00034610000000000001   1.7320511565974099355  )	-1.732051036812207 1.4486408597136347e-6
127	(   0.00098290000000000009   1.7319904439361000215  )	-1.7319894778441567 -0.0002071699282781836
128	(  -0.00101709999999999995   1.7321120039360999865  )	-1.7321109694442252 0.00021406316542282866
129	(  -0.00013909999999999999   1.731551223936099948   )	-1.73155120458729 -0.0017303201877734153
130	(   0.0001049                1.7325512239361000599  )	-1.7325512129320901 0.0017337655704983135
131	(  -0.00049724999999999997   1.732051269650340064   )	-1.7320510223928083 2.0952125412421196e-6
132	(  -0.00000575               1.7320512242054499907  )	-1.7320512241723875 1.4433377231171107e-6
133	(   0.0000283                1.732051225013500062   )	-1.73205122421261 1.4476725462841955e-6
134	(  -0.00000209               1.7320512242508800949  )	-1.732051224246512 1.44343770891453e-6
135	(   0.00000889               1.7320512243871699631  )	-1.7320512243081378 1.44405915847301e-6
136	(   0.00000025               1.7320512240980598939  )	-1.7320512240979975 1.442899712600365e-6
137	(   0.00000727               1.7320512236395999572  )	-1.7320512235867471 1.4414171412013843e-6
138	(  -0.00000022               1.7320512240820999939  )	-1.7320512240820516 1.4428443977365646e-6
139	(  -0.00000265               1.7320512243060999236  )	-1.7320512242990773 1.4436343054313738e-6
140	(  -0.00019975               1.7319729440980600188  )	-1.7319729041979983 -0.000269641112171648
141	(   0.00020024999999999999   1.7321295040980599911  )	-1.7321294639979983 0.00027269916711780695
142	(   0.00015681000000000001   1.7319512240980599049  )	-1.731951199508684 -0.0003449081664790299
143	(  -0.00015631               1.732151224098060105   )	-1.7321511996652443 0.00034791201004047423
144	(  -0.00009975               1.7320269121980600424  )	-1.7320269022479975 -8.275552152836596e-5
145	(   0.00010025               1.7320755359980599675  )	-1.7320755259479974 8.568250309171077e-5
146	(   0.00004887               1.7320012240980600104  )	-1.732001221709783 -0.00017175494626808785
147	(  -0.00004837               1.7321012240980599994  )	-1.732101221758403 0.0001746552013113245
148	(   0.00005025               1.7320338829980599371  )	-1.7320338804729973 -5.8623096537591124e-5
149	(  -0.00004975               1.7320685651980600728  )	-1.7320685627229975 6.151949739141571e-5
150	(  -0.0000431028             1.7320312240980599849  )	-1.7320312222402086 -6.783503367291388e-5
151	(   0.0000436028             1.7320712240980600249  )	-1.732071222196856 7.072915096006938e-5
152	(   0.0000002                1.7320512240395999903  )	-1.73205122403956 1.4426971564063251e-6
153	(   0.000000095              1.7320512239883900651  )	-1.732051223988381 1.442519698358069e-6
154	(  -0.00000003               1.7320512242134100678  )	-1.7320512242134092 1.443299174397339e-6
155	(  -0.00000037               1.7320512236593799127  )	-1.732051223659243 1.44138022939444e-6
156	(   0.00000017               1.7320512240223899791  )	-1.7320512240223611 1.442637517001799e-6
157	(  -0.000004905              1.7320514472843899778  )	-1.732051447260331 2.216088067719113e-6
158	(   0.000005095              1.7320510006923899304  )	-1.732051000666431 6.690514275931037e-7
159	(  -0.00000046324            1.7320492239883900076  )	-1.7320492239881755 -5.485680786954106e-6
160	(   0.00000065324            1.7320532239883899006  )	-1.7320532239879631 8.370729428719414e-6
161	(   0.000020095              1.7320503308043899704  )	-1.732050330400581 -1.650752785131715e-6
162	(   0.0000000275             1.7320508117260500214  )	-1.7320508117260494 1.4400869829955809e-8
163	(  -0.000015175              1.7320502448270300722  )	-1.7320502445967494 -1.9489340639111674e-6
164	(   0.000001612              1.7320508117509298973  )	-1.7320508117483313 1.4492252731201916e-8
165	(  -0.0000199725             1.7320477755600500736  )	-1.7320477751611494 -1.0502379681032181e-5
166	(   0.0000200275             1.7320538478920499692  )	-1.7320538474909493 1.0532799858076203e-5
167	(   0.0000121722             1.7320458117260499886  )	-1.7320458115778876 -1.7305785923849015e-5
168	(  -0.0000121172             1.7320558117260500541  )	-1.7320558115792235 1.7335227639136974e-5
169	(   0.0000100275             1.7320504438720500939  )	-1.7320504437714994 -1.2596815328613786e-6
170	(  -0.0000099725             1.7320511795800499488  )	-1.7320511794805993 1.2888835438928936e-6
171	(   0.0000018668             1.7320528117260500789  )	-1.732052811722565 6.942615085492321e-6
172	(  -0.0000018118             1.7320488117260499639  )	-1.7320488117227673 -6.913791812834802e-6
173	(   0.0000050275             1.7320504830110499128  )	-1.7320504829857741 -1.1242506370301442e-6
174	(  -0.0000049725             1.7320511404410499079  )	-1.7320511404163241 1.153152592969775e-6
175	(   0.000001671075           1.7320518117260499391  )	-1.7320518117232575 3.478509077226022e-6
176	(  -0.000001616075           1.7320498117260501036  )	-1.7320498117234384 -3.4496945309214766e-6
177	(  -0.0000004894625          1.7320508117260500214  )	-1.7320508117258104 1.4401347669945608e-8
178	(  -0.0000019725             1.7320508595461399093  )	-1.7320508595422492 1.8006230284584035e-7
179	(   0.0000020275             1.7320507639059599114  )	-1.7320507639018492 -1.5124455909898415e-7
180	(   0.00000021878            1.7320513117260500913  )	-1.7320513117260021 1.7464520265519923e-6
181	(  -0.00000016378            1.7320503117260499515  )	-1.732050311726023 -1.7176496394100127e-6
182	(  -0.00000031125            1.7320508117260500214  )	-1.7320508117259532 1.4401062564672884e-8
183	(  -0.0000009725             1.7320508605624800325  )	-1.7320508605615343 1.8357711883965067e-7
184	(   0.0000010275             1.7320507628896200103  )	-1.7320507628885642 -1.547713734950662e-7
185	(   0.000000271682           1.7320510117260499161  )	-1.7320510117259762 7.072213801251337e-7
186	(  -0.000000216682           1.7320506117260499046  )	-1.732050611726003 -6.784193224973478e-7
187	(  -0.0000004725             1.7320508301741099899  )	-1.7320508301738868 7.830727000168736e-8
188	(   0.0000005275             1.7320507932779900528  )	-1.7320507932777118 -4.950452892060753e-8
189	(   0.00000011974031         1.7320509117260500798  )	-1.7320509117260356 3.6081106991048273e-7
190	(  -0.00000006474031         1.732050711726049963   )	-1.7320507117260457 -3.320092751835091e-7
191	(   0.00000001901875         1.7320508117260500214  )	-1.7320508117260496 1.4400869829955809e-8
192	(  -0.0000000725             1.7320508224125199526  )	-1.7320508224125146 5.141989767309951e-8
193	(   0.0000001275             1.7320508010395800902  )	-1.7320508010395639 -2.261811671289138e-8
194	(   0.00000008093237         1.7320508317260498998  )	-1.7320508317260435 8.368291393168192e-8
195	(  -0.00000002593237         1.7320507917260499209  )	-1.7320507917260493 -5.488116228136164e-8
196	(   0.0000000775             1.732050815846970071   )	-1.732050815846964 2.8676167218577575e-8
197	(  -0.0000000225             1.7320508076051299717  )	-1.7320508076051295 1.255839876534992e-10
198	(   0.0000000068954          1.7320508217260499606  )	-1.73205082172605 4.904188521948072e-8
199	(   0.0000000481046          1.7320508017260500822  )	-1.7320508017260479 -2.024014289503384e-8
200	(  -0.0000001725             1.7320507952423700448  )	-1.7320507952423403 -4.270021403129931e-8
201	(  -0.0000000745             1.7320508076130500807  )	-1.7320508076130445 1.5302958900065278e-10
202	(  -0.0000002305             1.7320508076368099637  )	-1.732050807636757 2.354312300667516e-10
203	(  -0.0000004675             1.7320508076090499472  )	-1.7320508076088315 1.3959855493794748e-10
204	(  -0.0000002745             1.7320508061742099226  )	-1.7320508061741346 -4.831119060355604e-9
205	(   0.0000001255             1.7320508090518900168  )	-1.7320508090518743 5.137337666383246e-9
206	(  -0.00000006011163         1.7320507876130499803  )	-1.7320507876130464 -6.912900607503047e-8
207	(  -0.00000008888837         1.7320508276130499592  )	-1.732050827613042 6.943506747347783e-8
208	(  -0.0000001745             1.7320508006042900639  )	-1.7320508006042596 -2.412597677192707e-8
209	(   0.0000000255             1.7320508146218100975  )	-1.7320508146218094 2.4432077694314103e-8
210	(  -0.00000000441242         1.7320507976130499195  )	-1.73205079761305 -3.448799779093292e-8
211	(  -0.00000014458758         1.73205081761305002    )	-1.7320508176130291 3.479407695294867e-8
212	(  -0.0000000245             1.7320508042426598916  )	-1.7320508042426592 -1.152235373780286e-8
213	(  -0.0000001245             1.7320508109834400479  )	-1.7320508109834245 1.1828423573945201e-8
214	(  -0.00000010820388         1.7320508026130498891  )	-1.7320508026130381 -1.7167466115353136e-8
215	(  -0.00000004079612         1.7320508126130500504  )	-1.7320508126130485 1.747353017833575e-8
216	(  -0.0000000735             1.7320508076130500807  )	-1.7320508076130448 1.5302958900065278e-10
217	(  -0.0000000845             1.7320508071331499611  )	-1.7320508071331429 -1.5093895022744164e-9
218	(  -0.0000000645             1.7320508080929499783  )	-1.7320508080929458 1.8154491243649318e-9
219	(  -0.00000006970097         1.732050806613049998   )	-1.7320508066130451 -3.3110731934016258e-9
220	(  -0.00000007929903         1.7320508086130499414  )	-1.7320508086130437 3.6171323714029313e-9
221	(  -0.0000000695             1.7320508075678300308  )	-1.7320508075678251 -3.61799479264846e-12
222	(  -0.0000000795             1.7320508076582799006  )	-1.7320508076582737 3.0971225584153217e-10
223	(  -0.00000007495225         1.7320508071130500394  )	-1.7320508071130445 -1.5790209140220668e-9
224	(  -0.00000007404775         1.7320508081130499001  )	-1.7320508081130443 1.885080536112582e-9
225	(  -0.0000000725             1.732050807502369949   )	-1.7320508075023646 -2.3037749485865788e-10
226	(  -0.0000000765             1.7320508077237299904  )	-1.7320508077237242 5.364366728599634e-10
227	(  -0.00000007560684         1.7320508074130500642  )	-1.7320508074130443 -5.397899904835413e-10
228	(  -0.00000007339316         1.7320508078130500973  )	-1.7320508078130448 8.458496125740567e-10
229	(  -0.0000000735             1.732050807606519971   )	-1.7320508076065146 1.304085728293103e-10
230	(  -0.0000000755             1.7320508076195799685  )	-1.7320508076195742 1.7565060517199527e-10
231	(  -0.00000007456531         1.7320508075130500725  )	-1.7320508075130445 -1.9337997869683932e-10
232	(  -0.00000007443469         1.732050807713050089   )	-1.7320508077130445 4.994404889657744e-10
233	(  -0.000000075              1.7320508076096299277  )	-1.7320508076096244 1.411821770602728e-10
234	(  -0.0000000743             1.7320508075934499814  )	-1.7320508075934444 8.51336778850964e-11
235	(  -0.000000074696           1.7320508075930500791  )	-1.7320508075930445 8.374811955036421e-11
236	(  -0.0000000747             1.732050807632649958   )	-1.7320508076326444 2.2092550011620915e-10
237	(  -0.000000074304           1.7320508076330500824  )	-1.7320508076330445 2.2231194662936105e-10
238	(  -0.0000000545             1.7320508074321701031  )	-1.7320508074321672 -4.735616343509719e-10
239	(  -0.0000000758             1.7320508075690499439  )	-1.7320508075690442 6.092903959142859e-13
240	(  -0.0000000947             1.7320508075727099051  )	-1.732050807572701 1.3294254586071474e-11
241	(  -0.00000007481            1.73205080756922003    )	-1.7320508075692145 1.199040866595169e-12
242	(  -0.0000000755133          1.7320508075695000283  )	-1.7320508075694943 2.168931700907706e-12
243	(  -0.0000000743             1.7320508075692699901  )	-1.7320508075692644 1.3713474800169934e-12
244	(  -0.00000007515            1.7320508075690499439  )	-1.7320508075690444 6.092903959142859e-13
245	(  -0.00000007506            1.7320508075692899741  )	-1.7320508075692844 1.4406253967536031e-12
246	(  -0.00000007466266         1.7320508075690799199  )	-1.7320508075690744 7.132072710192006e-13
247	(  -0.00000007528926         1.7320508075692899741  )	-1.7320508075692842 1.4406253967536031e-12
248	(  -0.00000007580397         1.7320508075692500061  )	-1.7320508075692442 1.3020695632803836e-12
249	(  -0.00000007530701         1.7320508075690499439  )	-1.7320508075690442 6.092903959142859e-13
250	(  -0.00000007579979         1.732050807569150086   )	-1.7320508075691443 9.565681580170349e-13
251	(  -0.00000007554662         1.7320508075692799821  )	-1.7320508075692742 1.4068746168049984e-12
252	(  -0.00000007579974         1.7320508075690299599  )	-1.7320508075690242 5.400124791776761e-13
253	(  -0.00000007580026         1.7320508075690699279  )	-1.7320508075690642 6.785683126508957e-13
254	(  -0.00000007565864         1.7320508075692699901  )	-1.7320508075692642 1.3713474800169934e-12
255	(  -0.00000007573131         1.7320508075692500061  )	-1.7320508075692442 1.3020695632803836e-12
