1	(  34.969999999999998863   -37.590000000000003411   )	44.69979849574222 1.4993424211208096e6
2	(  32.969999999999998863   -33.590000000000010516   )	40.58211563679022 1.18491376693681e6
3	(  26.969999999999998863   -21.59000000000002828    )	28.180824125653558 531000.8635848098
4	(   8.9700000000000006395   14.409999999999920206   )	-10.00987684947339 6839.5263288099995
5	( -45.030000000000001137   122.409999999999755      )	-114.79484908355872 4.13060754976081e6
6	(  20.969999999999998863     0.40999999999991998401 )	5.678457174439844 194248.70903280997
7	( -11.029999999999999361    52.40999999999991843    )	-47.60057636247371 17788.504488809987
8	(  23.969999999999998863    64.409999999999925535   )	-58.05465495641144 335414.9977088099
9	(  28.969999999999998863   -23.59000000000008157    )	30.32371243885082 706590.8681688098
10	(  -6.0300000000000002487  -35.59000000000008157    )	39.210624703006324 2658.484948810006
11	( -51.030000000000001137   -185.59000000000008868    )	193.4552113320333 6.820781940808809e6
12	(  -3.0299999999999998046  -30.59000000000008157    )	32.91051341585904 1035.398824810005
13	(   5.9699999999999997513  -15.590000000000079794   )	19.191165102823113 1581.6036528100021
14	(  -7.0300000000000002487  -31.59000000000008157    )	35.51040577166005 3536.1952568100055
15	(  46.969999999999998863    15.409999999999920206   )	-7.71052863063193 4.87188099342481e6
16	( -26.030000000000001137    69.409999999999911324   )	-62.89002576793638 465258.64310881007
17	( -53.030000000000001137   -76.590000000000088676   )	84.5320711149896 7.9198488042248115e6
18	(  19.969999999999998863   -130.59000000000008868    )	136.5809666731894 176890.50774081
19	(   8.9700000000000006395  -46.59000000000008157    )	50.990123150526614 8802.50632881001
20	(  16.969999999999998863   -46.59000000000008157    )	52.25636059596308 85676.58866480998
21	(  -9.0299999999999993605  -80.590000000000088676   )	85.0032939280693 13303.748272810013
22	(   2.9700000000000001954   19.40999999999991843    )	-17.12548723213862 469.1981768099969
23	(  20.969999999999998863   169.40999999999991132    )	-163.32154282556016 222948.28903280993
24	(  16.969999999999998863   -61.59000000000008157    )	67.25636059596307 87299.28866481
25	(   9.9700000000000006395  -80.590000000000088676   )	85.19917117136097 16571.088820810015
26	(  -4.0300000000000002487  119.40999999999992554    )	-116.56271553195063 14551.996732809983
27	( -47.030000000000001137     5.4099999999999202061  )	2.2920234059129685 4.896601603576811e6
28	(  52.969999999999998863    33.40999999999991843    )	-25.470192230447427 7.879355792776808e6
29	(  10.970000000000000639     2.4099999999999202061  )	2.3886039396616052 14725.422112810005
30	( -16.030000000000001137    69.409999999999911324   )	-63.85719197695081 71357.57402881
31	(  21.969999999999998863   -30.59000000000008157    )	36.77142539176387 234878.96112480995
32	( -17.030000000000001137   -27.59000000000008157    )	33.26339508589839 85450.37233681003
33	(  22.969999999999998863    66.409999999999911324   )	-60.13972846020802 283846.3440168099
34	(   7.9699999999999997513   16.40999999999991843    )	-12.24301079767715 4428.234636809997
35	(  12.970000000000000639    26.40999999999991843    )	-21.278795037997437 29329.201096810004
36	(   6.9699999999999997513   -0.59000000000008001599 )	4.493605678923209 2454.6137448100003
37	(  -7.0300000000000002487   12.409999999999920206   )	-8.489594228339957 2692.2752568099986
38	(  -1.0300000000000000266   39.40999999999991843    )	-38.686857219404594 1553.3954088099936
39	(   4.9699999999999997513   17.40999999999991843    )	-14.163473989256659 959.6443608099969
40	(   7.9699999999999997513   21.40999999999991843    )	-17.24301079767715 4617.3346368099965
41	(   3.9700000000000001954    9.4099999999999202061  )	-6.590951207103728 365.4758688099985
42	(   6.9699999999999997513  -20.59000000000008157    )	24.49360567892321 2878.2137448100034
43	(  -6.0300000000000002487   14.409999999999920206   )	-10.789375296993676 1599.4849488099976
44	(   1.9699999999999999734  -10.590000000000079794   )	12.175329629090218 131.9712848100017
45	(  -4.0300000000000002487  -70.590000000000074465   )	73.43728446804937 5276.196732810011
46	(   8.9700000000000006395   12.409999999999920206   )	-8.00987684947339 6785.88632881
47	(  -6.0300000000000002487   39.40999999999991843    )	-35.789375296993676 2944.9849488099935
48	(   9.9700000000000006395  -60.59000000000008157    )	65.19917117136096 13747.488820810011
49	( -18.030000000000001137   -31.59000000000008157    )	37.37714551008951 107322.68144481003
50	(  21.969999999999998863    10.409999999999920206   )	-4.2285746082361335 234051.58112480995
51	(   4.9699999999999997513  -16.59000000000008157    )	19.83652601074334 931.7643608100025
52	(  -8.0299999999999993605  -14.590000000000079794   )	18.771758497063413 4496.616364810001
53	(   3.9700000000000001954  -30.59000000000008157    )	33.40904879289627 1212.6758688100049
54	(  -0.02999999999999999889   9.4099999999999202061  )	-9.409100404757083 85.5499008099985
55	(  -6.0300000000000002487   69.409999999999925535   )	-65.78937529699368 6209.58494880999
56	(   6.9699999999999997513   -9.5900000000000797939  )	13.49360567892321 2546.2337448100016
57	(  -0.02999999999999999889 -40.59000000000008157    )	40.59089959524292 1644.5499008100066
58	(  -0.02999999999999999889  59.40999999999991843    )	-59.40910040475708 3526.5499008099905
59	(  19.969999999999998863    10.409999999999920206   )	-4.419033326810592 159945.12774080996
60	( -20.030000000000001137     8.4099999999999202061  )	-2.4130482849711816 161832.29206081005
61	(  -5.0300000000000002487   12.409999999999920206   )	-9.140396840869391 841.7454408099982
62	( -10.029999999999999361     7.4099999999999202061  )	-2.7889476066270564 10373.650980809995
63	(   9.9700000000000006395   11.409999999999920206   )	-6.800828828639043 10206.52882081
64	(   0.96999999999999997335 -10.590000000000079794   )	11.253151783024624 111.91519281000168
65	(  -1.0300000000000000266   29.40999999999991843    )	-28.686857219404594 865.1954088099952
66	(  -5.0300000000000002487    4.4099999999999202061  )	-1.140396840869391 707.1854408099994
67	(   4.9699999999999997513   14.409999999999920206   )	-11.16347398925666 864.1843608099975
68	(  -3.0299999999999998046   19.40999999999991843    )	-17.089486584140957 476.3988248099968
69	(   2.9700000000000001954   -0.59000000000008001599 )	2.874512767861379 92.79817681000011
70	(  -0.02999999999999999889 -10.590000000000079794   )	10.590899595242917 109.1499008100017
71	(  -2.0299999999999998046   11.409999999999920206   )	-9.776669795146217 152.41171680999815
72	(   0.96999999999999997335  14.409999999999920206   )	-13.746848216975376 207.4151928099977
73	(   1.9699999999999999734    7.4099999999999202061  )	-5.824670370909782 74.73128480999883
74	(   7.9699999999999997513    1.409999999999919984   )	2.756989202322849 4160.93463681
75	(  -3.0299999999999998046    3.4099999999999202061  )	-1.089486584140957 111.27882480999943
76	(  -3.0299999999999998046    9.4099999999999202061  )	-7.089486584140957 188.19882480999848
77	(   6.9699999999999997513    5.4099999999999202061  )	-1.5063943210767912 2483.5337448099995
78	(   2.9700000000000001954   17.40999999999991843    )	-15.12548723213862 395.5581768099972
79	(   0.96999999999999997335  -2.5900000000000797939  )	3.253151783024624 6.475192810000413
80	(  -2.0299999999999998046  -32.59000000000008157    )	34.22333020485378 1084.3317168100054
81	(  -6.0300000000000002487  -29.59000000000008157    )	33.210624703006324 2267.404948810005
82	(   5.9699999999999997513   17.40999999999991843    )	-13.808834897176885 1641.6636528099968
83	(  -9.0299999999999993605    7.4099999999999202061  )	-2.9967060719307144 6863.9082728099975
84	(  -4.0300000000000002487  -22.59000000000008157    )	25.437284468049373 803.5567328100037
85	(  10.970000000000000639   -12.590000000000079794   )	17.388603939661607 14878.122112810008
86	(   2.9700000000000001954   -3.5900000000000797939  )	5.874512767861379 105.3381768100006
87	(   5.9699999999999997513   -3.5900000000000797939  )	7.191165102823113 1351.4436528100002
88	(  -4.0300000000000002487   -1.590000000000080016   )	4.437284468049371 295.7767328100004
89	(   0.96999999999999997335 -12.590000000000079794   )	13.253151783024624 158.275192810002
90	(   0.96999999999999997335   7.4099999999999202061  )	-6.746848216975375 54.67519280999882
91	(  -0.02999999999999999889   3.4099999999999202061  )	-3.4091004047570843 8.629900809999455
92	(   1.9699999999999999734   -7.5900000000000797939  )	9.175329629090218 77.43128481000122
93	(  -1.0300000000000000266   -5.5900000000000797939  )	6.313142780595405 31.495408810000896
94	(   2.9700000000000001954    0.40999999999991998401 )	1.8745127678613789 92.61817680999997
95	(  -0.02999999999999999889   2.4099999999999202061  )	-2.4091004047570843 2.809900809999615
96	(  -3.0299999999999998046   17.40999999999991843    )	-15.089486584140955 402.7588248099971
97	(  -2.0299999999999998046   -1.590000000000080016   )	3.2233302048537826 24.751716810000243
98	(   4.9699999999999997513    5.4099999999999202061  )	-2.16347398925666 685.8043608099989
99	(  -5.0300000000000002487   -0.59000000000008001599 )	3.859603159130609 688.0854408100001
100	(  -2.0299999999999998046   12.409999999999920206   )	-10.776669795146217 176.231716809998
101	(  -1.0300000000000000266    3.4099999999999202061  )	-2.6868572194045943 11.875408809999456
102	(  -2.0299999999999998046   -2.5900000000000797939  )	4.223330204853783 28.931716810000403
103	(   1.9699999999999999734   -2.5900000000000797939  )	4.175329629090218 26.531284810000418
104	(  -2.0299999999999998046    7.4099999999999202061  )	-5.776669795146217 77.1317168099988
105	(  -1.0300000000000000266   -0.59000000000008001599 )	1.3131427805954057 0.5954088100000954
106	(  -4.0300000000000002487   -9.5900000000000797939  )	12.43728446804937 385.21673281000164
107	(  -1.0300000000000000266   -2.5900000000000797939  )	3.3131427805954057 6.955408810000414
108	(  -2.0299999999999998046    4.4099999999999202061  )	-2.7766697951462174 41.67171680999928
109	(  -0.02999999999999999889  -5.5900000000000797939  )	5.590899595242916 28.249900810000895
110	(   0.96999999999999997335   1.409999999999919984   )	-0.7468482169753755 1.755192809999775
111	(  -3.0299999999999998046   -2.5900000000000797939  )	4.910513415859043 106.3588248100004
112	(  -1.0300000000000000266    1.409999999999919984   )	-0.6868572194045942 2.2354088099997753
113	(  -0.02999999999999999889  -0.59000000000008001599 )	0.590899595242916 -2.6500991899999056
114	(  -2.0299999999999998046   -0.59000000000008001599 )	2.2233302048537826 22.571716810000083
115	(  -0.81999999999999995115   1.409999999999919984   )	-0.8957402794996472 0.7850217599997737
116	(  -0.5999999999999999778   -1.590000000000080016   )	1.8974846997480406 0.37770000000025394
117	(   0.4000000000000000222   -4.5900000000000797939  )	4.738420005118353 18.413700000000734
118	(  -0.5999999999999999778   -0.59000000000008001599 )	0.8974846997480406 -1.8022999999999056
119	(   0.4000000000000000222   -2.5900000000000797939  )	2.7384200051183534 4.053700000000413
120	(   0.4000000000000000222    0.40999999999991998401 )	-0.26157999488164657 -2.4863000000000652
121	(  -1.6000000000000000888   -0.59000000000008001599 )	1.8597605448640193 9.021700000000099
122	(  -1.6000000000000000888   -3.5900000000000797939  )	4.859760544864019 21.561700000000577
123	(   0.68999999999999994671  -4.5900000000000797939  )	4.979403474560894 19.246971210000734
124	(   0.4000000000000000222   -0.59000000000008001599 )	0.7384200051183534 -2.306299999999905
125	(  -0.10000000000000000555  -1.590000000000080016   )	1.5999503308532481 -0.4517999999997455
126	(  -0.36999999999999999556  -0.59000000000008001599 )	0.7183052601530039 -2.3593583899999055
127	(  -1.1000000000000000888   -1.590000000000080016   )	2.3829925155297413 3.4122000000002544
128	(  -0.82999999999999996003  -2.5900000000000797939  )	3.114077429441818 5.560483210000413
129	(  -0.93999999999999994671  -0.59000000000008001599 )	1.2231848393873426 -0.10395103999990596
130	(  -1.9599999999999999645    2.4099999999999202061  )	-0.8327547553880206 25.24919055999961
131	(  -0.73999999999999999112   1.409999999999919984   )	-0.9732946561556991 0.3831657599997751
132	(  -1.0100000000000000089    0.40999999999991998401 )	0.29314701513835895 0.24890400999993467
133	(  -0.86999999999999999556  -1.590000000000080016   )	2.1535508923889513 1.6147976100002541
134	(  -0.44000000000000000222  -0.59000000000008001599 )	0.7669739504674393 -2.2272190399999054
135	(  -1.4399999999999999467   -0.59000000000008001599 )	1.7128495130322352 5.795116960000094
136	(  -0.97999999999999998224   0.40999999999991998401 )	0.2631485340533354 0.011268159999934468
137	(  -1.1000000000000000888    3.4099999999999202061  )	-2.6170074844702587 12.512199999999456
138	(  -0.08999999999999999667   1.409999999999919984   )	-1.4019326289221612 -0.9956343900002258
139	(  -0.98999999999999999112  -0.59000000000008001599 )	1.2731473484816918 0.2688960100000939
140	(  -0.96999999999999997335   1.409999999999919984   )	-0.7468482169753755 1.755192809999775
141	(  -0.47999999999999998224   0.40999999999991998401 )	-0.20266068023067757 -2.318015840000066
142	(  -1.4799999999999999822    0.40999999999991998401 )	0.7501463007854621 6.346752159999934
143	(  -0.64000000000000001332   1.409999999999919984   )	-1.0666940238001419 -0.024927840000225743
144	(   0.38000000000000000444   4.4099999999999202061  )	-4.275119517806102 16.757751359999297
145	(  -0.13000000000000000444   1.409999999999919984   )	-1.3932412161849654 -0.9778143900002259
146	(  -0.14000000000000001332   2.4099999999999202061  )	-2.3905896064800967 2.8476841599996154
147	(  -1.1399999999999999023    0.40999999999991998401 )	0.42273519476707877 1.4562601599999336
148	(  -0.2999999999999999889    0.40999999999991998401 )	-0.32382230375886756 -2.6438000000000654
149	(  -0.97999999999999998224   2.4099999999999202061  )	-1.736851465946665 5.651268159999615
150	(  -0.2999999999999999889    1.6999999999999999556  )	-1.6138223037589476 0.07810000000000006
151	(  -0.76000000000000000888   0.90999999999991998401 )	-0.4540952951336861 -0.683078240000146
152	(  -0.52000000000000001776   1.909999999999919984   )	-1.6706681884891859 1.2620161599996944
153	(  -0.44000000000000000222   1.0999999999999199307  )	-0.9230260495325606 -1.365319040000176
154	(  -0.83999999999999996891   1.7199999999999200373  )	-1.1860830450105317 1.8674713599997244
155	(  -0.2999999999999999889    1.6699999999999999289  )	-1.5838223037589476 -0.022999999999999687
156	(   0.71999999999999997335   2.4500000000002399858  )	-2.032342851126714 4.308038560001176
157	(  -0.08999999999999999667   1.7299999999999999822  )	-1.7219326289222412 0.009165610000000157
158	(   0.54000000000000003553   1.7299999999999999822  )	-1.4741182400980168 0.6611305600000001
159	(  -0                        1.7299999999999999822  )	-1.73 -0.007099999999999884
160	(  -0                        2.7299999999999999822  )	-2.73 4.4529
161	(   0                        0.72999999999999998224 )	-0.73 -2.4671000000000003
162	(  -1                        1.7299999999999999822  )	-1.0368528194400546 2.9929000000000006
163	(   1                        1.7299999999999999822  )	-1.0368528194400546 2.9929000000000006
164	(   0.27000000000000001776   1.7299999999999999822  )	-1.6596347373394364 0.14401441000000048
165	(   0                        1.75                   )	-1.75 0.0625
166	(   0.5                      1.6799999999999999378  )	-1.4568564486857902 0.3849
167	(  -0.5                      1.7800000000000000266  )	-1.5568564486857903 0.7309000000000001
168	(   0.05000000000000000278   2.2299999999999999822  )	-2.227503119801413 1.9779062500000002
169	(  -0.05000000000000000278   1.2299999999999999822  )	-1.2275031198014128 -1.4820937500000002
170	(  -0.2000000000000000111    1.6499999999999999112  )	-1.6107792868467186 -0.19589999999999996
171	(   0.2000000000000000111    1.8100000000000000533  )	-1.7707792868467187 0.35770000000000035
172	(   0.08000000000000000167   1.5300000000000000266  )	-1.523620393035961 -0.6462590400000003
173	(  -0.08000000000000000167   1.9299999999999999378  )	-1.923620393035961 0.73774096
174	(   0.10000000000000000555   1.6699999999999999289  )	-1.6600496691468318 -0.19099999999999984
175	(  -0.10000000000000000555   1.7900000000000000355  )	-1.780049669146832 0.22419999999999973
176	(  -0.05999999999999999778   1.6299999999999998934  )	-1.6264064644898697 -0.33588704000000025
177	(   0.05999999999999999778   1.8300000000000000711  )	-1.8264064644898699 0.3561129600000008
178	(  -0                        1.7324999999999999289  )	-1.7325 0.0015562500000001478
179	(   0                        1.7399999999999999911  )	-1.74 0.027599999999999625
180	(  -0.05000000000000000278   1.7094000000000000306  )	-1.7069031198014128 -0.07294539000000011
181	(   0.05000000000000000278   1.7556000000000000494  )	-1.7531031198014129 0.08713761000000009
182	(   0.02309999999999999901   1.6825000000000001066  )	-1.68196653231919 -0.16812624526036757
183	(  -0.02309999999999999901   1.7824999999999999734  )	-1.7819665323191898 0.17837375473963224
184	(   0.00020000000000000001   1.732099999999999973   )	-1.7320999600000009 0.00017049000000124437
185	(   0.00080000000000000004   1.7309000000000001052  )	-1.7308993600002047 -0.003983909999589308
186	(   0.00029999999999999997   1.75                   )	-1.749999910000004 0.06250018000000779
187	(  -0.01980000000000000163   1.7262999999999999456  )	-1.7259080368276019 -0.019104076304638618
188	(   0.02019999999999999921   1.7379000000000000004  )	-1.737492043225682 0.021112656496641513
189	(   0.00600000000000000012   1.7120999999999999552  )	-1.7120640006479846 -0.06864158870400061
190	(  -0.00559999999999999994   1.7520999999999999908  )	-1.7520686404917145 0.0699171309834492
191	(   0.0001                   1.732099999999999973   )	-1.73209999 0.00017042999999983266
192	(  -0.00020000000000000001   1.732099999999999973   )	-1.7320999600000009 0.00017049000000124437
193	(  -0.0001                   1.732099999999999973   )	-1.73209999 0.00017042999999983266
194	(  -0.00990000000000000081   1.723400000000000043   )	-1.7233019948026662 -0.029696410394039585
195	(   0.0100999999999999996    1.740799999999999903   )	-1.7406979952026662 0.030588670406039853
196	(   0.00880000000000000053   1.7220999999999999641  )	-1.722022562998322 -0.03421670400304633
197	(  -0.00860000000000000001   1.7420999999999999819  )	-1.742026042734906 0.03506033547008158
198	(  -0.000018                 1.7320549739792800992  )	-1.7320549736552802 1.4433534364144407e-5
199	(  -0.00037199999999999999   1.7319198959171200336  )	-1.7319197575331295 -0.00045319735841298225
200	(  -0.00039100000000000002   1.7320549450030200411  )	-1.7320547921220317 1.4638271438549566e-5
201	(  -0.00501799999999999989   1.7317589739792800252  )	-1.7317337939722992 -0.000960494760182673
202	(   0.00498200000000000032   1.7323509739792799511  )	-1.732326153963299 0.0010895383110085533
203	(   0.00027799999999999998   1.7270549739792799837  )	-1.7270548966952828 -0.01728096228542242
204	(  -0.00031399999999999999   1.7370549739792799926  )	-1.7370548753832848 0.01736017981816751
205	(   0.000079                 1.7320549703146399523  )	-1.73205496407364 1.4432673648201444e-5
206	(   0.00198199999999999982   1.7313909739792801012  )	-1.7313870456629958 -0.002277438559648015
207	(  -0.00201799999999999983   1.7327189739792800971  )	-1.732714901663572 0.0023231874523927942
208	(  -0.00068199999999999999   1.7300549739792800974  )	-1.7300545088553883 -0.006908856761336235
209	(   0.00064599999999999998   1.7340549739792801009  )	-1.7340545566633672 0.006947487414455722
210	(  -0.00101800000000000002   1.7317299739792799684  )	-1.731728937655817 -0.0011092245726480598
211	(   0.00098200000000000002   1.7323799739792800079  )	-1.732379009655745 0.0011423028933812418
212	(   0.00030699999999999998   1.7310549739792799873  )	-1.7310548797302845 -0.0034484885635857054
213	(  -0.00034299999999999999   1.733054973979279989   )	-1.7330548563302868 0.003479778132336797
214	(  -0.00001721               1.7320549747167599541  )	-1.7320549744205758 1.4436033444198415e-5
215	(  -0.00001484               1.7320549769291999631  )	-1.7320549767089743 1.444354566260131e-5
216	(  -0.00000773               1.73205498356651999    )	-1.7320549835067671 1.4466217123754177e-5
217	(   0.0000136                1.7320550034784800708  )	-1.73205500329352 1.4535444757157734e-5
218	(  -0.00002907               1.7320549734751700122  )	-1.732054972630105 1.4432830202082414e-5
219	(  -0.00050772999999999997   1.7319067035665201004  )	-1.7319064457768005 -0.0004986545617775562
220	(   0.00049226999999999995   1.7322032635665201017  )	-1.7322030212367965 0.0005286309700673897
221	(   0.00014055               1.7315549835665200451  )	-1.7315549638122179 -0.0017172993773431067
222	(  -0.00015600999999999999   1.732554983566519935   )	-1.7325549592274 0.0017468197594245893
223	(  -0.00009309               1.7320549432011200786  )	-1.732054934535372 1.4343598931709778e-5
224	(  -0.00028509               1.7320548523789700557  )	-1.7320547711026653 1.4174202158656612e-5
225	(  -0.00086109000000000001   1.7320545799125199871  )	-1.7320538384368067 1.4550748462127672e-5
226	(  -0.00168508999999999998   1.7320492115966499291  )	-1.7320463720723733 1.5045725554330147e-7
227	(  -0.00588508999999999994   1.7320322892496899936  )	-1.7319976555651349 5.120771671585089e-6
228	(   0.00083991000000000003   1.7320504608282800696  )	-1.732049755379721 2.0975357095665004e-7
229	(   0.00843991000000000012   1.7320542085231700469  )	-1.7319829789792462 0.00015425049845063654
230	(   0.00003991               1.7320508492399400158  )	-1.732050847647132 1.4753841348635888e-7
231	(  -0.00236009000000000002   1.7320520144749200764  )	-1.7320464444656245 1.5320927269968365e-5
232	(   0.00003991               1.7320508491849400112  )	-1.732050847592132 1.4734788855719216e-7
233	(   0.00003991               1.7320508490199399976  )	-1.732050847427132 1.4677631110515676e-7
234	(   0.00003991               1.7320508485249399566  )	-1.7320508469321318 1.450615805254074e-7
235	(   0.00003991               1.7320508470399400558  )	-1.732050845447132 1.3991738967433776e-7
236	(   0.0012399100000000001    1.7320498778907800208  )	-1.7320483405151537 -1.4574255446930806e-7
237	(  -0.00996008999999999957   1.7313838485249399834  )	-1.7312846500524632 -0.0021115524400387997
238	(   0.01003991000000000085   1.7327178485249399298  )	-1.7326170538120895 0.002512752343111657
239	(   0.00673991               1.7310508485249400668  )	-1.731005423169879 -0.003372104983911939
240	(  -0.00666008999999999959   1.7330508485249400685  )	-1.7330064927098656 0.003553959138157481
241	(   0.00003091               1.7320508486891299516  )	-1.7320508477337018 1.443555914804051e-7
242	(   0.00000391               1.7320508491816999364  )	-1.732050849166412 1.4418162397333845e-7
243	(  -0.00007709               1.7320508506594098908  )	-1.7320508447165417 1.611557216563142e-7
244	(  -0.00022509               1.7320508133720400323  )	-1.7320507627065334 1.2143376437734332e-7
245	(   0.0050039100000000003    1.7320222491816998911  )	-1.7319972103798853 -4.8849482031876335e-5
246	(  -0.00499608999999999991   1.7320794491816999816  )	-1.7320544885779303 0.00014914073120486648
247	(  -0.00028208999999999998   1.7315508491816999914  )	-1.731550769606935 -0.0017314975485911432
248	(   0.00028990999999999999   1.7325508491817001033  )	-1.7325507651338956 0.0017326130958537078
249	(  -0.00002609               1.7320508487795900354  )	-1.7320508480989019 1.4411947457659835e-7
250	(   0.00200390999999999981   1.7319915191816999123  )	-1.7319875035344745 -0.00019734615596522787
251	(  -0.00199608999999999984   1.7321101791816999604  )	-1.7321061948143495 0.00021364159131209703
252	(  -0.00058909000000000001   1.7318508491816999584  )	-1.7318505021547321 -0.0006919421344484533
253	(   0.00059690999999999998   1.7322508491816999143  )	-1.7322504928802154 0.0006937170939433912
254	(   0.00000291               1.7320508491696100517  )	-1.732050849161142 1.4412610305214457e-7
255	(  -0.00000009               1.7320508491333399537  )	-1.732050849133332 1.4398353975764167e-7
256	(  -0.00000909               1.7320508490245301036  )	-1.732050848941902 1.4377185131309034e-7
257	(  -0.00011608999999999999   1.7320508428616701035  )	-1.732050829384782 1.4921159774416992e-7
258	(  -0.00100008999999999992   1.7319614691333400369  )	-1.7319604689538322 -0.00030746907646594934
259	(   0.0009999099999999999    1.7321402291333400925  )	-1.7321392293138318 0.0003117730231156912
260	(   0.00089391000000000004   1.7319508491333399647  )	-1.7319500500585712 -0.0003446580354879991
261	(  -0.00089409000000000005   1.7321508491333399427  )	-1.7321500497367313 0.0003481629478461201
262	(  -0.00000009               1.7320508493333399702  )	-1.732050849333332 1.4467635978121507e-7
263	(  -0.00000116               1.7320508491895700853  )	-1.7320508491882245 1.4418100224844466e-7
264	(  -0.00020008999999999999   1.732032888733340048   )	-1.7320328486973329 -6.199227402348129e-5
265	(   0.00019991               1.7320688095333400813  )	-1.7320687695693329 6.244088625972921e-5
266	(   0.00017950999999999999   1.7320308491333400447  )	-1.7320308169095004 -6.907320276017259e-5
267	(  -0.00017969000000000001   1.7320708491333400847  )	-1.7320708168448444 6.949099448316787e-5
268	(  -0.00000008               1.7320508491863400025  )	-1.7320508491863336 1.4416713423059946e-7
269	(   0.000000285              1.7320508492550099611  )	-1.7320508492549287 1.4440516338254383e-7
270	(  -0.00000009               1.7320508492333399619  )	-1.732050849233332 1.443299506576068e-7
271	(  -0.00000005               1.7320508493453399268  )	-1.7320508493453375 1.4471791764947284e-7
272	(   0.00000001               1.7320508493453399268  )	-1.73205084934534 1.4471791320858074e-7
273	(  -0.00002008               1.7320499065833399044  )	-1.7320499061801335 -3.1202982309075367e-6
274	(   0.00001992               1.7320517917893401005  )	-1.7320517913925337 3.4102342763020488e-6
275	(   0.000009346              1.7320488491863399449  )	-1.7320488490989923 -6.7838575801282275e-6
276	(  -0.000009506              1.73205284918634006    )	-1.7320528490959761 7.0725552463457575e-6
277	(   0.00000992               1.7320498630363398984  )	-1.7320498629379335 -3.271758983292017e-6
278	(  -0.00001008               1.7320518353363401065  )	-1.7320518352347336 3.5604951973411403e-6
279	(  -0.0000099415             1.7320498491863400847  )	-1.7320498490875067 -3.3197359097236756e-6
280	(   0.0000097815             1.7320518491863399202  )	-1.7320518490906622 3.6084611751974194e-6
281	(  -0.00000508               1.7320512232871700942  )	-1.7320512232613636 1.4401421957188631e-6
282	(   0.00000492               1.7320504750855099108  )	-1.7320504750613035 -1.1517076465850096e-6
283	(   0.000003661008           1.7320513491863400724  )	-1.732051349172937 1.8762450268994257e-6
284	(  -0.000003821008           1.7320503491863399326  )	-1.7320503491717398 -1.5878542778402505e-6
285	(  -0.00091208999999999995   1.7320507059430600982  )	-1.732049874035238 1.311774881607164e-6
286	(  -0.00002732392217         1.7320508075493099565  )	-1.7320508068027132 1.42541090042414e-9
287	(   0.00056597431131999996   1.7320507900811199509  )	-1.7320504697542503 5.800745768169691e-7
288	(  -0.00002635289283         1.7320508075807199422  )	-1.732050806886245 1.4299743611445592e-9
289	(  -0.00002343980481         1.7320508076749498994  )	-1.7320508071255254 1.4662955294397761e-9
290	(  -0.00001470054075         1.7320508079576399929  )	-1.7320508077415342 1.7789254513900232e-9
291	(   0.00001151945925         1.7320508088057100515  )	-1.7320508086730122 4.549910670448298e-9
292	(  -0.00002188054075         1.7320508077076799403  )	-1.7320508072289218 1.4383427782149738e-9
293	(   0.00008529945925000001   1.7320504839462000923  )	-1.7320504766702023 -1.106509738502126e-6
294	(  -0.00011470054075         1.7320511319690798935  )	-1.7320511188128658 1.1500677992160036e-6
295	(  -0.00007950054075         1.732050307957639923   )	-1.732050301637304 -1.7180631726176898e-6
296	(   0.00005009945925         1.7320513079576400628  )	-1.7320513054476843 1.7384176835832932e-6
297	(   0.00001151725143         1.7320508088057100515  )	-1.732050808673063 4.549808529930033e-9
298	(  -0.00000047854075         1.7320508079832999115  )	-1.732050807983071 1.4360601596763445e-9
299	(   0.00004219145925         1.7320508080602798895  )	-1.7320508062801607 5.262506874714745e-9
300	(   0.00000102145925         1.7320508079844800786  )	-1.7320508079834367 1.4417764759855345e-9
301	(   0.00009952145925000001   1.7320506729678100122  )	-1.7320506630632893 -4.4646271479820143e-7
302	(  -0.00010047854075         1.7320509429987900329  )	-1.7320509329028528 4.893348721779489e-7
303	(  -0.00006798854074999999   1.7320506079833000168  )	-1.7320506033608583 -6.821397970924181e-7
304	(   0.00006703145925         1.7320510079833000283  )	-1.7320510034900836 7.032423985364744e-7
305	(   0.00004218745925         1.7320508080602798895  )	-1.7320508062804982 5.261831859115773e-9
306	(  -0.00005047854075         1.7320507734312200476  )	-1.732050770883137 -1.1316014614237702e-7
307	(   0.00004952145925         1.7320508425353799975  )	-1.732050840083005 1.2603226906549025e-7
308	(   0.00001679745925         1.7320507079833000752  )	-1.7320507077011453 -3.4441023943898585e-7
309	(  -0.00001775454075         1.7320509079832999699  )	-1.7320509076680763 3.4847622121247923e-7
310	(   0.00000179303891         1.7320508079832999115  )	-1.732050807980085 1.4420322713704081e-9
311	(   0.00001952145925         1.7320507725733900184  )	-1.7320507721923026 -1.2046574804358556e-7
312	(  -0.00002047854075         1.7320508433932100267  )	-1.7320508429738395 1.2493787160394731e-7
313	(  -0.00001464254075         1.7320507579832999934  )	-1.732050757768896 -1.7134066787605207e-7
314	(   0.00001368545925         1.7320508579833000518  )	-1.7320508577960083 1.750152698321017e-7
315	(  -0.00000007854075         1.7320508079832999115  )	-1.7320508079832937 1.435614294109655e-9
316	(   0.00000112145925         1.7320508079832999115  )	-1.7320508079820423 1.43811718089637e-9
317	(  -0.00000257659075         1.7320508079857099837  )	-1.732050807979071 1.4572290041314773e-9
318	(  -0.00001007854075         1.7320507912287999019  )	-1.732050791127223 -5.6400534464984275e-8
319	(   0.00000992145925         1.7320508247377999211  )	-1.7320508246393647 5.967176353038894e-8
320	(   0.00000829875925         1.7320507879833000331  )	-1.7320507879144307 -6.770869065420015e-8
321	(  -0.00000845584075         1.732050827983300012   )	-1.7320508279117988 7.086063824601752e-8
322	(   0.00000492145925         1.7320508049208300783  )	-1.7320508048966092 -9.12466280311719e-9
323	(  -0.00000507854075         1.7320508110457699669  )	-1.7320508110199784 1.2095892287788956e-8
324	(   0.00000145269525         1.7320508179833000728  )	-1.7320508179811898 3.608083964934394e-8
325	(  -0.00000160977675         1.7320507979832999723  )	-1.7320507979807085 -3.320023100883418e-8
326	(  -0.00000039177592         1.7320508079832999115  )	-1.7320508079831465 1.4359091693449955e-9
327	(   0.00000192145925         1.7320508069259199502  )	-1.732050806922228 -2.2198856086674823e-9
328	(  -0.00000207854075         1.732050809040680095   )	-1.7320508090363598 5.10711473111769e-9
329	(   0.00000034441325         1.7320508129833001032  )	-1.7320508129831815 1.8756347586190714e-8
330	(  -0.00000050149475         1.7320508029832999419  )	-1.7320508029830484 -1.5884402682075915e-8
331	(  -0.00000107854075         1.7320508084122199222  )	-1.7320508084110566 2.923751019068277e-9
332	(   0.00000092145925         1.7320508075543799009  )	-1.7320508075535308 -4.852207524663754e-11
333	(   0.00000013592025         1.732050809983300077   )	-1.7320508099832816 8.363842951553124e-9
334	(  -0.00000029300175         1.7320508059832999681  )	-1.732050805983214 -5.492429178133307e-9
335	(  -0.00000057854075         1.7320508082136500949  )	-1.7320508082133155 2.2342279137888e-9
336	(   0.00000042145925         1.7320508077529499502  )	-1.7320508077527723 6.380016515095122e-10
337	(   0.00000003663609         1.7320508089832999943  )	-1.7320508089832987 4.899706418370897e-9
338	(  -0.00000019371759         1.7320508069833000508  )	-1.7320508069832625 -2.0284240953571953e-9
339	(   0.00000012145925         1.7320508082258099236  )	-1.7320508082257953 2.2757102868808943e-9
340	(  -0.00000027854075         1.7320508077407898995  )	-1.7320508077407124 5.956781734539618e-10
341	(  -0.00000017554565         1.7320508084832999529  )	-1.732050808483269 3.1677149792130876e-9
342	(   0.00000001846415         1.7320508074833000922  )	-1.7320508074832996 -2.964473111433108e-10
343	(  -0.00000017854075         1.7320508079832999115  )	-1.732050807983268 1.4356658084579976e-9
344	(   0.00000002145925         1.7320508080331800116  )	-1.7320508080331796 1.60839253027234e-9
345	(  -0.00000017854075         1.7320508079334200335  )	-1.732050807933388 1.2628769141542762e-9
346	(  -0.00000010348308         1.7320508081832999281  )	-1.7320508081832893 2.128443199467256e-9
347	(  -0.00000005359842         1.732050807783299895   )	-1.732050807783297 7.427871651088935e-10
348	(  -0.00000002854075         1.7320508080774499327  )	-1.732050808077449 1.7617489689314425e-9
349	(  -0.00000012854075         1.7320508078891498904  )	-1.7320508078891335 1.1094893892504842e-9
350	(  -0.00000012561638         1.7320508080832999198  )	-1.7320508080832842 1.7820438458215904e-9
351	(  -0.00000003146512         1.7320508078832999033  )	-1.732050807883299 1.0891936241819167e-9
352	(   0.00000392145925         1.7320508062676200911  )	-1.7320508062522422 -4.476931270147588e-9
353	(   0.00000186145925         1.7320508075720000285  )	-1.732050807568535 1.7747581182447902e-11
354	(   0.00000468145925         1.7320508076248599671  )	-1.732050807602944 2.377618102400447e-10
355	(   0.00000073645925         1.732050807572530049   )	-1.7320508075719876 1.3738343795921537e-11
356	(  -0.00000263854075         1.7320508075741201104  )	-1.7320508075671581 3.2085445411667024e-11
357	(   0.00000087145925         1.7320508075583600505  )	-1.7320508075576007 -3.491384958920207e-11
358	(   0.00000023645925         1.7320508075584899466  )	-1.732050807558434 -3.587086183642896e-11
359	(   0.00000123645925         1.7320508075865699293  )	-1.7320508075850412 6.434675015043467e-11
360	(   0.00000070136844         1.7320508077725300655  )	-1.7320508077720382 7.064571150294796e-10
361	(   0.00000077155006         1.7320508073725300324  )	-1.7320508073719347 -6.789764306347479e-10
362	(   0.00000067145925         1.732050807572530049   )	-1.7320508075720793 1.3555379041463311e-11
363	(   0.00000047645925         1.732050807572530049   )	-1.7320508075723031 1.3107737117934448e-11
364	(  -0.00000010854075         1.732050807572530049   )	-1.7320508075725183 1.2676970584379887e-11
365	(  -0.00000186354075         1.732050807572530049   )	-1.7320508075690573 1.9598545009102963e-11
366	(  -0.00000038854075         1.732050807572530049   )	-1.732050807572379 1.2954970429746027e-11
367	(  -0.00000210854075         1.7320508074836300505  )	-1.732050807479184 -2.8641311544674863e-10
368	(   0.00000189145925         1.7320508076614300474  )	-1.7320508076578525 3.277671467571963e-10
369	(   0.00000166946425         1.7320508074725300407  )	-1.732050807469743 -3.281823701684061e-10
370	(  -0.00000188654575         1.7320508076725300572  )	-1.732050807668971 3.6618175158764643e-10
371	(  -0.00000110854075         1.7320508075247600388  )	-1.7320508075235312 -1.5036905054444105e-10
372	(   0.00000089145925         1.7320508076203000591  )	-1.7320508076195054 1.7972290322632034e-10
373	(   0.00000084685625         1.7320508075225300448  )	-1.7320508075218128 -1.5911716388927744e-10
374	(  -0.00000106393775         1.7320508076225300531  )	-1.732050807621398 1.8812240654142443e-10
375	(  -0.00000019274075         1.7320508075723299868  )	-1.732050807572293 1.2034817586936697e-11
376	(  -0.00000060854075         1.7320508075755101096  )	-1.7320508075751397 2.3717916519672144e-11
377	(   0.00000039145925         1.7320508075695499883  )	-1.7320508075693968 2.6361135496699717e-12
378	(  -0.00000003393667         1.7320508075925300506  )	-1.732050807592529 8.193801193101535e-11
379	(  -0.00000018314483         1.7320508075525300473  )	-1.7320508075524965 -5.6561422212553225e-11
380	(  -0.00000007604075         1.732050807572530049   )	-1.7320508075725243 1.2665424264923786e-11
381	(  -0.00000020854075         1.7320508075744600607  )	-1.7320508075744165 1.942623839568114e-11
382	(  -0.00000000854075         1.7320508075706000373  )	-1.7320508075706 5.9676708019651414e-12
383	(  -0.00000007001366         1.7320508075775300494  )	-1.7320508075775252 2.998401527065653e-11
384	(  -0.00000014706784         1.7320508075675300486  )	-1.7320508075675085 -4.623856852958852e-12
385	(  -0.00000015854075         1.7320508075728500152  )	-1.732050807572825 1.3812062604756647e-11
386	(  -0.00000012854075         1.7320508075729599273  )	-1.7320508075729435 1.4175327578413999e-11
387	(  -0.00000009951393         1.7320508075730300934  )	-1.73205080757302 1.4406253967536031e-11
388	(  -0.00000010891289         1.7320508075727298891  )	-1.7320508075727181 1.3368861573326285e-11
389	(  -0.00000011729075         1.7320508075727800712  )	-1.7320508075727663 1.354649725726631e-11
390	(  -0.00000010754075         1.732050807572560025   )	-1.7320508075725485 1.2780887459484802e-11
391	(  -0.00000011402734         1.7320508075727800712  )	-1.732050807572767 1.354560907884661e-11
392	(  -0.00000010840234         1.7320508075727800712  )	-1.7320508075727683 1.354294454358751e-11
393	(  -0.00000010855312         1.732050807572540041   )	-1.7320508075725283 1.2711609542748192e-11
394	(  -0.00000011078405         1.7320508075726599451  )	-1.7320508075726477 1.3127277043167851e-11
395	(  -0.0000001091624          1.7320508075726599451  )	-1.732050807572648 1.3127277043167851e-11
396	(  -0.00000010853075         1.732050807572530049   )	-1.7320508075725183 1.2676970584379887e-11
397	(  -0.00000010855075         1.732050807572530049   )	-1.7320508075725183 1.2676970584379887e-11
398	(  -0.00000010854441         1.732050807572530049   )	-1.7320508075725183 1.2676970584379887e-11
399	(  -0.00000010853709         1.732050807572530049   )	-1.7320508075725183 1.2676970584379887e-11
400	(   0.00000189145925         1.7320508075606100284  )	-1.7320508075570324 -2.148325961570663e-11
401	(   0.00000092145925         1.7320508075684200033  )	-1.732050807567571 1.1368683772161603e-13
402	(   0.00000251145925         1.7320508075650300484  )	-1.7320508075587226 -7.123190925995004e-13
403	(   0.00000023645925         1.7320508075689200478  )	-1.732050807568864 2.602362769721367e-13
404	(  -0.00000181854075         1.7320508075704199591  )	-1.7320508075671128 1.1958434242842486e-11
405	(   0.00000046392925         1.7320508075687099936  )	-1.7320508075684948 -1.4921397450962104e-13
406	(   0.00000023655925         1.7320508075689300398  )	-1.732050807568874 2.948752353404416e-13
407	(   0.00000023635925         1.7320508075689200478  )	-1.732050807568864 2.602362769721367e-13
408	(   0.00000023655598         1.7320508075689200478  )	-1.732050807568864 2.602362769721367e-13
409	(   0.00000023636252         1.7320508075689300398  )	-1.732050807568874 2.948752353404416e-13
410	(   0.00000023646698         1.7320508075689200478  )	-1.732050807568864 2.602362769721367e-13
411	(   0.00000023645152         1.7320508075689200478  )	-1.732050807568864 2.602362769721367e-13
412	(   0.00000023640925         1.7320508075689200478  )	-1.732050807568864 2.602362769721367e-13
413	(   0.00000023650925         1.7320508075689200478  )	-1.732050807568864 2.602362769721367e-13
414	(   0.00000023647925         1.7320508075689200478  )	-1.732050807568864 2.602362769721367e-13
415	(   0.00000023643925         1.7320508075689200478  )	-1.732050807568864 2.602362769721367e-13
416	(   0.00000023647381         1.7320508075689200478  )	-1.732050807568864 2.602362769721367e-13
417	(   0.00000023644469         1.7320508075689200478  )	-1.732050807568864 2.602362769721367e-13
418	(   0.00000023644925         1.7320508075689200478  )	-1.732050807568864 2.602362769721367e-13
419	(   0.00000023646925         1.7320508075689200478  )	-1.732050807568864 2.602362769721367e-13
420	(   0.00000023646033         1.7320508075689200478  )	-1.732050807568864 2.602362769721367e-13
421	(   0.00000023645817         1.7320508075689200478  )	-1.732050807568864 2.602362769721367e-13
422	(   0.00000023645801         1.7320508075689200478  )	-1.732050807568864 2.602362769721367e-13
423	(   0.00000023646049         1.7320508075689200478  )	-1.732050807568864 2.602362769721367e-13
424	(   0.00000023645425         1.7320508075689200478  )	-1.732050807568864 2.602362769721367e-13
425	(   0.00000023646425         1.7320508075689200478  )	-1.732050807568864 2.602362769721367e-13
426	(   0.00000114633925         1.732050807568080053   )	-1.732050807566766 -1.3367085216486885e-13
427	(   0.00000023835925         1.7320508075688398897  )	-1.732050807568783 -1.5987211554602254e-14
428	(  -0.00000043835075         1.7320508075692300221  )	-1.732050807569038 1.6058265828178264e-12
429	(   0.00000023835042         1.7320508075688398897  )	-1.732050807568783 -1.5987211554602254e-14
430	(   0.00000023836808         1.7320508075688398897  )	-1.732050807568783 -1.5987211554602254e-14
431	(   0.00000023837925         1.7320508075688398897  )	-1.732050807568783 -1.5987211554602254e-14
432	(   0.00000023833925         1.7320508075688398897  )	-1.732050807568783 -1.5987211554602254e-14
433	(   0.00000023836254         1.7320508075688398897  )	-1.732050807568783 -1.5987211554602254e-14
434	(   0.00000023835596         1.7320508075688398897  )	-1.732050807568783 -1.5987211554602254e-14
435	(   0.00000023834925         1.7320508075688398897  )	-1.732050807568783 -1.5987211554602254e-14
436	(   0.00000023836925         1.7320508075688398897  )	-1.732050807568783 -1.5987211554602254e-14
437	(   0.00000023835425         1.7320508075688398897  )	-1.732050807568783 -1.5987211554602254e-14
438	(   0.00000023836425         1.7320508075688398897  )	-1.732050807568783 -1.5987211554602254e-14
439	(   0.00000023835685         1.7320508075688398897  )	-1.732050807568783 -1.5987211554602254e-14
440	(   0.00000023836165         1.7320508075688398897  )	-1.732050807568783 -1.5987211554602254e-14
441	(   0.00000023836125         1.7320508075688398897  )	-1.732050807568783 -1.5987211554602254e-14
442	(   0.00000023835725         1.7320508075688398897  )	-1.732050807568783 -1.5987211554602254e-14
443	(   0.00000023836114         1.7320508075688398897  )	-1.732050807568783 -1.5987211554602254e-14
444	(   0.00000023835736         1.7320508075688398897  )	-1.732050807568783 -1.5987211554602254e-14
445	(   0.00000023835825         1.7320508075688398897  )	-1.732050807568783 -1.5987211554602254e-14
446	(   0.00000023836025         1.7320508075688398897  )	-1.732050807568783 -1.5987211554602254e-14
447	(   0.00000023835897         1.7320508075688398897  )	-1.732050807568783 -1.5987211554602254e-14
448	(   0.00000023835953         1.7320508075688398897  )	-1.732050807568783 -1.5987211554602254e-14
449	(   0.00000023835975         1.7320508075688398897  )	-1.732050807568783 -1.5987211554602254e-14
450	(   0.00000023835875         1.7320508075688398897  )	-1.732050807568783 -1.5987211554602254e-14
451	(   0.00000023835905         1.7320508075688398897  )	-1.732050807568783 -1.5987211554602254e-14
452	(   0.00000023835945         1.7320508075688398897  )	-1.732050807568783 -1.5987211554602254e-14
