4.999754 7.607900 0.009291 0.000629
9.161954 7.607900 33.318909 8.433429
9.488174 5.607900 36.774909 0.999371
5.325974 7.607900 1.446709 0.999371
4.693534 8.607900 94.963291 1.000629
5.672194 5.607900 36.068709 6.433429
2.245114 10.607900 32.249491 4.432171
4.244816 7.997900 0.365551 1.073599
3.926962 11.207900 30.567643 4.432171
3.362434 9.108000 31.962391 0.586187
5.031476 7.847900 0.022431 0.073599
4.192738 7.888300 0.816307 3.967029
4.874866 7.647900 29.031821 0.601653
4.706012 6.818000 31.992747 2.656015
8.213602 6.128000 35.500337 2.864299
6.342629 7.340300 1.399055 0.211455
6.222946 7.090400 1.165445 4.394027
4.640290 7.576800 0.446959 1.721329
6.627602 7.997900 0.143473 1.197681
4.690981 7.517900 0.070595 0.470315
5.296261 8.663500 0.480127 0.110337
5.088720 7.419500 0.020849 0.030315
4.909388 8.514300 1.947365 1.353909
5.224808 7.370000 0.582271 0.375487
5.895096 7.202800 0.367595 2.016015
5.564277 7.277500 0.006143 1.124879
5.716238 7.325500 0.417541 0.901455
5.523570 7.301500 0.468589 0.657627
6.550729 7.172300 0.554845 0.461739
6.017617 7.215500 0.325755 0.465083
4.906596 7.150300 1.274769 0.881455
4.366426 7.056800 3.054041 1.147627
5.993022 7.406800 0.155075 1.392651
5.288852 7.280300 0.005121 0.373599
5.890895 7.238000 0.504321 0.996907
5.713141 7.203500 0.250373 0.827595
5.580433 7.130300 0.246103 0.145487
5.555828 7.084300 0.071215 0.353909
5.610695 7.346300 0.761023 0.213599
5.562317 7.194800 0.211625 0.567627
6.713347 7.239500 1.425795 0.110629
5.278675 7.160400 0.491957 0.617627
6.178351 7.022000 0.318949 0.467627
5.955019 7.077900 0.075839 0.467627
5.911292 7.030400 0.183925 0.115825
5.976892 6.957900 0.286997 0.638049
6.235074 7.018000 0.015105 0.341653
6.059336 7.037900 0.149475 0.150197
5.214336 6.906300 0.748787 0.610933
4.695446 6.780800 1.933463 1.110241
6.405570 6.824300 0.019621 1.254245
6.104643 6.902300 0.040365 0.775477
6.431620 6.800400 0.126501 0.550821
6.192504 6.872000 0.169449 0.503793
5.885256 6.764800 0.678629 1.902353
6.094902 6.954000 0.000315 0.115825
6.510536 7.075500 0.447141 1.482651
8.103739 6.198000 0.693257 0.545477
7.192274 6.472800 0.347817 1.321329
6.883834 6.597900 0.009037 1.055617
7.941429 6.698000 15.854903 1.123105
8.060714 6.234000 5.083585 1.882353
8.143672 6.212800 16.022061 0.797627
8.230736 6.240300 15.119543 0.405487
9.072179 5.998300 1.027177 0.700933
8.274446 5.750400 30.286377 0.273035
12.457499 5.400400 2.504137 1.172101
12.480621 5.327900 8.743743 1.102101
10.691345 5.652800 1.415197 1.440213
13.603897 5.102000 2.813451 1.884609
12.428239 5.365500 2.230655 1.711525
10.688040 5.672300 1.722797 1.450213
14.538349 4.986300 3.733839 1.500469
8.417137 6.178300 0.644151 1.143073
6.473183 6.414800 0.752423 2.263749
9.138503 5.797900 0.339423 1.611525
8.819274 6.058300 0.448047 1.103073
12.249109 5.340400 2.066409 1.691525
11.040093 5.590400 3.037351 1.660897
12.259079 5.290400 4.346809 1.742353
12.043885 5.613500 9.518565 2.511521
12.233653 4.876800 23.211483 2.008805
12.251392 5.507500 12.236189 3.526085
12.245790 5.350400 2.376609 1.380213
17.734190 4.480000 4.770045 2.464661
11.494244 5.528800 5.380585 1.221329
10.196960 5.604000 0.419337 1.987665
9.239293 5.710800 0.121501 2.361633
5.485784 6.744000 4.291839 3.236085
14.565022 4.857900 4.787399 2.275503
9.454652 5.708300 0.322971 1.500897
8.133758 5.997500 1.643865 1.420469
9.454652 6.748300 0.322971 1.500897
15.616852 4.708300 27.486771 1.500897
15.616852 4.708300 5.839229 1.500897
9.130432 6.708300 32.744971 2.500897
9.454652 6.668300 0.322971 1.500897
9.454652 5.708300 31.003029 5.551903
15.616852 4.708300 27.486771 5.551903
5.292452 6.708300 37.811171 5.551903
7.462928 6.550400 2.314695 0.083793
15.748719 4.317900 13.271211 1.804767
12.932415 5.276300 3.055591 1.550469
10.014577 5.660400 0.191211 1.641525
9.759411 5.240400 17.633315 1.222353
9.516410 5.970400 2.510289 0.912101
12.989079 5.062800 0.643031 0.823073
9.169044 5.864800 17.995501 1.914609
9.639394 5.738800 0.451717 2.134875
10.252985 5.720000 0.673181 1.741525
24.913785 3.274800 4.729691 1.535083
17.714053 4.510400 0.855635 2.526187
11.482895 5.240000 2.453939 0.418347
11.640100 5.272300 1.346453 0.100821
9.918842 5.956000 10.672109 0.099803
10.380355 5.034300 19.081977 4.430645
11.821669 4.936300 7.971549 3.253327
12.207544 5.592800 2.139433 1.874609
12.334122 5.239500 19.191949 1.783381
20.861085 4.048800 2.006557 1.622651
57.960603 1.126800 2.683079 7.653023
24.772321 3.678800 13.967811 2.644661
20.411626 3.977900 2.128409 2.993327
12.224230 5.226000 0.470833 0.393105
18.778030 4.374800 0.838033 0.754943
23.179701 3.947500 3.588137 0.961455
21.966595 3.982300 1.077589 1.572651
19.032325 4.302300 0.118959 1.165083
25.836456 3.536800 1.644153 2.605643
15.046935 4.810000 0.585787 0.364175
33.265103 2.806000 3.410257 3.880575
25.893494 3.390800 7.347993 1.049371
28.586806 3.286000 2.080849 2.694299
18.004476 4.420000 0.250347 0.953599
17.805604 4.620400 11.329951 2.820783
20.247757 3.996300 3.967293 2.063749
21.022087 4.558800 10.216829 0.566965
23.422156 4.132300 15.327817 4.179999
24.130459 4.258300 22.281001 0.044175
27.397344 2.797900 28.643501 2.551791
19.805343 4.330000 0.213779 1.903019
14.086227 4.966800 0.409865 0.059663
24.408620 3.700000 1.212123 2.084047
21.788422 4.004300 5.714615 2.205503
23.755706 3.790000 2.208149 1.562651
22.121321 3.759500 12.123991 1.335083
21.943333 4.044300 2.565691 0.016091
22.121321 3.820400 2.246191 1.335083
21.956614 4.023500 0.079429 1.542651
21.926777 4.166300 2.904251 1.452651
24.906969 3.345500 4.048051 0.542319
24.671950 3.730400 1.807649 1.891791
19.516322 4.252300 0.055589 1.155083
21.862126 3.778800 1.323065 1.271455
21.689614 2.838800 15.193733 0.679067
21.948580 2.808800 17.861819 5.579999
25.037396 3.428800 6.823455 2.070363
20.492174 3.938800 6.241353 1.491739
20.157686 3.978800 2.275105 0.219663
21.101296 4.828800 41.231025 3.707855
21.517970 2.858800 20.172489 2.854879
21.688082 4.858800 2.189579 2.495931
21.885394 4.738800 47.941447 3.331633
24.662108 3.468800 23.734647 0.243105
21.590377 3.247500 5.269973 0.399067
23.286652 3.610400 0.257063 0.153035
19.156586 4.149500 0.061599 0.169663
16.845511 4.378000 0.700339 0.851329
20.331279 3.937900 0.872731 0.163035
23.133265 3.550400 0.255493 0.156207
25.112069 3.224800 0.192975 0.335617
21.797017 3.517900 0.070099 1.030897
21.933384 3.596800 1.627015 1.709493
21.879012 3.728300 0.342385 0.574175
25.995560 3.077900 0.037873 0.334245
24.176434 3.337500 0.062085 0.188961
27.077647 2.945500 1.110855 0.531329
21.895948 3.681500 0.646095 0.011951
25.338612 3.135500 0.625901 1.182353
22.695835 3.572800 0.153323 0.109179
25.704963 3.117900 0.774227 0.581329
22.795154 3.537900 0.422595 0.170933
26.279182 3.298300 0.052601 0.750459
22.825855 3.463500 0.058595 0.552101
24.426508 3.152000 0.163799 0.710213
25.055284 2.937900 0.419171 1.074609
26.057664 2.942000 0.287007 1.113381
23.535780 3.402300 0.024619 0.188961
26.250108 2.905500 0.596757 0.790469
25.362728 3.056300 0.413499 0.630385
27.619616 2.755500 0.582825 0.550385
26.422579 2.926300 0.437481 0.530757
31.963340 2.310300 0.757029 0.159067
29.868542 2.732300 0.510111 0.296207
28.667923 2.776800 0.303567 0.078961
33.112312 2.001500 4.271049 0.132101
31.711138 2.109500 2.861983 1.877627
32.123749 2.520300 1.074247 0.386207
32.550684 2.978300 15.575717 0.880315
31.256820 2.828800 23.882781 1.130213
31.516908 1.682800 29.513055 0.344609
47.111312 1.017900 3.223641 2.190223
33.063449 2.205500 8.439529 1.154609
33.874266 2.271500 0.010575 0.606091
31.914981 2.418000 0.090669 0.329179
34.159798 1.761500 15.784947 1.334175
34.804884 2.094300 11.227001 0.145617
33.874266 2.461500 0.336185 0.606091
32.827249 2.214300 5.793365 0.640213
34.510956 2.309500 9.741043 0.980241
34.445334 2.836000 18.042561 1.534879
39.999310 2.846300 1.674987 1.870363
34.743032 2.284800 5.041841 1.204943
37.090970 1.922800 0.334639 0.904175
34.904005 2.118000 0.067197 0.666091
35.939650 2.127500 1.992861 1.374943
37.265880 1.427900 16.806001 1.404175
38.286456 1.800300 9.189021 1.994767
37.566758 1.966800 6.220911 1.300315
37.328463 1.916800 1.643765 0.640385
37.190676 2.786000 0.539877 1.675083
47.682471 0.877900 0.654031 1.787627
53.964328 1.110800 10.338817 4.206859
41.899762 1.592800 3.838201 2.594047
30.116275 2.278300 0.263649 5.788033
19.889551 3.410400 3.113525 15.563861
44.742520 1.967500 7.606205 0.129067
39.357042 1.698800 3.026881 1.009803
58.859246 0.992000 4.256691 7.557567
36.249624 1.863500 0.333935 1.701633
41.948036 1.750400 5.464719 0.580385
41.913514 1.554300 1.710881 1.841739
35.195920 2.488000 4.532311 0.247189
43.960411 1.334800 1.210833 1.617627
43.457114 0.918800 0.927421 0.110469
45.372409 1.244000 2.823207 1.161457
45.922784 0.754300 4.108861 0.451039
40.980145 1.457900 1.176775 0.892319
42.886874 0.861500 1.994667 0.857665
42.578395 1.038800 1.010791 0.130757
51.844279 0.608800 0.319829 3.195503
39.931615 1.417500 0.249913 0.440213
41.796558 0.915500 2.477445 0.839493
43.381845 1.198800 0.429743 1.038347
36.810846 1.495500 0.353193 1.338805
41.446357 0.885500 1.509669 1.357889
41.036020 1.302800 0.588095 0.359067
47.706952 0.804300 0.010791 1.560315
39.390440 1.300300 0.104637 0.581525
39.231996 1.147900 0.644487 1.501317
42.288774 1.170400 0.087315 0.466895
38.884854 4.690000 2.947923 1.996187
44.534928 0.756000 25.136759 0.325755
43.533773 0.998300 0.066823 0.464383
42.617414 1.036800 0.013351 0.216927
43.059552 0.862300 0.587055 0.402353
42.516848 0.957900 0.170007 0.190241
41.534177 1.188800 1.333231 0.089243
42.348804 1.020400 0.223995 0.070757
42.216940 0.732000 0.736881 1.454945
43.602082 0.590000 2.122023 0.383381
43.370159 0.910000 0.343899 0.486037
43.066744 0.918800 0.203615 0.220897
41.908753 0.706000 15.691515 0.039103
41.647618 1.436000 21.427845 0.690897
42.829109 1.618800 0.656331 0.180897
43.066744 0.918800 0.203615 1.349663
42.745866 0.360400 10.915887 0.279103
44.023925 0.446000 10.534869 0.681521
44.737659 1.148300 0.291239 0.317665
43.926476 0.708800 8.805531 1.269663
42.038230 0.915500 0.010961 0.777665
43.157184 0.972800 0.044377 0.158671
41.761436 1.710400 23.094003 1.536177
42.511568 1.260300 10.597951 0.619179
42.606778 0.618800 2.190767 0.424609
44.100259 1.002000 17.107807 0.264383
42.267734 0.907900 3.970561 1.569663
43.344824 0.910400 3.347859 0.150897
44.182120 0.928000 8.921647 1.614945
42.117174 1.175500 0.270470 0.399067
43.054123 0.919800 0.190994 0.220897
42.186412 0.747000 7.346080 1.421317
43.057722 0.848900 0.182954 0.453381
42.913644 0.893300 0.097052 0.260897
42.493600 0.911000 0.183574 0.380897
43.375654 0.537300 0.080722 0.030897
42.985848 0.671400 0.063748 0.629493
43.069842 1.061400 20.000024 0.936037
42.105105 0.668900 1.674942 0.169787
43.364754 1.037300 0.427362 0.099759
42.973443 0.364500 2.197030 0.237665
43.578547 0.634500 11.248718 0.624383
43.585767 0.597000 0.467558 0.089787
44.778830 0.223500 0.659644 0.659103
43.607476 0.625000 0.222322 0.309243
43.505993 0.473800 0.334420 0.020897
42.065316 0.764500 4.540982 0.504609
42.605113 1.107300 1.546294 0.151525
43.307160 0.045000 18.469234 0.469103
43.119214 0.551300 8.174246 0.040897
42.989479 0.567800 0.814708 0.744383
44.292270 0.517000 2.244152 0.284609
44.006263 0.141800 4.327325 0.289493
43.912953 0.302500 0.471910 0.151298
43.663812 0.422300 0.237017 0.053252
43.702887 0.230200 7.438255 0.163003
44.297775 0.390400 0.409033 0.114849
43.263215 0.609900 0.181286 0.341032
43.794418 0.480600 0.504351 0.394321
43.571460 0.463500 4.793917 0.191221
43.832427 0.423100 2.134884 0.089689
44.534011 0.197300 0.716209 0.305593
42.701632 0.394000 0.895047 0.088968
44.241454 0.310700 0.106500 0.356152
43.996771 0.353000 0.059669 0.185286
43.266850 0.599900 0.553794 0.331032
43.840792 0.152800 4.161853 0.130593
44.325908 0.307700 0.352514 0.203251
44.119290 0.351100 0.182188 0.144350
43.460384 0.394800 0.476718 0.392369
44.087904 0.386700 0.187075 0.012993
44.672636 0.236500 0.263156 0.333395
43.697177 0.444300 0.179480 0.058188
44.394161 0.311900 0.444964 0.249785
43.845488 0.392000 0.067430 0.102658
43.658127 0.514800 0.177995 0.156171
44.097406 0.335100 0.148208 0.233765
43.365287 0.421500 0.537369 0.396790
44.434516 0.524800 6.324542 0.123756
43.486574 0.627000 7.272484 0.123756
43.923353 0.387500 4.846756 0.175333
43.799439 0.446700 2.651694 0.298284
44.424886 0.163700 5.927420 0.447796
43.947304 0.222900 4.119263 0.075151
43.816726 0.459400 0.163750 0.089290
44.134441 0.332200 0.039228 0.244980
43.974341 0.395600 0.165415 0.037960
44.004772 0.379500 0.087430 0.087384
43.953089 0.336600 0.094291 0.294200
44.053256 0.374000 0.024556 0.080951
43.895151 0.380400 0.226936 0.136395
44.064389 0.352200 0.261864 0.147563
43.802051 0.384000 0.298600 0.086125
44.029426 0.329000 3.675159 0.150247
44.057085 0.399700 0.117304 0.079342
43.951790 0.480800 2.900484 0.011497
44.041949 0.384600 0.030600 0.090297
44.442494 0.292200 0.313958 0.246554
44.198882 0.358700 0.360652 0.061643
44.569610 0.154800 5.572565 0.177524
43.840912 0.435900 0.147612 0.103024
44.063113 0.348300 0.114795 0.162818
44.217877 0.345900 0.027519 0.066010
44.125855 0.354700 0.096214 0.077276
44.156885 0.379200 0.032064 0.060406
44.117095 0.369000 0.129481 0.003651
44.127682 0.395600 0.018801 0.125362
44.079883 0.358300 0.091349 0.090951
44.215505 0.357400 0.145716 0.052829
44.057085 0.373700 0.031381 0.052790
44.182079 0.351400 0.056876 0.177692
44.078786 0.370500 0.143460 0.018122
43.973483 0.336600 0.105747 0.227738
43.948475 0.434200 0.901497 0.067637
44.189306 0.251000 4.117771 0.080582
44.205090 0.362900 0.111914 0.049103
44.098304 0.383900 3.047377 0.108381
44.303602 0.339200 0.195475 0.038633
44.713658 0.291600 0.037162 0.021071
44.415244 0.353700 3.482609 0.054400
44.272698 0.339100 0.047665 0.076010
44.257345 0.333800 0.155724 0.071985
44.993315 0.216800 2.392193 0.011025
44.650259 0.311100 0.728453 0.066070
44.728475 0.187000 3.829592 0.251497
44.729096 0.290400 1.923310 0.015424
44.926419 0.348300 2.374026 0.112015
44.771976 0.292500 0.677153 0.027176
46.218255 0.398700 0.072868 0.114782
44.982567 0.127500 4.099147 0.078975
44.578701 0.310200 0.179385 0.071855
44.187192 0.347800 0.019261 0.057960
44.533957 0.317800 0.019701 0.040100
44.433896 0.316800 0.222807 0.054605
44.511050 0.318800 0.241542 0.028488
44.321338 0.329700 0.055161 0.060714
44.647496 0.272800 0.691131 0.110673
44.467770 0.279300 1.009762 0.107492
44.737703 0.268000 1.089784 0.076547
44.687053 0.299100 0.807038 0.040905
44.584610 0.406900 4.145821 0.091839
44.713658 0.291600 0.520284 0.013810
44.890059 0.226565 1.428493 0.103859
44.593381 0.320184 0.042989 0.036008
44.311279 0.331384 0.030085 0.058519
44.579162 0.310208 0.758581 0.003297
44.651667 0.356941 1.754492 0.020056
44.706117 0.290618 0.575182 0.026684
44.722450 0.292710 0.121248 0.097543
44.816398 0.324772 1.889506 0.053140
44.906086 0.208221 3.475369 0.089371
44.725413 0.289118 0.141346 0.017003
45.005610 0.296934 0.021334 0.026200
44.831500 0.296204 0.021449 0.034295
44.706060 0.314134 0.225442 0.041539
44.718361 0.296166 0.031816 0.062864
44.885412 0.273422 0.032136 0.030920
44.812319 0.284581 0.036642 0.032218
44.817116 0.297738 0.108580 0.055479
44.794171 0.295245 0.046079 0.045840
45.113758 0.260894 0.015762 0.034640
44.968431 0.274566 0.008895 0.035983
45.086823 0.269057 0.040493 0.000516
44.994560 0.275070 0.022334 0.016126
45.127996 0.257439 0.091610 0.000549
44.877498 0.285682 0.014525 0.034231
44.865036 0.267779 0.008161 0.022319
44.794870 0.274777 0.007117 0.020478
45.218355 0.248932 0.015944 0.027986
45.091920 0.258840 0.000017 0.026308
45.190324 0.238430 0.032752 0.012319
45.347164 0.215479 0.060399 0.001348
45.367412 0.228522 0.001811 0.003773
45.005669 0.261618 0.024466 0.024166
45.132848 0.236440 0.016834 0.043639
45.155888 0.230449 0.043644 0.065225
45.462976 0.227717 0.008172 0.030438
45.014116 0.254376 0.004300 0.024301
45.324971 0.221534 0.019444 0.028589
45.245044 0.231536 0.008535 0.027508
45.301166 0.214676 0.022971 0.015752
45.394989 0.202250 0.036931 0.006204
45.553939 0.188663 0.011142 0.018774
45.418685 0.205029 0.011099 0.020202
45.483211 0.189766 0.046349 0.011463
45.416929 0.198157 0.030692 0.015620
45.709751 0.163938 0.072216 0.017103
45.565165 0.181993 0.048801 0.001896
45.670811 0.168565 0.111948 0.020332
45.411319 0.204089 0.015129 0.016418
45.674297 0.169991 0.012409 0.013004
45.838298 0.162144 0.011173 0.018731
45.803808 0.152542 0.014284 0.013093
46.008951 0.129909 0.008822 0.016591
46.027003 0.127783 0.035558 0.002924
45.564830 0.182039 0.019051 0.013048
46.627245 0.071083 0.006464 0.027073
46.649586 0.073072 0.200550 0.028419
46.627539 0.052591 0.839159 0.047865
46.573616 0.091194 0.119648 0.023726
46.692151 0.070370 0.201299 0.026210
46.625020 0.071917 0.010721 0.013794
46.618344 0.074426 0.062270 0.136693
46.576277 0.082249 0.651252 0.020894
46.690804 0.068782 0.606053 0.057562
46.604877 0.078859 0.339679 0.001313
46.662177 0.072044 0.294537 0.038007
46.619198 0.077130 0.180175 0.008520
46.605280 0.079887 0.161928 0.000242
46.528058 0.085988 0.255381 0.007922
46.651108 0.074249 0.086132 0.017704
46.613702 0.078054 0.233163 0.013468
46.617824 0.077345 0.078693 0.009757
46.632655 0.074635 0.205338 0.025591
46.612123 0.078448 0.070178 0.006580
46.679755 0.058598 0.154709 0.004768
46.600139 0.082823 0.052032 0.016605
46.581860 0.078337 0.107920 0.000831
46.633772 0.075319 0.034835 0.013436
46.621486 0.074490 0.100851 0.010185
46.618749 0.076594 0.032886 0.009887
46.629839 0.072681 0.088535 0.014689
46.616542 0.077025 0.030540 0.008582
46.648383 0.066145 0.066035 0.001431
46.612216 0.078562 0.019741 0.012863
46.606153 0.074691 0.040496 0.004453
46.626848 0.075211 0.012278 0.011141
46.624414 0.072872 0.045294 0.008504
46.620147 0.075720 0.017067 0.009491
46.628048 0.071955 0.040171 0.010129
46.619437 0.075716 0.016591 0.009020
46.635256 0.069357 0.023924 0.004294
46.629487 0.071684 0.012087 0.006411
46.631083 0.070482 0.035117 0.006494
46.622862 0.074449 0.003973 0.008692
46.633163 0.069987 0.005264 0.006834
46.629731 0.071427 0.000201 0.007381
46.628247 0.068504 0.011662 0.002910
46.628984 0.065041 0.018071 0.001107
46.628576 0.070089 0.005382 0.024236
46.628224 0.070379 0.001526 0.011451
46.631194 0.054753 0.037303 0.013167
46.618661 0.047137 0.248876 0.072525
46.634905 0.059544 0.039794 0.007404
46.627491 0.068795 0.000959 0.008494
46.563172 0.070241 0.125143 0.002376
46.620949 0.085060 0.674537 0.018695
46.628928 0.072028 0.003160 0.000691
46.623460 0.060465 0.532249 0.029618
46.627460 0.063729 0.265407 0.040214
46.708037 0.037923 0.119427 0.025550
46.682844 0.050198 0.030695 0.034305
46.646351 0.052937 0.008187 0.001011
46.643054 0.057145 0.007456 0.000948
46.642994 0.040471 0.514652 0.016026
46.672077 0.051853 0.004098 0.001016
46.635017 0.063072 0.140206 0.001309
46.636576 0.057746 0.398717 0.001218
46.642380 0.054919 0.055319 0.020211
46.657595 0.042920 0.122336 0.000711
46.749301 0.048660 0.008239 0.001030
46.754783 0.033760 0.188034 0.017770
46.653028 0.060028 0.044008 0.035664
46.675389 0.052639 0.012015 0.016825
46.723625 0.048302 0.017040 0.001563
46.733052 0.062377 0.306584 0.014900
46.740358 0.051719 0.004858 0.008630
46.746236 0.040765 0.551371 0.006751
46.750843 0.047373 0.009886 0.016327
46.764881 0.044664 0.110049 0.002352
46.981408 0.039603 0.045856 0.001078
46.699737 0.060230 0.205608 0.011667
46.779122 0.046658 0.014389 0.026989
46.701319 0.051041 0.006312 0.005904
46.698504 0.047390 0.006196 0.004269
46.677589 0.045636 0.011771 0.010718
46.777387 0.045232 0.009561 0.001232
46.751065 0.046818 0.007971 0.001128
46.778553 0.043696 0.000421 0.011008
46.759256 0.045486 0.003728 0.006729
46.778223 0.044579 0.032222 0.011655
46.737271 0.047367 0.004728 0.001737
46.745545 0.045545 0.002764 0.012009
46.745593 0.042994 0.004782 0.001952
46.743740 0.040211 0.011292 0.003442
46.814531 0.041593 0.009655 0.003677
46.785509 0.042962 0.005718 0.001691
46.806628 0.039086 0.001512 0.001532
46.789274 0.041195 0.003238 0.000693
46.822792 0.038377 0.002960 0.016414
46.803483 0.040121 0.001998 0.009283
46.801394 0.036567 0.017730 0.006326
46.813364 0.032315 0.035068 0.008980
46.809366 0.035238 0.015848 0.005326
46.801643 0.037400 0.013618 0.001190
46.771329 0.035053 0.008202 0.001594
46.749703 0.032194 0.011105 0.004128
46.844512 0.032945 0.007979 0.005291
46.819308 0.034750 0.008820 0.003107
46.801162 0.030263 0.018229 0.009071
46.803127 0.031317 0.005638 0.012194
46.963614 0.029379 0.011160 0.036356
46.772507 0.032766 0.046884 0.010642
46.794007 0.036146 0.000757 0.005284
46.799382 0.031693 0.012561 0.005508
46.797483 0.042595 0.213148 0.008400
46.804118 0.033377 0.321222 0.007474
46.829266 0.029983 0.007971 0.012395
46.804711 0.031863 0.051731 0.011034
46.797483 0.042595 0.498310 0.016087
46.813512 0.010062 0.643142 0.029477
46.907731 0.025980 0.048850 0.013000
46.844034 0.035277 0.266103 0.002753
46.791072 0.028655 0.003646 0.014658
46.776979 0.025851 0.000820 0.023600
46.676611 0.025540 0.038000 0.021442
46.886093 0.000055 0.538544 0.021442
46.886149 0.000016 0.538600 0.021443
46.807675 0.030224 0.004202 0.009723
46.750926 0.019195 0.809137 0.012824
46.743775 0.039836 0.350347 0.017409
46.772245 0.041124 0.192775 0.043894
46.779758 0.038839 0.584082 0.002145
46.811208 0.004403 0.521597 0.057411
46.865782 0.026331 0.205676 0.020484
46.857512 0.035243 0.027813 0.005081
46.765950 0.017051 0.126449 0.011424
46.747852 0.028627 0.006063 0.026530
46.820352 0.031567 0.002395 0.002715
46.776840 0.028990 0.584627 0.026108
46.852883 0.012640 0.653472 0.044010
46.889668 0.013248 0.560964 0.019859
46.800107 0.025369 0.203895 0.010714
46.769928 0.016299 0.677355 0.037429
46.814487 0.040624 0.159468 0.001470
46.858401 0.036503 0.022087 0.018311
46.750700 0.029373 0.069552 0.013997
46.870929 0.028571 0.011336 0.016523
46.779984 0.031268 0.006484 0.007203
46.757869 0.046443 0.214312 0.033588
46.760328 0.020349 0.437832 0.002614
46.817288 0.027480 0.059843 0.002691
46.806210 0.040284 0.675109 0.002781
46.784684 0.053515 0.646341 0.057208
46.829793 0.028291 0.079116 0.005847
46.878552 0.001739 0.406922 0.028911
46.808216 0.029324 0.006225 0.006504
46.810742 0.028361 0.010316 0.003608
46.818321 0.025534 0.022737 0.005083
46.840982 0.021988 0.184880 0.045293
46.835232 0.027966 0.012272 0.007641
46.821435 0.028758 0.009274 0.007581
46.799052 0.021649 0.546796 0.025624
46.810585 0.023668 0.174800 0.003504
46.840677 0.017455 0.427985 0.003480
46.810531 0.014821 0.302746 0.003486
46.810151 0.010634 0.807275 0.061063
46.807868 0.031342 0.101505 0.006111
46.818321 0.025534 0.022595 0.005083
46.799185 0.009169 0.851272 0.004117
46.830708 0.028167 0.009336 0.001476
46.824959 0.028639 0.008972 0.003563
46.818153 0.027967 0.008474 0.015309
46.828913 0.038257 0.386864 0.003105
46.828869 0.032411 0.007236 0.003785
46.824860 0.030057 0.262099 0.015258
46.817068 0.032586 0.006121 0.011940
46.855262 0.015486 0.255782 0.005851
46.890639 0.027922 0.006473 0.004921
46.908983 0.016372 0.135112 0.001911
46.837009 0.025067 0.008458 0.009164
46.841079 0.021834 0.009069 0.015636
46.676347 0.016577 0.014929 0.051411
46.857767 0.010872 0.511832 0.002349
46.881537 0.023545 0.009242 0.003428
46.863219 0.024797 0.010316 0.004244
46.868274 0.024688 0.012479 0.003074
46.882402 0.021868 0.084151 0.008303
46.878201 0.033434 0.423503 0.015320
46.883109 0.020503 0.212654 0.008074
46.883139 0.017192 0.088315 0.000181
46.890504 0.021891 0.164653 0.021192
47.015274 0.020484 0.011895 0.013784
46.893179 0.015750 0.086917 0.003429
46.825804 0.020099 0.001920 0.019098
46.793444 0.016169 0.003373 0.031205
46.883438 0.014135 0.495349 0.013654
46.868790 0.023062 0.031519 0.004490
46.881679 0.023408 0.006187 0.019721
46.883408 0.024877 0.023356 0.004758
46.871408 0.034070 0.106998 0.003765
46.890779 0.012694 0.138497 0.008185
46.877471 0.028110 0.011642 0.008503
46.825819 0.020059 0.003393 0.019138
46.793429 0.016209 0.001900 0.031165
46.875732 0.022438 0.099470 0.007176
46.877600 0.024278 0.054310 0.002335
46.878922 0.029310 0.152090 0.000525
46.879722 0.024646 0.020081 0.005538
46.879320 0.024890 0.107113 0.002815
46.894021 0.016799 0.198986 0.013378
47.015274 0.020484 0.011895 0.013781
46.890879 0.021203 0.065647 0.004711
46.876667 0.021700 0.003750 0.001717
46.876265 0.018639 0.011446 0.001677
46.870293 0.024335 0.005347 0.018073
46.873140 0.024103 0.002464 0.008620
46.854339 0.018491 0.009196 0.005101
46.836196 0.014032 0.017016 0.010112
46.871124 0.019059 0.011061 0.002084
46.879343 0.016961 0.011439 0.005785
46.875311 0.018818 0.006001 0.003278
46.870290 0.015431 0.000073 0.009215
46.868865 0.011317 0.001124 0.018131
46.857396 0.012820 0.015502 0.000517
46.862315 0.014742 0.027951 0.005622
46.868922 0.017921 0.001308 0.000157
46.854239 0.014726 0.000335 0.005823
46.843229 0.012786 0.005229 0.009573
46.876125 0.013403 0.000953 0.000666
46.870678 0.014659 0.001584 0.000776
46.880560 0.019363 0.013843 0.004892
46.863186 0.014422 0.008167 0.000835
46.857794 0.011566 0.003481 0.009298
46.857817 0.013355 0.001031 0.003163
46.854743 0.009210 0.003346 0.005009
46.847655 0.005076 0.005668 0.007592
46.854265 0.008760 0.007127 0.006719
46.863222 0.006168 0.002277 0.002088
46.860976 0.008264 0.001624 0.003022
46.861838 0.007097 0.002021 0.004272
46.860827 0.008194 0.000646 0.000879
46.863019 0.003463 0.002645 0.009105
46.861719 0.005848 0.001726 0.006038
46.838955 0.000449 0.000992 0.009289
46.820378 0.005640 0.001040 0.014267
46.854685 0.001635 0.007660 0.002933
46.854580 0.003362 0.003963 0.003879
46.864065 0.004484 0.005819 0.000574
46.851757 0.004928 0.002796 0.005838
46.877892 0.011086 0.002334 0.002504
46.848687 0.003049 0.000153 0.006341
46.849910 0.004404 0.003717 0.000869
46.844007 0.003684 0.006436 0.001716
46.846436 0.000658 0.002570 0.008485
46.857229 0.006273 0.001128 0.001462
46.857694 0.004358 0.000244 0.000018
46.856209 0.004500 0.000516 0.001473
46.864367 0.006789 0.002665 0.003015
46.852607 0.003975 0.000553 0.004002
46.845587 0.002803 0.005921 0.002004
46.849995 0.003632 0.003872 0.002025
46.848686 0.001652 0.003615 0.002855
46.844415 0.000603 0.004856 0.003552
46.848977 0.003844 0.000642 0.000028
46.846176 0.004094 0.001019 0.001897
46.853273 0.002577 0.000341 0.002703
46.852432 0.003031 0.000673 0.002244
46.854499 0.002920 0.002183 0.001818
46.853373 0.003098 0.000669 0.001870
46.852194 0.002229 0.000648 0.001013
46.851987 0.001359 0.000696 0.003521
46.857519 0.004817 0.003601 0.001413
46.850894 0.002431 0.001811 0.001788
46.848656 0.000359 0.004600 0.009663
46.843498 0.004130 0.119648 0.012173
46.843498 0.004130 0.119648 0.012173
46.852879 0.003990 0.000152 0.006554
46.852210 0.002016 0.000560 0.001002
46.855932 0.001373 0.091417 0.002220
46.852181 0.000908 0.001657 0.000870
46.852094 0.002116 0.008311 0.000472
46.864744 0.000576 0.012568 0.002417
46.851068 0.001679 0.000619 0.002391
46.850948 0.002018 0.080566 0.002448
46.847695 0.004065 0.156145 0.011195
46.850320 0.001170 0.120714 0.007331
46.855716 0.003781 0.145669 0.001821
46.859280 0.001493 0.109993 0.003317
46.846278 0.004921 0.157275 0.008544
46.849923 0.001006 0.037834 0.002353
46.849925 0.001026 0.038567 0.002464
46.850046 0.000616 0.001461 0.003265
46.850878 0.001230 0.000929 0.001981
46.850021 0.002982 0.077210 0.004835
46.851752 0.001972 0.027041 0.002192
46.852324 0.000012 0.000211 0.000700
46.851746 0.000767 0.045133 0.001388
46.854490 0.001660 0.021451 0.002726
46.850205 0.001196 0.015198 0.001239
46.852751 0.002473 0.004130 0.000190
46.850385 0.002964 0.007305 0.006860
46.846278 0.001232 0.157275 0.008544
46.852847 0.000849 0.000511 0.000165
46.851513 0.001468 0.000336 0.001752
46.851448 0.000031 0.000666 0.001509
46.851076 0.001010 0.001323 0.001757
46.852993 0.000519 0.001583 0.000352
46.851406 0.001048 0.000301 0.001574
46.851339 0.000584 0.001319 0.001559
46.851967 0.000871 0.001757 0.000733
46.851853 0.000308 0.001234 0.000987
46.852346 0.001273 0.000068 0.000696
46.851591 0.000134 0.001006 0.001344
46.851268 0.000645 0.000531 0.001576
46.850811 0.001384 0.001626 0.001929
46.851987 0.001400 0.001335 0.000872
46.851552 0.000407 0.000108 0.001398
46.852239 0.000652 0.001821 0.000799
46.851511 0.000327 0.000057 0.001382
46.851884 0.000046 0.000096 0.001047
46.851811 0.000001 0.000179 0.001121
46.852201 0.000110 0.000060 0.000697
46.852577 0.000178 0.000423 0.000291
46.852086 0.000280 0.001291 0.000939
46.851911 0.000162 0.000602 0.000975
46.853706 0.000369 0.001512 0.000927
46.849084 0.000959 0.037433 0.006291
46.849083 0.000960 0.037430 0.006291
46.852922 0.000228 0.000123 0.000093
46.852644 0.000172 0.000047 0.000210
46.852819 0.000258 0.027239 0.000141
46.852383 0.002648 0.047177 0.001542
46.852896 0.000236 0.003265 0.004032
46.855560 0.000028 0.002625 0.000096
46.852195 0.001610 0.086028 0.001554
46.851138 0.000033 0.009559 0.002019
46.853957 0.001497 0.000779 0.001245
46.851938 0.003398 0.012788 0.001531
46.852221 0.000769 0.000688 0.000886
46.852690 0.000429 0.000211 0.000098
46.850149 0.000500 0.019239 0.000747
46.850604 0.000280 0.003003 0.002060
46.851824 0.002353 0.085605 0.001756
46.852301 0.000868 0.014637 0.000620
46.852730 0.000232 0.004611 0.003887
46.859474 0.001679 0.071320 0.002031
46.850340 0.000598 0.032845 0.001201
46.850277 0.000563 0.034235 0.001242
46.852890 0.000226 0.000388 0.000219
46.852465 0.000047 0.000061 0.000470
46.851726 0.000068 0.004587 0.000264
46.852073 0.001461 0.042343 0.000420
46.852522 0.000227 0.026993 0.000822
46.852469 0.000409 0.010071 0.000181
46.852699 0.000552 0.005024 0.001790
46.852987 0.000188 0.000859 0.000227
46.852212 0.000319 0.021251 0.001129
46.852212 0.000319 0.021241 0.001129
46.852868 0.000628 0.000309 0.000104
46.852650 0.000020 0.000240 0.000192
46.852418 0.000001 0.005101 0.000142
46.852487 0.000260 0.005595 0.000109
46.852815 0.000233 0.013972 0.000489
46.852449 0.000263 0.004777 0.000979
46.852579 0.000763 0.017865 0.000500
46.853466 0.000270 0.014595 0.000881
46.852625 0.000087 0.000587 0.000688
46.852458 0.000131 0.000332 0.000570
46.852782 0.000202 0.000208 0.000022
46.853016 0.000029 0.005940 0.000313
46.852916 0.000319 0.000576 0.000090
46.852934 0.000239 0.001452 0.000321
46.852827 0.000141 0.006518 0.000048
46.853192 0.000190 0.002295 0.000085
46.852804 0.000247 0.001301 0.000099
46.853183 0.000202 0.003575 0.000175
46.852696 0.000155 0.000434 0.000205
46.852692 0.000280 0.000050 0.000125
46.853052 0.000222 0.000182 0.000079
46.852937 0.000215 0.000729 0.000052
46.852928 0.000185 0.000340 0.000111
46.852892 0.000330 0.004701 0.000018
46.852864 0.000282 0.000597 0.000099
46.852816 0.000155 0.003152 0.000169
46.852792 0.000243 0.001506 0.000019
46.852710 0.000257 0.000282 0.000167
46.852873 0.000203 0.000184 0.000041
46.853018 0.000131 0.000202 0.000135
46.852937 0.000168 0.000139 0.000070
46.852611 0.000167 0.000463 0.000073
46.852942 0.000208 0.000021 0.000041
46.852945 0.000190 0.000019 0.000007
46.852904 0.000193 0.000038 0.000000
46.852883 0.000184 0.000077 0.000047
46.852888 0.000174 0.000208 0.000091
46.853207 0.000220 0.000011 0.000270
46.852785 0.000184 0.000038 0.000090
46.852875 0.000145 0.000099 0.000106
46.852835 0.000196 0.000210 0.000154
46.852911 0.000175 0.000052 0.000014
46.852818 0.000142 0.000021 0.000136
46.852755 0.000109 0.000020 0.000224
46.852987 0.000151 0.000103 0.000023
46.852937 0.000159 0.000068 0.000040
46.852923 0.000195 0.000046 0.000020
46.852911 0.000182 0.000010 0.000011
46.852926 0.000156 0.000058 0.000025
46.852947 0.000142 0.000126 0.000015
46.853034 0.000202 0.000034 0.000108
46.852872 0.000157 0.000007 0.000075
46.852878 0.000142 0.000037 0.000048
46.852844 0.000119 0.000064 0.000068
46.852884 0.000134 0.000029 0.000102
46.852874 0.000108 0.000002 0.000112
46.852823 0.000110 0.000102 0.000113
46.852908 0.000147 0.000026 0.000058
46.852903 0.000108 0.000033 0.000071
46.852898 0.000120 0.000080 0.000032
46.852845 0.000085 0.000002 0.000111
46.852805 0.000049 0.000027 0.000154
46.852837 0.000069 0.000097 0.000100
46.852856 0.000093 0.000113 0.000040
46.852861 0.000096 0.000084 0.000058
46.852903 0.000142 0.000009 0.000036
46.852853 0.000087 0.000075 0.000084
46.852900 0.000080 0.000045 0.000075
46.852928 0.000061 0.000036 0.000079
46.852858 0.000054 0.000012 0.000129
46.852868 0.000071 0.000029 0.000105
46.852908 0.000081 0.000001 0.000086
46.852895 0.000083 0.000018 0.000085
46.852920 0.000066 0.000044 0.000122
46.852876 0.000089 0.000052 0.000074
46.852948 0.000079 0.000058 0.000055
46.852871 0.000083 0.000016 0.000097
46.852878 0.000046 0.000019 0.000105
46.852865 0.000015 0.000012 0.000122
46.852916 0.000073 0.000020 0.000071
46.852940 0.000074 0.000015 0.000055
46.852941 0.000057 0.000033 0.000062
46.852923 0.000064 0.000028 0.000071
46.852962 0.000039 0.000011 0.000080
46.852941 0.000051 0.000005 0.000079
46.852951 0.000030 0.000038 0.000067
46.852973 0.000004 0.000057 0.000057
46.853020 0.000048 0.000033 0.000028
46.852984 0.000047 0.000030 0.000047
46.853006 0.000028 0.000015 0.000034
46.853046 0.000012 0.000004 0.000012
46.853037 0.000010 0.000031 0.000041
46.853013 0.000011 0.000027 0.000045
46.853074 0.000020 0.000013 0.000025
46.852974 0.000038 0.000028 0.000053
46.853057 0.000002 0.000073 0.000003
46.852986 0.000029 0.000010 0.000059
46.853052 0.000042 0.000015 0.000021
46.852993 0.000014 0.000039 0.000048
46.853058 0.000001 0.000019 0.000023
46.852995 0.000028 0.000026 0.000045
46.853050 0.000008 0.000044 0.000011
46.853002 0.000023 0.000018 0.000047
46.853009 0.000021 0.000015 0.000050
46.853012 0.000004 0.000019 0.000044
46.853163 0.000037 0.000027 0.000054
46.852984 0.000008 0.000401 0.000054
46.852980 0.000013 0.000393 0.000050
46.853082 0.000015 0.000019 0.000002
46.853064 0.000010 0.000019 0.000010
46.853110 0.000025 0.000025 0.000002
46.853032 0.000015 0.000017 0.000025
46.852975 0.000043 0.000220 0.000015
46.853031 0.000018 0.000173 0.000096
46.853071 0.000024 0.000315 0.000022
46.853101 0.000022 0.000559 0.000002
46.853058 0.000036 0.001967 0.000041
46.853020 0.000004 0.000726 0.000051
46.853012 0.000004 0.000421 0.000004
46.853012 0.000004 0.000423 0.000004
46.853039 0.000040 0.000018 0.000002
46.853065 0.000005 0.000015 0.000019
46.853022 0.000006 0.000466 0.000010
46.853042 0.000005 0.000180 0.000020
46.853018 0.000035 0.000744 0.000071
46.853061 0.000001 0.000755 0.000043
46.853048 0.000029 0.000418 0.000013
46.853032 0.000027 0.000666 0.000022
46.853065 0.000005 0.000008 0.000019
46.853071 0.000016 0.000001 0.000001
46.853068 0.000011 0.000005 0.000006
46.853065 0.000026 0.000001 0.000001
46.853065 0.000003 0.000011 0.000014
46.853041 0.000002 0.000006 0.000027
46.853072 0.000011 0.000013 0.000005
46.853079 0.000006 0.000068 0.000017
46.853080 0.000006 0.000064 0.000018
46.853063 0.000016 0.000021 0.000003
46.853065 0.000008 0.000000 0.000013
46.853064 0.000001 0.000459 0.000003
46.853062 0.000007 0.000034 0.000013
46.853072 0.000005 0.000012 0.000001
46.853083 0.000005 0.000364 0.000014
46.853055 0.000016 0.000057 0.000005
46.853070 0.000029 0.000784 0.000049
46.853085 0.000012 0.000065 0.000016
46.853050 0.000004 0.000163 0.000020
46.853050 0.000004 0.000167 0.000020
46.853057 0.000009 0.000014 0.000008
46.853068 0.000011 0.000006 0.000006
46.853069 0.000000 0.000254 0.000024
46.853060 0.000001 0.000174 0.000005
46.853081 0.000002 0.000346 0.000009
46.853075 0.000002 0.000078 0.000004
46.853060 0.000020 0.000459 0.000015
46.853070 0.000009 0.000023 0.000002
46.853076 0.000015 0.000353 0.000006
46.853075 0.000015 0.000349 0.000006
46.853092 0.000009 0.000005 0.000002
46.853080 0.000009 0.000002 0.000002
46.853092 0.000011 0.000023 0.000018
46.853087 0.000011 0.000003 0.000008
46.853070 0.000008 0.000001 0.000008
46.853075 0.000011 0.000109 0.000003
46.853074 0.000007 0.000079 0.000000
46.853080 0.000009 0.000004 0.000010
46.853083 0.000004 0.000170 0.000003
46.853082 0.000008 0.000056 0.000002
46.853088 0.000011 0.000013 0.000005
46.853072 0.000006 0.000132 0.000009
46.853085 0.000006 0.000012 0.000000
46.853072 0.000010 0.000002 0.000004
46.853080 0.000011 0.000004 0.000004
46.853080 0.000008 0.000077 0.000000
46.853083 0.000009 0.000010 0.000000
46.853081 0.000009 0.000045 0.000001
46.853079 0.000010 0.000001 0.000002
46.853078 0.000008 0.000038 0.000006
46.853083 0.000009 0.000038 0.000004
46.853081 0.000014 0.000013 0.000006
46.853074 0.000008 0.000006 0.000002
46.853071 0.000007 0.000007 0.000002
46.853066 0.000005 0.000012 0.000000
46.853080 0.000009 0.000004 0.000005
46.853073 0.000009 0.000002 0.000005
46.853079 0.000007 0.000008 0.000001
46.853074 0.000009 0.000001 0.000003
46.853078 0.000009 0.000004 0.000002
46.853077 0.000009 0.000004 0.000000
46.853071 0.000007 0.000009 0.000005
46.853077 0.000009 0.000002 0.000000
46.853077 0.000010 0.000000 0.000000
46.853075 0.000008 0.000004 0.000002
46.853069 0.000005 0.000013 0.000007
46.853076 0.000009 0.000003 0.000008
46.853076 0.000010 0.000001 0.000008
46.853076 0.000008 0.000005 0.000002
46.853073 0.000007 0.000036 0.000001
46.853073 0.000010 0.000022 0.000003
46.853075 0.000008 0.000010 0.000005
46.853073 0.000010 0.000072 0.000003
46.853075 0.000008 0.000036 0.000002
46.853078 0.000007 0.000021 0.000002
46.853075 0.000007 0.000048 0.000002
46.853076 0.000009 0.000002 0.000004
46.853077 0.000009 0.000003 0.000001
46.853074 0.000009 0.000009 0.000003
46.853074 0.000008 0.000013 0.000002
46.853075 0.000009 0.000050 0.000002
46.853075 0.000009 0.000014 0.000002
46.853075 0.000008 0.000017 0.000004
46.853076 0.000008 0.000028 0.000001
46.853075 0.000008 0.000015 0.000001
46.853074 0.000009 0.000002 0.000003
46.853075 0.000009 0.000003 0.000002
46.853075 0.000009 0.000012 0.000002
46.853075 0.000008 0.000002 0.000001
46.853074 0.000007 0.000007 0.000002
46.853076 0.000007 0.000018 0.000002
46.853076 0.000007 0.000019 0.000002
46.853076 0.000009 0.000001 0.000002
46.853073 0.000009 0.000027 0.000001
46.853075 0.000007 0.000003 0.000001
46.853074 0.000006 0.000006 0.000001
46.853071 0.000008 0.000068 0.000005
46.853070 0.000009 0.000081 0.000005
46.853075 0.000007 0.000005 0.000001
46.853072 0.000009 0.000063 0.000002
46.853075 0.000006 0.000063 0.000000
46.853077 0.000008 0.000067 0.000005
46.853073 0.000008 0.000042 0.000003
46.853078 0.000006 0.000017 0.000004
46.853075 0.000007 0.000023 0.000000
46.853072 0.000009 0.000084 0.000002
46.853072 0.000005 0.000006 0.000002
46.853070 0.000003 0.000009 0.000002
46.853074 0.000009 0.000028 0.000002
46.853073 0.000008 0.000020 0.000001
46.853074 0.000007 0.000038 0.000001
46.853075 0.000007 0.000001 0.000002
46.853075 0.000007 0.000013 0.000008
46.853077 0.000005 0.000037 0.000002
46.853074 0.000007 0.000001 0.000003
46.853074 0.000007 0.000008 0.000001
46.853074 0.000007 0.000055 0.000004
46.853075 0.000008 0.000000 0.000003
46.853074 0.000008 0.000041 0.000006
46.853075 0.000007 0.000005 0.000006
46.853076 0.000008 0.000014 0.000003
46.853076 0.000007 0.000002 0.000004
46.853072 0.000007 0.000002 0.000001
46.853071 0.000007 0.000003 0.000003
46.853072 0.000006 0.000003 0.000002
46.853071 0.000004 0.000003 0.000003
46.853074 0.000008 0.000003 0.000002
46.853073 0.000006 0.000004 0.000002
46.853071 0.000005 0.000001 0.000003
46.853071 0.000005 0.000003 0.000001
46.853071 0.000006 0.000001 0.000002
46.853068 0.000004 0.000005 0.000001
46.853069 0.000003 0.000002 0.000004
46.853067 0.000000 0.000002 0.000007
46.853073 0.000006 0.000001 0.000004
46.853069 0.000004 0.000003 0.000002
46.853069 0.000003 0.000006 0.000003
46.853071 0.000005 0.000001 0.000002
46.853069 0.000003 0.000001 0.000005
46.853069 0.000003 0.000003 0.000003
46.853067 0.000001 0.000005 0.000003
46.853070 0.000004 0.000004 0.000001
46.853070 0.000004 0.000003 0.000002
46.853068 0.000003 0.000002 0.000002
46.853067 0.000002 0.000002 0.000002
46.853067 0.000001 0.000005 0.000003
46.853070 0.000004 0.000002 0.000002
46.853067 0.000002 0.000002 0.000003
46.853067 0.000001 0.000001 0.000004
46.853067 0.000002 0.000002 0.000002
46.853066 0.000002 0.000000 0.000002
46.853065 0.000002 0.000002 0.000002
46.853064 0.000000 0.000000 0.000003
46.853065 0.000002 0.000001 0.000001
46.853065 0.000003 0.000001 0.000001
46.853064 0.000001 0.000000 0.000000
46.853063 0.000001 0.000001 0.000001
46.853064 0.000001 0.000001 0.000001
46.853063 0.000001 0.000002 0.000001
46.853065 0.000003 0.000001 0.000001
46.853064 0.000001 0.000000 0.000002
46.853062 0.000000 0.000000 0.000000
46.853063 0.000001 0.000000 0.000001
46.853061 0.000001 0.000002 0.000002
46.853064 0.000002 0.000000 0.000001
46.853065 0.000001 0.000001 0.000000
46.853064 0.000001 0.000001 0.000001
46.853063 0.000000 0.000000 0.000001
46.853062 0.000000 0.000000 0.000001
46.853063 0.000001 0.000000 0.000001
46.853063 0.000000 0.000001 0.000001
46.853061 0.000000 0.000001 0.000001
46.853062 0.000000 0.000002 0.000001
46.853062 0.000000 0.000000 0.000001
46.853062 0.000000 0.000000 0.000001
46.853064 0.000001 0.000001 0.000001
46.853062 0.000000 0.000001 0.000000
46.853060 0.000001 0.000000 0.000000
46.853058 0.000003 0.000001 0.000000
46.853062 0.000000 0.000000 0.000001
46.853062 0.000000 -0.000000 0.000001
46.853055 0.000003 0.000001 0.000001
46.853054 0.000006 0.000001 0.000001
46.853060 0.000002 0.000008 0.000001
46.853060 0.000002 0.000007 0.000001
46.853057 0.000001 0.000005 0.000000
46.853057 0.000001 0.000005 0.000000
46.853062 0.000000 0.000000 0.000000
46.853060 0.000002 0.000039 0.000005
46.853061 0.000001 0.000053 0.000003
46.853063 0.000001 0.000028 0.000001
46.853062 0.000000 0.000025 0.000001
46.853063 0.000001 0.000002 0.000002
46.853060 0.000001 0.000040 0.000005
46.853062 0.000000 0.000028 0.000004
46.853062 0.000001 0.000096 0.000005
46.853061 0.000001 0.000006 0.000001
46.853062 0.000001 0.000041 0.000005
46.853063 0.000001 0.000037 0.000005
46.853061 0.000001 0.000006 0.000001
46.853061 0.000000 0.000000 0.000001
46.853060 0.000001 0.000001 0.000001
46.853062 0.000000 0.000000 0.000000
46.853060 0.000000 0.000000 0.000001
46.853061 0.000000 0.000001 0.000000
46.853061 0.000000 0.000000 0.000000
46.853062 0.000000 0.000000 0.000001
46.853061 0.000000 0.000000 0.000001
46.853059 0.000002 0.000001 0.000000
46.853059 0.000001 0.000047 0.000000
46.853059 0.000001 0.000046 0.000000
46.853059 0.000000 0.000001 0.000001
46.853059 0.000000 0.000005 0.000002
46.853060 0.000000 0.000004 0.000003
46.853060 0.000001 0.000019 0.000002
46.853061 0.000000 0.000040 0.000000
46.853062 0.000001 0.000028 0.000003
46.853062 0.000001 0.000034 0.000003
46.853060 0.000001 0.000047 0.000003
46.853060 0.000001 0.000046 0.000003
46.853061 0.000000 0.000036 0.000000
46.853060 0.000001 0.000000 0.000000
46.853060 0.000001 0.000001 0.000000
46.853061 0.000002 0.000019 0.000000
46.853061 0.000000 0.000010 0.000002
46.853061 0.000001 0.000008 0.000000
46.853061 0.000000 0.000021 0.000001
46.853060 0.000002 0.000029 0.000001
46.853061 0.000000 0.000003 0.000001
46.853061 0.000000 0.000021 0.000000
46.853060 0.000001 0.000030 0.000001
46.853062 0.000000 0.000017 0.000001
46.853061 0.000000 0.000001 0.000000
46.853061 0.000000 0.000005 0.000000
46.853059 0.000001 0.000019 0.000001
46.853061 0.000000 0.000001 0.000001
46.853061 0.000000 0.000003 0.000000
46.853061 0.000000 0.000005 0.000001
46.853060 0.000001 0.000008 0.000001
46.853060 0.000002 0.000007 0.000000
46.853061 0.000001 0.000014 0.000000
46.853061 0.000000 0.000002 0.000000
46.853061 0.000000 0.000001 -0.000000
46.853061 0.000000 0.000002 0.000000
46.853061 0.000000 0.000004 0.000000
46.853062 0.000000 0.000001 0.000000
46.853061 0.000000 -0.000000 0.000000
46.853063 0.000000 0.000000 0.000001
46.853061 0.000000 0.000000 0.000001
46.853061 0.000000 0.000002 0.000000
46.853061 0.000000 0.000002 0.000000
46.853061 0.000000 0.000002 0.000000
46.853061 0.000000 0.000000 0.000000
46.853061 0.000000 0.000005 0.000000
46.853060 0.000001 0.000005 0.000000
46.853060 0.000001 0.000006 0.000001
46.853061 0.000000 0.000003 0.000000
46.853061 0.000000 0.000001 0.000000
46.853061 0.000000 0.000003 0.000000
46.853062 0.000000 0.000000 0.000000
46.853061 0.000000 0.000000 0.000000
46.853061 0.000000 0.000001 0.000000
46.853061 0.000000 0.000002 0.000000
46.853061 0.000000 0.000000 0.000000
46.853061 0.000000 0.000000 0.000000
46.853061 0.000000 0.000002 0.000000
46.853060 0.000001 0.000002 0.000000
46.853060 0.000001 0.000003 0.000000
46.853061 0.000000 0.000003 0.000000
46.853061 0.000000 0.000000 0.000000
46.853061 0.000000 0.000000 0.000000
46.853061 0.000000 0.000001 0.000000
46.853061 0.000000 0.000000 0.000000
46.853061 0.000000 0.000000 0.000000
46.853061 0.000000 0.000001 0.000000
46.853061 0.000000 0.000000 0.000000
46.853060 0.000001 0.000000 0.000000
46.853060 0.000001 0.000001 0.000000
46.853061 0.000000 0.000001 0.000000
46.853061 0.000000 0.000001 0.000000
46.853061 0.000000 0.000000 0.000000
46.853061 0.000000 0.000000 0.000000
46.853061 0.000000 0.000000 0.000000
46.853061 0.000000 0.000000 0.000000
46.853061 0.000000 0.000000 0.000000
46.853061 0.000000 0.000000 0.000000
46.853061 0.000000 0.000000 0.000000
46.853061 0.000000 0.000000 0.000000
46.853060 0.000001 0.000000 0.000000
46.853060 0.000001 0.000000 0.000000
46.853061 0.000000 0.000001 0.000000
46.853061 0.000000 0.000000 0.000000
46.853061 0.000000 0.000000 -0.000000
46.853061 0.000000 0.000000 0.000000
46.853061 0.000000 0.000000 0.000000
46.853061 0.000000 0.000000 0.000000
46.853061 0.000000 0.000000 0.000000
46.853061 0.000000 0.000000 0.000000
46.853061 0.000000 0.000000 0.000000
46.853061 0.000000 0.000000 0.000000
46.853060 0.000001 0.000000 0.000000
46.853060 0.000001 0.000000 0.000000
46.853061 0.000000 0.000001 0.000000
46.853061 0.000000 0.000001 -0.000000
46.853061 0.000000 -0.000000 -0.000000
46.853061 0.000000 0.000000 0.000000
46.853061 0.000000 0.000000 0.000000
46.853061 0.000000 0.000000 -0.000000
46.853061 0.000000 0.000000 -0.000000
46.853061 0.000000 0.000000 0.000000
46.853060 0.000001 0.000000 0.000000
46.853060 0.000001 0.000000 0.000000
46.853061 0.000000 0.000000 0.000000
46.853061 0.000000 0.000000 -0.000000
46.853061 0.000000 0.000000 0.000000
46.853061 0.000000 0.000000 0.000000
46.853061 0.000000 0.000000 -0.000000
46.853061 0.000000 0.000000 -0.000000
46.853061 0.000000 0.000000 0.000000
46.853061 0.000000 0.000000 0.000000
46.853060 0.000001 0.000000 0.000000
46.853060 0.000001 0.000000 0.000000
46.853061 0.000000 0.000000 0.000000
46.853061 0.000000 0.000000 0.000000
46.853061 0.000000 0.000000 0.000000
46.853061 0.000000 0.000000 0.000000
46.853061 0.000000 0.000000 0.000000
46.853061 0.000000 0.000000 0.000000
46.853061 0.000000 0.000000 0.000000
46.853061 0.000000 0.000000 0.000000
46.853060 0.000001 0.000000 0.000000
46.853060 0.000001 0.000000 0.000000
46.853061 0.000000 0.000000 0.000000
46.853061 0.000000 0.000000 0.000000
46.853061 0.000000 0.000000 0.000000
46.853061 0.000000 0.000000 0.000000
46.853061 0.000000 0.000000 0.000000
46.853061 0.000000 0.000000 0.000000
46.853061 0.000000 0.000000 0.000000
46.853061 0.000000 0.000000 0.000000
46.853060 0.000001 0.000000 0.000000
46.853060 0.000001 0.000000 0.000000
46.853061 0.000000 0.000000 0.000000
46.853061 0.000000 0.000000 0.000000
46.853061 0.000000 0.000000 0.000000
46.853061 0.000000 0.000000 0.000000
46.853061 0.000000 0.000000 0.000000
46.853061 0.000000 0.000000 0.000000
46.853061 0.000000 0.000000 0.000000
46.853061 0.000000 0.000000 0.000000
46.853060 0.000001 0.000000 0.000000
46.853060 0.000001 0.000000 0.000000
46.853061 0.000000 0.000000 0.000000
46.853061 0.000000 0.000000 0.000000
46.853061 0.000000 0.000000 0.000000
46.853061 0.000000 0.000000 0.000000
46.853061 0.000000 0.000000 0.000000
46.853061 0.000000 0.000000 0.000000
46.853061 0.000000 0.000000 0.000000
46.853061 0.000000 0.000000 0.000000
46.853060 0.000001 0.000000 0.000000
46.853060 0.000001 0.000000 0.000000
46.853061 0.000000 0.000000 0.000000
46.853061 0.000000 0.000000 0.000000
46.853061 0.000000 0.000000 0.000000
46.853061 0.000000 0.000000 0.000000
46.853061 0.000000 0.000000 0.000000
46.853061 0.000000 0.000000 0.000000
46.853061 0.000000 0.000000 0.000000
46.853061 0.000000 0.000000 0.000000
46.853060 0.000001 0.000000 0.000000
46.853060 0.000001 0.000000 0.000000
46.853061 0.000000 0.000000 0.000000
46.853061 0.000000 0.000000 0.000000
46.853061 0.000000 0.000000 0.000000
46.853061 0.000000 0.000000 0.000000
46.853061 0.000000 0.000000 0.000000
46.853061 0.000000 0.000000 0.000000
46.853061 0.000000 0.000000 0.000000
46.853061 0.000000 0.000000 0.000000
46.853060 0.000001 0.000000 0.000000
46.853060 0.000001 0.000000 0.000000
46.853061 0.000000 0.000000 0.000000
46.853061 0.000000 0.000000 0.000000
46.853061 0.000000 0.000000 0.000000
46.853061 0.000000 0.000000 0.000000
46.853061 0.000000 0.000000 0.000000
46.853061 0.000000 0.000000 0.000000
46.853061 0.000000 0.000000 0.000000
46.853061 0.000000 0.000000 0.000000
46.853060 0.000001 0.000000 0.000000
46.853060 0.000001 0.000000 0.000000
46.853061 0.000000 0.000000 0.000000
46.853061 0.000000 0.000000 0.000000
46.853061 0.000000 0.000000 0.000000
46.853061 0.000000 0.000000 0.000000
46.853061 0.000000 0.000000 0.000000
46.853061 0.000000 0.000000 0.000000
46.853061 0.000000 0.000000 0.000000
46.853061 0.000000 0.000000 0.000000
46.853061 0.000000 0.000000 0.000000
46.853060 0.000001 0.000000 0.000000
46.853060 0.000001 0.000000 0.000000
46.853061 0.000000 0.000000 0.000000
46.853061 0.000000 0.000000 0.000000
46.853061 0.000000 0.000000 0.000000
46.853061 0.000000 0.000000 0.000000
46.853061 0.000000 0.000000 0.000000
46.853061 0.000000 0.000000 0.000000
46.853061 0.000000 0.000000 0.000000
46.853061 0.000000 0.000000 0.000000
46.853060 0.000001 0.000000 0.000000
46.853060 0.000001 0.000000 0.000000
46.853061 0.000000 0.000000 0.000000
46.853061 0.000000 0.000000 0.000000
46.853061 0.000000 0.000000 0.000000
46.853061 0.000000 0.000000 0.000000
46.853061 0.000000 0.000000 0.000000
46.853061 0.000000 0.000000 0.000000
46.853061 0.000000 0.000000 0.000000
46.853060 0.000001 0.000000 0.000000
46.853060 0.000001 0.000000 0.000000
46.853061 0.000000 0.000000 0.000000
46.853061 0.000000 0.000000 0.000000
46.853061 0.000000 0.000000 0.000000
46.853061 0.000000 0.000000 0.000000
46.853061 0.000000 0.000000 0.000000
46.853060 0.000001 0.000000 0.000000
46.853060 0.000001 0.000000 0.000000
46.853061 0.000000 0.000000 0.000000
46.853061 0.000000 0.000000 0.000000
46.853061 0.000000 0.000000 0.000000
46.853061 0.000000 0.000000 0.000000
46.853061 0.000000 0.000000 0.000000
46.853061 0.000000 0.000000 0.000000
46.853061 0.000000 0.000000 0.000000
46.853061 0.000000 0.000000 0.000000
46.853061 0.000000 0.000000 0.000000
46.853061 0.000000 0.000000 0.000000
46.853061 0.000000 0.000000 0.000000
