-0.500000 0.000000 0.000000
0.839728 0.000000 0.000000
-1.839728 0.000000 0.000000
-3.863500 -0.000000 -0.000000
-2.889761 0.000000 0.000000
-4.482934 0.000000 0.000000
-4.499796 0.000000 0.000000
-4.681576 0.000000 0.000000
-3.863500 -0.000000 -0.000000
-4.499866 -0.000000 -0.000000
-4.180872 0.000000 0.000000
-4.621561 0.000000 0.000000
-4.648087 0.000000 0.000000
-4.678284 0.000000 0.000000
-4.661332 0.000000 0.000000
-4.683162 0.000000 0.000000
-4.678913 0.000000 0.000000
-4.683074 0.000000 0.000000
-4.681790 0.000000 0.000000
-4.683297 0.000000 0.000000
-4.683292 0.000000 0.000000
-4.683262 0.000000 0.000000
-4.637865 0.000000 0.000000
-4.675340 0.000000 0.000000
-4.681193 0.000000 0.000000
-4.683300 0.000000 0.000000
-4.683287 0.000000 0.000000
-4.683300 0.000000 0.000000
-4.683300 0.000000 0.000000
-4.682791 0.000000 0.000000
-4.683300 0.000000 0.000000
-4.683300 0.000000 0.000000
-4.683214 0.000000 0.000000
-4.683300 0.000000 0.000000
-4.683277 0.000000 0.000000
-4.683300 0.000000 0.000000
-4.683300 0.000000 0.000000
-4.683294 0.000000 0.000000
-4.683300 0.000000 0.000000
-4.683299 0.000000 0.000000
-4.683300 0.000000 0.000000
-4.683300 0.000000 0.000000
-4.683300 0.000000 0.000000
-4.683300 0.000000 0.000000
-4.683300 0.000000 0.000000
-4.683300 0.000000 0.000000
-4.683300 0.000000 0.000000
-4.683300 0.000000 0.000000
-4.683300 0.000000 0.000000
-4.683300 0.000000 0.000000
-4.683300 0.000000 0.000000
-4.683300 0.000000 0.000000
-4.683300 0.000000 0.000000
-4.683300 0.000000 0.000000
-4.683300 0.000000 0.000000
-4.683300 0.000000 0.000000
-4.683300 0.000000 0.000000
-4.683300 0.000000 0.000000
-4.683300 0.000000 0.000000
-4.683300 0.000000 0.000000
-4.683300 0.000000 0.000000
-4.683300 0.000000 0.000000
-4.683300 0.000000 0.000000
-4.683300 0.000000 0.000000
-4.683300 0.000000 0.000000
-4.683300 0.000000 0.000000
-4.683300 0.000000 0.000000
-4.683300 0.000000 0.000000
-4.683300 0.000000 0.000000
-4.683300 0.000000 0.000000
-4.683300 0.000000 0.000000
-4.683300 0.000000 0.000000
-4.683300 0.000000 0.000000
-4.683300 0.000000 0.000000
-4.683300 0.000000 0.000000
-4.683300 0.000000 0.000000
-4.683300 0.000000 0.000000
-4.683300 0.000000 0.000000
-4.683300 0.000000 0.000000
-4.683300 0.000000 0.000000
-4.683300 0.000000 0.000000
-4.683300 0.000000 0.000000
-4.683300 0.000000 0.000000
-4.683300 0.000000 0.000000
-4.683300 0.000000 0.000000
-4.683300 0.000000 0.000000
-4.683300 0.000000 0.000000
-4.683300 0.000000 0.000000
-4.683300 0.000000 0.000000
-4.683300 0.000000 0.000000
-4.683300 0.000000 0.000000
-4.683300 0.000000 0.000000
-4.683300 0.000000 0.000000
-4.683300 0.000000 0.000000
-4.683300 0.000000 0.000000
-4.683300 0.000000 0.000000
-4.683300 0.000000 0.000000
-4.683300 0.000000 0.000000
-4.683300 0.000000 0.000000
-4.683300 0.000000 0.000000
-4.683300 0.000000 0.000000
-4.683300 0.000000 0.000000
-4.683300 0.000000 0.000000
-4.683300 0.000000 0.000000
-4.683300 0.000000 0.000000
-4.683300 0.000000 0.000000
-4.683300 0.000000 0.000000
-4.683300 0.000000 0.000000
