961.799087 0.000000 0.000000
962.018938 -0.000000 0.000000
963.055317 0.000000 0.000000
961.715452 0.000000 0.000000
962.370548 0.000000 0.000000
962.458043 0.000000 0.000000
962.428297 -0.000000 0.000000
961.716327 0.000000 0.000000
961.715172 0.000000 0.000000
961.715491 0.000000 0.000000
961.715238 -0.000000 0.000000
961.715257 0.000000 0.000000
961.717937 -0.000000 0.000000
961.889427 -0.000000 0.000000
961.744219 0.000000 0.000000
961.722478 0.000000 0.000000
961.715172 0.000000 0.000000
961.715174 0.000000 0.000000
961.715172 0.000000 0.000000
961.716986 0.000000 0.000000
961.715173 0.000000 0.000000
961.715172 0.000000 0.000000
961.715173 0.000000 0.000000
961.715172 0.000000 0.000000
961.715173 0.000000 0.000000
961.715172 -0.000000 0.000000
961.715172 0.000000 0.000000
961.715186 -0.000000 0.000000
961.715172 0.000000 0.000000
961.715172 -0.000000 0.000000
961.715174 0.000000 0.000000
961.715172 0.000000 0.000000
961.715172 0.000000 0.000000
961.715172 0.000000 0.000000
961.715172 0.000000 0.000000
961.715172 0.000000 0.000000
961.715172 0.000000 0.000000
961.715172 0.000000 0.000000
961.715172 0.000000 0.000000
961.715172 0.000000 0.000000
961.715172 0.000000 0.000000
961.715172 0.000000 0.000000
961.715172 0.000000 0.000000
961.715172 0.000000 0.000000
961.715172 0.000000 0.000000
961.715172 0.000000 0.000000
961.715172 0.000000 0.000000
961.715172 0.000000 0.000000
961.715172 0.000000 0.000000
961.715172 0.000000 0.000000
961.715172 0.000000 0.000000
961.715172 0.000000 0.000000
961.715172 0.000000 0.000000
961.715172 0.000000 0.000000
961.715172 0.000000 0.000000
961.715172 0.000000 0.000000
961.715172 0.000000 0.000000
961.715172 0.000000 0.000000
961.715172 0.000000 0.000000
961.715172 0.000000 0.000000
961.715172 -0.000000 0.000000
961.715172 0.000000 0.000000
961.715172 0.000000 0.000000
961.715172 0.000000 0.000000
961.715172 0.000000 0.000000
961.715172 0.000000 0.000000
961.715172 0.000000 0.000000
961.715172 0.000000 0.000000
961.715172 0.000000 0.000000
961.715172 0.000000 0.000000
961.715172 -0.000000 0.000000
961.715172 0.000000 0.000000
961.715172 0.000000 0.000000
961.715172 0.000000 0.000000
961.715172 0.000000 0.000000
961.715172 0.000000 0.000000
961.715172 0.000000 0.000000
961.715172 -0.000000 0.000000
961.715172 0.000000 0.000000
961.715172 0.000000 0.000000
961.715172 0.000000 0.000000
961.715172 -0.000000 0.000000
961.715172 -0.000000 0.000000
961.715172 0.000000 0.000000
961.715172 -0.000000 0.000000
961.715172 -0.000000 0.000000
961.715172 0.000000 0.000000
961.715172 0.000000 0.000000
961.715172 0.000000 0.000000
961.715172 0.000000 0.000000
961.715172 -0.000000 0.000000
961.715172 0.000000 0.000000
961.715172 0.000000 0.000000
961.715172 -0.000000 0.000000
961.715172 0.000000 0.000000
961.715172 0.000000 0.000000
961.715172 0.000000 0.000000
961.715172 -0.000000 0.000000
961.715172 0.000000 0.000000
