-5.000000 16.000000 7.000000
-4.000020 7.000000 0.000000
-6.000010 27.000000 16.000000
-6.000010 27.000000 16.000000
-2.999980 0.000000 5.000000
-1.000080 8.000000 9.000000
-4.999980 16.000000 7.000000
0.999950 8.000000 5.000000
-1.000040 8.000000 9.000000
-2.999950 0.000000 5.000000
-7.999920 55.000000 40.000000
-1.000020 8.000000 9.000000
-1.999950 5.000000 8.000000
-2.999960 0.000000 5.000000
-2.999990 0.000000 5.000000
-3.000080 -0.000000 5.000000
-3.000350 0.000000 5.000000
-3.001160 0.000001 4.999999
-3.003590 0.000012 4.999988
-3.010880 0.000117 4.999883
-3.032750 0.001068 4.998932
-3.098360 0.009661 4.990339
-3.295190 0.087096 4.912904
-3.885680 0.784305 4.215695
-5.657150 7.060074 2.060074
-3.905680 0.820129 4.179871
-3.965680 0.932403 4.067597
-4.145680 1.312422 3.687578
-4.685680 2.841281 2.158719
-6.305680 10.927057 5.927057
-3.887540 1.437344 4.437344
-4.415660 2.003923 2.996077
-5.185670 4.776891 0.223109
-3.457730 2.875198 5.875198
-5.260110 8.587701 1.587701
-4.421370 2.020065 2.979935
-4.355690 0.970181 3.369819
-4.559503 1.894700 2.665300
-4.631420 1.975637 2.364363
-4.693823 2.106404 2.013596
-4.830050 2.675451 1.004549
-4.525763 1.281504 1.958496
-4.565740 1.429029 2.250971
-4.965802 3.653434 0.493434
-4.505716 1.293087 2.746913
-4.606263 1.817116 1.142884
-4.598689 2.442855 0.162855
-4.799002 3.307014 0.767014
-4.576542 1.475393 2.184607
-4.312329 0.382536 2.517464
-4.698125 2.059462 1.420538
-4.646888 2.154745 0.645255
-4.487815 1.537893 0.982107
-4.540400 1.611490 1.148510
-4.634877 2.658247 0.378247
-4.553039 1.517401 1.482599
-4.454523 1.097546 1.762454
-4.601297 1.890550 0.929450
-4.488508 1.467333 1.132667
-4.522949 1.566467 1.133533
-4.502044 1.855891 0.444109
-4.517290 1.740218 0.739782
-4.391115 1.302675 0.937325
-4.451158 1.458111 0.941889
-4.391002 1.111110 1.308890
-4.483223 1.572405 0.887595
-4.422931 1.503944 0.716056
-4.441823 1.493399 0.826601
-4.380368 1.412645 0.687355
-4.404732 1.425725 0.774275
-4.316389 1.289707 0.630293
-4.360595 1.352347 0.707653
-4.305654 1.173794 0.786206
-4.332476 1.245590 0.774410
-4.273822 1.308141 0.431859
-4.310648 1.313313 0.566687
-4.213539 1.113990 0.526010
-4.257754 1.184924 0.575076
-4.212291 1.106700 0.533300
-4.243313 1.162096 0.557904
-4.157448 1.220791 0.159209
-4.271108 1.173078 0.646922
-4.190803 0.952047 0.707953
-4.211558 1.040423 0.639577
-4.143318 0.965764 0.514236
-4.172763 1.005419 0.554581
-4.147399 0.891180 0.648820
-4.171442 0.965702 0.614298
-4.108719 0.766007 0.713993
-4.134615 0.849890 0.670110
-4.075488 0.809552 0.530448
-4.104322 0.840031 0.579969
-4.067618 0.798691 0.521309
-4.090068 0.825346 0.554654
-4.024565 0.619075 0.660925
-4.059258 0.715510 0.624490
-3.999725 0.726929 0.413071
-4.034481 0.747370 0.492630
-3.989120 0.628157 0.531843
-4.008210 0.666464 0.533536
-3.937989 0.515968 0.544032
-3.977901 0.599503 0.540497
-3.926661 0.641909 0.318091
-3.951139 0.630692 0.409308
-3.902785 0.463106 0.516894
-3.927023 0.527822 0.492178
-3.855840 0.464147 0.375853
-3.889162 0.500231 0.419769
-3.855538 0.543857 0.256143
-3.919879 0.524356 0.475644
-3.859012 0.324468 0.595532
-3.880926 0.413016 0.526984
-3.839819 0.370347 0.469653
-3.899861 0.484639 0.475361
-3.851636 0.439447 0.400553
-3.866921 0.449056 0.430944
-3.822410 0.389662 0.390338
-3.849276 0.425617 0.414383
-3.805665 0.456948 0.243052
-3.824480 0.442890 0.317110
-3.793971 0.387929 0.312071
-3.811936 0.410381 0.329619
-3.766394 0.394805 0.225195
-3.790210 0.407805 0.272195
-3.751610 0.437261 0.122739
-3.771815 0.426878 0.193122
-3.738986 0.362365 0.197635
-3.758160 0.389113 0.210887
-3.710689 0.415744 0.044256
-3.773156 0.391959 0.248041
-3.731504 0.405808 0.114192
-3.767748 0.402788 0.217212
-3.736912 0.393853 0.146147
-3.760039 0.400239 0.199761
-3.701114 0.139590 0.420410
-3.687748 0.279588 0.180412
-3.684706 0.306245 0.133755
-3.726363 0.375290 0.144710
-3.721376 0.258528 0.301472
-3.721209 0.300947 0.239053
-3.687894 0.280475 0.179525
-3.698167 0.296772 0.183228
-3.674871 0.203628 0.256372
-3.690244 0.249982 0.230018
-3.645799 0.211317 0.168683
-3.664652 0.232520 0.187480
-3.647721 0.177521 0.222479
-3.660262 0.206600 0.213400
-3.621183 0.111469 0.248531
-3.673604 0.240617 0.199383
-3.639882 0.221751 0.138249
-3.646132 0.213268 0.166732
-3.615328 0.168039 0.151961
-3.634899 0.192298 0.167702
-3.616289 0.219834 0.080166
-3.631649 0.218731 0.121269
-3.605200 0.200469 0.079531
-3.612850 0.199440 0.100560
-3.584665 0.172127 0.067873
-3.603467 0.190214 0.089786
-3.587177 0.140276 0.119724
-3.572616 0.100830 0.139170
-3.556326 0.145671 0.034329
-3.573576 0.153365 0.066635
-3.537202 0.079953 0.080047
-3.559204 0.115385 0.084615
-3.522764 0.042215 0.097785
-3.545744 0.083021 0.096979
-3.504912 0.080809 0.000809
-3.521843 0.084615 0.035385
-3.490258 0.005841 0.085841
-3.542314 0.110199 0.049800
-3.504270 0.028734 0.071266
-3.516281 0.051713 0.068287
-3.487432 0.025814 0.034186
-3.497372 0.036159 0.043841
-3.474979 0.049724 0.029724
-3.515822 0.048994 0.071006
-3.481920 0.041889 0.001889
-3.490401 0.043388 0.016612
-3.480840 0.013119 0.073119
-3.501391 0.059950 0.020050
-3.476222 0.057078 0.037078
-3.497261 0.035508 0.044492
-3.476351 0.008927 0.031073
-3.487611 0.026878 0.033122
-3.469871 0.019451 0.000549
-3.479221 0.025904 0.014096
-3.461330 0.017995 0.017995
-3.478412 0.021111 0.018889
-3.464502 0.012307 0.032307
-3.480071 0.030934 0.009065
-3.472552 0.035321 0.015321
-3.477901 0.018094 0.021906
-3.450433 0.052369 0.092369
-3.507152 0.002121 0.122121
-3.507152 0.002121 0.122121
-3.461841 0.021015 0.021015
-3.478891 0.023951 0.016049
-3.866536 0.291070 0.668930
-2.816508 1.124805 0.144805
-3.509868 1.105699 1.405699
-3.464825 0.341624 0.461624
-3.438265 0.118097 0.118097
-3.406433 0.157947 0.097947
-3.689102 0.377647 0.042353
-3.519872 0.572875 0.652875
-3.504539 0.065042 0.205042
-3.450310 0.002055 0.022055
-3.442599 0.005918 0.045918
-3.469461 0.017024 0.002976
-3.468432 0.010929 0.009071
-3.488203 0.030368 0.029632
-3.459781 0.008818 0.008818
-3.458582 0.001716 0.001716
-3.468901 0.013710 0.006290
-3.458402 0.000651 0.000651
-3.458672 0.002249 0.002249
-3.449411 0.003272 0.016728
-3.468682 0.012408 0.007592
-3.539673 0.142355 0.002355
-3.607701 0.404756 0.204756
-3.478402 0.217764 0.357764
-3.419272 0.017580 0.117580
-3.457864 0.002543 0.002543
-3.435700 0.034915 0.005085
-3.448671 0.007651 0.012349
-3.468492 0.011284 0.008716
-3.501733 0.175184 0.355184
-3.588402 0.385366 0.225366
-3.510801 0.028266 0.168266
-3.407603 0.049513 0.189513
-3.460901 0.027215 0.044615
-3.448671 0.007651 0.012349
-3.463492 0.006209 0.003791
-3.428802 0.126782 0.107582
-3.417302 0.005886 0.105886
-3.417162 0.085402 0.021602
-3.469302 0.018527 0.000473
-3.458352 0.002593 0.003793
-3.457292 0.000998 0.001002
-3.457482 0.001350 0.000050
-3.457802 0.000440 0.000560
-3.457083 0.002241 0.000241
-3.458262 0.000806 0.001206
-3.457402 0.001331 0.000269
-3.457672 0.000717 0.000483
-3.436722 0.026408 0.014592
-3.468642 0.050488 0.046088
-3.462102 0.053159 0.065559
-3.461352 0.011348 0.023348
-3.456001 0.003711 0.000289
-3.457971 0.003367 0.003967
-3.457972 0.003367 0.003967
-3.458472 0.001066 0.001066
-3.457752 0.000736 0.000264
-3.472932 0.008848 0.047848
-3.485902 0.077231 0.042031
-3.458202 0.043637 0.061237
-3.452272 0.011191 0.030191
-3.455482 0.007279 0.003479
-3.457052 0.001926 0.000274
-3.458042 0.000003 0.000597
-3.458763 0.001307 0.000707
-3.446552 0.023149 0.004349
-3.458022 0.000122 0.000478
-3.471922 0.038458 0.021258
-3.467052 0.004235 0.015165
-3.457322 0.025362 0.033362
-3.453252 0.004156 0.017956
-3.457961 0.000477 0.000123
-3.468211 0.009627 0.010373
-3.468211 0.009627 0.010373
-3.458141 0.000097 0.000497
-3.457801 0.008793 0.011193
-3.466591 0.001514 0.017886
-3.449561 0.033418 0.026018
-3.449401 0.001850 0.018750
-3.457779 0.001542 0.000942
-3.455011 0.006683 0.017283
-3.458311 0.000119 0.000119
-3.458520 0.000378 0.000022
-3.459360 0.001907 0.000107
-3.455192 0.001120 0.005880
-3.458470 0.000082 0.000318
-3.469340 0.020724 0.002524
-3.464421 0.012780 0.032780
-3.466811 0.033237 0.026237
-3.448631 0.017753 0.001753
-3.471840 0.031115 0.011115
-3.471840 0.031115 0.011115
-3.458906 0.000864 0.000270
-3.458198 0.000141 0.000025
-3.462588 0.001274 0.008560
-3.462014 0.013514 0.010048
-3.458654 0.002437 0.004303
-3.451561 0.007422 0.005736
-3.457858 0.000923 0.000259
-3.458942 0.006225 0.010327
-3.458128 0.000358 0.000114
-3.458420 0.000180 0.000060
-3.461653 0.013152 0.010408
-3.461251 0.006212 0.001610
-3.454088 0.000150 0.010316
-3.454595 0.008751 0.003419
-3.459181 0.004432 0.004090
-3.458488 0.000444 0.000150
-3.458215 0.000173 0.000063
-3.458583 0.000440 0.000084
-3.460158 0.001626 0.002208
-3.459272 0.005850 0.005868
-3.457938 0.001483 0.001237
-3.458618 0.002540 0.002786
-3.458618 0.002540 0.002786
-3.458059 0.000330 0.000094
-3.458327 0.000038 0.000036
-3.458717 0.000575 0.000219
-3.461582 0.008165 0.003563
-3.461582 0.008165 0.003563
-3.458345 0.000202 0.000154
-3.458246 0.000093 0.000023
-3.460137 0.000918 0.003156
-3.457674 0.002386 0.001872
-3.456854 0.003892 0.002020
-3.458330 0.000090 0.000030
-3.458448 0.000306 0.000050
-3.458444 0.000302 0.000054
-3.458404 0.000164 0.000044
-3.458255 0.000035 0.000037
-3.457245 0.001093 0.000979
-3.457376 0.000814 0.001054
-3.458476 0.001169 0.001199
-3.458588 0.000298 0.000296
-3.458036 0.000254 0.000256
-3.458481 0.000005 0.000467
-3.458366 0.000175 0.000063
-3.458279 0.000011 0.000013
-3.458350 0.000061 0.000059
-3.458914 0.000330 0.001038
-3.458913 0.000329 0.001037
-3.458244 0.000095 0.000021
-3.458313 0.000073 0.000047
-3.460258 0.001874 0.002102
-3.459231 0.001875 0.000375
-3.458363 0.000910 0.001454
-3.457700 0.000395 0.001975
-3.458981 0.000691 0.000689
-3.458261 0.000078 0.000038
-3.458279 0.000011 0.000013
-3.459348 0.001404 0.000572
-3.457937 0.000139 0.001047
-3.458852 0.000464 0.000698
-3.458162 0.000128 0.000130
-3.459338 0.001345 0.000631
-3.459338 0.001345 0.000631
-3.458281 0.000040 0.000080
-3.458271 0.000019 0.000021
-3.458559 0.000220 0.000337
-3.458364 0.000172 0.000418
-3.457759 0.000629 0.000395
-3.458445 0.000303 0.000053
-3.458322 0.000032 0.000030
-3.458291 0.000051 0.000069
-3.458289 0.000048 0.000072
-3.458429 0.000237 0.000001
-3.458416 0.000127 0.000125
-3.458459 0.000070 0.000306
-3.458260 0.000029 0.000031
-3.458359 0.000020 0.000137
-3.458359 0.000020 0.000137
-3.458268 0.000071 0.000046
-3.458369 0.000030 0.000146
-3.458389 0.000148 0.000028
-3.458277 0.000013 0.000015
-3.458292 0.000047 0.000070
-3.458292 0.000047 0.000070
-3.458264 0.000023 0.000097
-3.458285 0.000029 0.000028
-3.458271 0.000006 0.000055
-3.458281 0.000021 0.000007
-3.458274 0.000003 0.000034
-3.458280 0.000016 0.000003
-3.458281 0.000013 0.000004
-3.458284 0.000012 0.000001
-3.458283 0.000015 0.000003
-3.458285 0.000018 0.000013
-3.458280 0.000013 0.000006
-3.458285 0.000011 0.000001
-3.458287 0.000008 0.000004
-3.458285 0.000007 0.000004
-3.458290 0.000005 0.000007
-3.458295 0.000001 0.000013
-3.458291 0.000001 0.000003
-3.458295 0.000005 0.000005
-3.458290 0.000001 0.000000
-3.458287 0.000001 0.000007
-3.458288 0.000002 0.000003
-3.458295 0.000005 0.000004
-3.458292 0.000002 0.000002
-3.458294 0.000002 0.000007
-3.458290 0.000001 0.000001
-3.458290 0.000001 0.000002
-3.458291 0.000000 0.000002
-3.458288 0.000003 0.000001
-3.458291 0.000001 0.000001
-3.458290 0.000000 0.000001
-3.458290 0.000000 0.000000
-3.458291 0.000001 0.000002
-3.458290 0.000000 0.000000
-3.458289 0.000001 0.000001
-3.458291 0.000000 0.000001
-3.458290 0.000001 0.000003
-3.458293 0.000001 0.000004
-3.458304 0.000001 0.000032
-3.458305 0.000003 0.000032
-3.458305 0.000002 0.000033
-3.458304 0.000001 0.000033
-3.458290 0.000000 0.000000
-3.458290 0.000000 0.000000
-3.458387 0.000082 0.000117
-3.458290 0.000000 0.000000
-3.458303 0.000033 0.000016
-3.458278 0.000033 0.000017
-3.458225 0.000090 0.000031
-3.458258 0.000007 0.000088
-3.458289 0.000001 0.000002
-3.458289 0.000001 0.000002
-3.458288 0.000002 0.000003
-3.458287 0.000002 0.000006
-3.458290 0.000000 0.000000
-3.458290 0.000000 0.000000
-3.458285 0.000002 0.000011
-3.458339 0.000046 0.000053
-3.458309 0.000029 0.000005
-3.458279 0.000002 0.000025
-3.458302 0.000002 0.000026
-3.458290 0.000001 0.000001
-3.458291 0.000000 0.000001
-3.458303 0.000022 0.000001
-3.458303 0.000023 0.000001
-3.458290 0.000000 0.000000
-3.458294 -0.000000 0.000009
-3.458311 0.000024 0.000015
-3.458309 0.000014 0.000025
-3.458284 0.000002 0.000013
-3.458298 0.000002 0.000015
-3.458267 0.000015 0.000034
-3.458302 0.000017 0.000006
-3.458303 0.000017 0.000006
-3.458309 0.000016 0.000023
-3.458309 0.000016 0.000023
-3.458289 0.000001 0.000005
-3.458299 0.000007 0.000010
-3.458300 0.000011 0.000008
-3.458298 0.000004 0.000011
-3.458284 0.000004 0.000010
-3.458290 0.000001 0.000000
-3.458290 0.000000 0.000000
-3.458291 0.000000 0.000001
-3.458297 0.000006 0.000007
-3.458300 0.000009 0.000010
-3.458291 0.000000 0.000000
-3.458292 0.000002 0.000001
-3.458290 0.000001 0.000001
-3.458291 0.000001 0.000003
-3.458290 0.000001 0.000002
-3.458290 0.000002 0.000001
-3.458290 0.000000 0.000000
-3.458290 0.000000 0.000000
-3.458297 0.000007 0.000005
-3.458301 0.000010 0.000010
-3.458285 0.000004 0.000006
-3.458296 0.000004 0.000007
-3.458283 0.000006 0.000009
-3.458291 0.000001 0.000001
-3.458290 0.000001 -0.000000
-3.458290 0.000001 0.000000
-3.458290 0.000000 0.000001
-3.458291 0.000000 0.000001
-3.458290 0.000000 0.000000
-3.458296 0.000006 0.000005
-3.458292 0.000002 0.000001
-3.458288 0.000002 0.000004
-3.458286 0.000006 0.000004
-3.458296 0.000006 0.000005
-3.458291 0.000001 0.000001
-3.458288 0.000003 0.000003
-3.458287 0.000003 0.000003
-3.458291 0.000001 0.000000
-3.458291 0.000000 0.000000
-3.458291 0.000001 0.000000
-3.458290 0.000000 0.000000
-3.458290 0.000000 0.000000
-3.458291 0.000000 0.000000
-3.458293 0.000002 0.000002
-3.458289 0.000002 0.000001
-3.458293 0.000002 0.000003
-3.458290 0.000000 0.000000
-3.458290 0.000000 0.000000
-3.458290 0.000000 0.000000
-3.458292 0.000001 0.000002
-3.458291 0.000001 0.000001
-3.458290 0.000000 0.000000
-3.458290 0.000000 0.000001
-3.458291 0.000000 0.000000
-3.458291 0.000001 0.000001
-3.458290 0.000001 0.000000
-3.458290 0.000001 0.000001
-3.458291 0.000001 0.000000
-3.458291 0.000000 0.000000
-3.458291 0.000000 0.000000
-3.458291 0.000000 0.000000
-3.458291 0.000000 0.000000
-3.458291 0.000000 0.000000
-3.458291 0.000000 0.000001
-3.458291 0.000000 0.000001
-3.458290 0.000000 0.000001
-3.458291 0.000001 0.000000
-3.458291 0.000000 0.000000
-3.458291 0.000000 0.000000
-3.458291 0.000000 -0.000000
-3.458291 0.000000 0.000000
-3.458291 0.000000 0.000000
-3.458291 0.000000 0.000000
-3.458290 0.000000 0.000000
-3.458291 0.000000 0.000000
-3.458290 0.000000 0.000000
-3.458291 0.000000 0.000001
-3.458291 0.000001 0.000000
-3.458290 0.000000 0.000000
-3.458291 0.000000 0.000001
-3.458290 0.000000 0.000000
-3.458291 0.000000 0.000000
-3.458291 0.000000 0.000000
-3.458290 0.000000 0.000000
-3.458290 0.000000 0.000000
-3.458291 0.000000 0.000001
-3.458291 0.000000 0.000001
-3.458291 0.000001 0.000000
-3.458290 0.000000 0.000000
-3.458291 0.000000 0.000000
-3.458291 0.000000 0.000000
-3.458291 0.000000 0.000000
-3.458291 0.000000 0.000000
-3.458291 0.000000 -0.000000
-3.458291 0.000000 0.000000
-3.458291 0.000000 0.000001
-3.458291 0.000000 0.000001
-3.458291 0.000000 0.000000
-3.458291 0.000000 0.000000
-3.458291 0.000000 0.000000
-3.458291 0.000000 0.000000
-3.458291 0.000000 0.000000
-3.458291 0.000000 0.000000
-3.458291 0.000000 0.000001
-3.458291 0.000000 0.000001
-3.458291 0.000000 0.000000
-3.458291 0.000000 0.000000
-3.458291 0.000000 0.000000
-3.458291 0.000000 0.000000
-3.458291 0.000000 0.000000
-3.458291 0.000000 0.000000
-3.458291 0.000000 0.000001
-3.458291 0.000000 0.000001
-3.458291 0.000000 0.000000
-3.458291 0.000000 0.000000
-3.458291 0.000000 0.000000
-3.458291 0.000000 0.000000
-3.458291 0.000000 0.000000
-3.458291 0.000000 0.000000
-3.458291 0.000000 0.000001
-3.458291 0.000000 0.000001
-3.458291 0.000000 0.000000
-3.458291 0.000000 0.000000
-3.458291 0.000000 0.000000
-3.458291 0.000000 0.000000
-3.458291 0.000000 0.000000
-3.458291 0.000000 0.000000
-3.458291 0.000000 0.000001
-3.458291 0.000000 0.000001
-3.458291 0.000000 0.000000
-3.458291 0.000000 0.000000
-3.458291 0.000000 0.000000
-3.458291 0.000000 0.000000
-3.458291 0.000000 0.000000
-3.458291 0.000000 0.000001
-3.458291 0.000000 0.000001
-3.458291 0.000000 0.000000
-3.458291 0.000000 0.000000
-3.458291 0.000000 0.000000
-3.458291 0.000000 0.000000
-3.458291 0.000000 0.000001
-3.458291 0.000000 0.000001
-3.458291 0.000000 0.000000
-3.458291 0.000000 0.000000
-3.458291 0.000000 0.000000
-3.458291 0.000000 0.000000
-3.458291 0.000000 0.000001
-3.458291 0.000000 0.000001
-3.458291 0.000000 0.000000
-3.458291 0.000000 0.000000
-3.458291 0.000000 0.000000
-3.458291 0.000000 0.000000
-3.458291 0.000000 0.000001
-3.458291 0.000000 0.000001
-3.458291 0.000000 0.000000
-3.458291 0.000000 0.000000
-3.458291 0.000000 0.000000
-3.458291 0.000000 0.000000
-3.458291 0.000000 0.000001
-3.458291 0.000000 0.000001
-3.458291 0.000000 0.000000
-3.458291 0.000000 0.000000
-3.458291 0.000000 0.000000
-3.458291 0.000000 0.000000
-3.458291 0.000000 0.000001
-3.458291 0.000000 0.000001
-3.458291 0.000000 0.000000
-3.458291 0.000000 0.000000
-3.458291 0.000000 0.000000
-3.458291 0.000000 0.000000
-3.458291 0.000000 0.000001
-3.458291 0.000000 0.000001
-3.458291 0.000000 0.000000
-3.458291 0.000000 0.000000
-3.458291 0.000000 0.000000
-3.458291 0.000000 0.000000
-3.458291 0.000000 0.000001
-3.458291 0.000000 0.000001
-3.458291 0.000000 0.000000
-3.458291 0.000000 0.000001
-3.458291 0.000000 0.000001
-3.458291 0.000000 0.000000
-3.458291 0.000000 0.000001
-3.458291 0.000000 0.000001
-3.458291 0.000000 0.000000
-3.458291 0.000000 0.000001
-3.458291 0.000000 0.000001
-3.458291 0.000000 0.000000
-3.458291 0.000000 0.000001
-3.458291 0.000000 0.000001
-3.458291 0.000000 0.000000
-3.458291 0.000000 0.000000
-3.458291 0.000000 0.000001
-3.458291 0.000000 0.000001
