976.000000 2.000000 13.000000
966.000000 15.000000 6.000000
954.000000 24.000000 3.000000
959.000000 17.000000 3.000000
999.000000 48.000000 24.000000
977.333300 1.310000 10.122200
982.000000 14.000000 8.000000
983.033600 6.490000 12.386100
989.398900 18.890000 18.162700
973.437100 6.550000 9.851000
963.801600 11.360000 5.121600
967.492400 8.970000 3.658900
960.707800 12.600000 4.525400
977.874400 1.790000 3.499700
977.673700 8.510000 9.069700
973.711200 2.640000 0.965600
969.482100 7.230000 7.530600
969.432600 4.360000 5.774900
976.466100 9.040000 10.278900
971.412700 4.520000 2.687900
979.595700 4.350000 9.621800
972.373200 2.110000 1.179500
977.878400 6.090000 0.999500
973.457300 1.810000 2.235800
965.565600 2.640000 4.336800
975.961800 0.610000 2.434100
974.822600 2.520000 0.607700
973.929300 2.030000 1.532600
972.718400 4.920000 0.156400
974.569000 0.590000 0.273100
973.811900 1.470000 1.371900
970.878700 0.570000 2.695700
974.871600 0.260000 1.303600
976.558400 3.680000 2.897000
973.447100 0.680000 0.138500
974.095700 1.330000 1.473400
974.244600 0.720000 0.508500
973.315600 0.850000 1.924300
974.441600 0.090000 0.498100
973.856200 0.550000 0.398900
975.216300 1.430000 0.625900
973.853700 0.220000 0.013900
974.569000 0.340000 0.370600
974.071200 1.000000 0.435400
974.436400 0.140000 0.086800
974.123100 0.260000 0.808900
974.395700 0.110000 0.187000
973.704300 0.210000 0.283900
973.960600 0.040000 0.146600
974.669200 0.290000 0.132500
974.106100 0.040000 0.083500
973.884300 0.130000 0.106600
974.010900 0.090000 0.064200
973.549200 0.130000 0.166900
974.180700 -0.000000 0.033700
974.385300 0.120000 0.409300
974.252100 0.040000 0.154900
974.041600 0.080000 0.036200
970.649600 7.440000 1.095600
966.386800 7.480000 4.643800
969.089900 6.510000 5.867700
985.360800 21.430000 6.311700
974.241300 0.020000 0.167500
974.080900 0.100000 0.020500
973.254900 1.880000 0.601900
971.445900 3.000000 2.168900
973.564100 1.740000 0.414900
977.917100 6.620000 1.545500
973.601200 0.730000 0.002900
972.682500 1.950000 1.282500
974.150700 0.860000 0.477500
976.116200 3.540000 0.570300
974.206496 0.062900 0.121201
974.061702 0.052100 0.016351
974.085450 0.128300 0.090668
974.100881 0.001600 0.039696
974.183271 0.044900 0.046584
974.149275 0.014200 0.024596
974.221577 0.061200 0.000951
974.103527 0.024000 0.010709
974.186976 0.004700 0.087111
974.123011 0.002600 0.008330
974.067928 0.007300 0.014170
974.044847 0.036300 0.030613
974.123589 0.002300 0.010083
974.106656 0.018900 0.019386
974.104869 0.014000 0.002870
974.165177 0.002200 0.018307
974.092457 0.006000 0.006304
973.961396 0.042200 0.003869
974.116582 0.019700 0.002210
974.161681 0.096500 0.010774
973.363515 0.917900 0.074413
973.405011 1.331700 0.317596
974.448133 0.316000 0.574340
975.079377 1.957600 0.209705
973.998778 0.016200 0.001474
974.121062 0.010300 0.006157
974.116623 0.004500 0.003064
974.098462 0.006000 0.022201
974.117531 0.000200 0.001851
974.120247 0.012700 0.016605
974.094574 0.002000 0.003255
974.469517 0.474000 0.020066
973.749709 0.685900 0.203335
974.044940 0.004800 0.200430
974.192336 0.206300 0.363268
974.127259 0.009500 0.007406
974.100968 0.001800 0.002592
974.092311 0.004700 0.004629
974.110602 0.001800 0.000755
974.121467 0.000100 0.106737
974.164360 0.024400 0.036912
974.362441 0.400600 0.094673
973.818945 0.377100 0.247755
974.124731 0.001667 0.004063
974.102088 0.001233 0.001531
974.119144 0.003956 0.004375
974.105811 0.000761 0.000820
974.120715 0.000674 0.001305
974.118594 0.002357 0.000531
974.112457 0.000964 0.000454
974.108267 0.000244 0.003596
974.114987 0.000588 0.000705
974.122560 0.000536 0.004201
974.101436 0.001201 0.000942
974.115532 0.000495 0.000553
974.117164 0.000215 0.004329
974.122622 0.002392 0.000614
974.109889 0.000224 0.000499
974.092878 0.000576 0.000262
974.097007 0.000176 0.001267
974.110950 0.000076 0.000342
974.114132 0.000976 0.000132
974.094127 0.001476 0.000597
974.110451 0.000576 0.000406
974.147252 0.126876 0.084693
974.330095 0.386876 0.026681
973.984118 0.140324 0.105302
973.977631 0.373124 0.007579
974.098955 0.000176 0.000472
974.005513 0.181546 0.038027
974.095240 0.008867 0.033547
974.071657 0.025724 0.040837
974.270555 0.216441 0.046129
974.120259 0.000565 0.000565
974.099744 0.000285 0.000358
974.103529 0.003441 0.013748
974.156791 0.092655 0.001716
974.058950 0.075680 0.031421
974.124304 0.020112 0.020607
974.096541 0.000587 0.000279
974.106560 0.000018 0.000448
974.100725 0.010800 0.001168
974.100793 0.011062 0.011660
974.093989 0.031925 0.005046
974.148255 0.054091 0.016885
974.112539 0.000053 0.000287
974.119308 0.000009 0.000172
974.139523 0.000191 0.000251
974.136621 0.000173 0.000208
974.129928 0.007985 0.006203
974.100469 0.032804 0.008609
974.123248 0.007591 0.008151
974.123555 0.017192 0.011221
974.106060 0.000102 0.000367
974.131194 0.000116 0.000064
974.166557 0.000442 0.001030
974.145469 0.000249 0.000420
974.120806 0.000023 0.000140
974.119731 0.016529 0.001671
974.149196 0.030255 0.011309
974.128080 0.003288 0.006227
974.127738 0.017478 0.007032
974.110875 0.000082 0.000333
974.130202 0.000116 0.000055
974.127223 0.000118 0.000031
974.118270 0.000123 0.000028
974.124895 0.000165 0.000080
974.120707 0.000046 0.000110
974.100740 0.000459 0.000279
974.123589 0.000273 0.000007
974.121134 0.000602 0.000030
974.069187 0.059446 0.064036
974.036125 0.160313 0.025186
974.063218 0.061104 0.001702
974.313336 0.280679 0.090821
974.101078 0.000178 0.000462
974.123329 0.000171 0.000064
974.121435 0.000065 0.000087
974.123616 0.000126 0.000015
974.127971 0.000029 0.000083
974.132807 0.000018 0.000094
974.147234 0.000387 0.000109
974.133724 0.000632 0.000034
974.124258 0.000327 0.000193
974.175860 0.122371 0.018681
974.078441 0.093553 0.064449
974.002568 0.168460 0.047435
974.254246 0.139526 0.130306
974.147497 0.000083 0.000001
974.205266 0.000408 0.000844
974.150803 0.000318 0.000054
974.128739 0.000049 0.000135
974.050759 0.152402 0.013781
974.206457 0.109347 0.058754
974.121232 0.001317 0.033854
974.210797 0.044704 0.011739
974.205303 0.000420 0.000919
974.150692 0.000104 0.000017
974.143410 0.000067 0.000034
974.131292 0.000410 0.000305
974.146550 0.000163 0.000087
974.136311 0.000116 0.000003
974.107879 0.100367 0.013298
974.030591 0.165403 0.030694
974.102301 0.047733 0.071214
974.331568 0.313771 0.114592
974.131117 0.000016 0.000110
974.146455 0.000067 0.000008
974.153252 0.000086 0.000081
974.155295 0.000443 0.000293
974.163577 0.000404 0.000014
974.136573 0.000588 0.000130
974.154445 0.001057 0.063635
974.121220 0.088545 0.009334
974.302385 0.231918 0.061258
974.006888 0.142048 0.116202
974.155570 0.000069 0.000151
974.163499 0.000178 0.000157
974.136896 0.000026 0.000057
974.107813 0.000540 0.000072
974.137013 0.000121 0.000181
974.145053 0.000284 0.000070
974.178630 0.091621 0.048199
974.243563 0.170431 0.019840
974.103122 0.018374 0.042502
974.021150 0.243574 0.025941
974.108036 0.000092 0.000093
974.136997 0.000011 0.000047
974.131748 0.000007 0.000068
974.137305 0.000028 0.000019
974.138229 0.000144 0.000067
974.127646 0.000064 0.000062
974.141763 0.000033 0.000018
974.118664 0.034491 0.015665
974.096079 0.073854 0.022355
974.166689 0.028274 0.011607
974.167603 0.079959 0.004961
974.140482 0.000015 0.000001
974.142276 0.000032 0.000030
974.149994 0.000026 0.000076
974.137426 0.000028 0.000053
974.141073 0.000005 0.000003
974.142842 0.000019 0.000011
974.145620 0.000027 0.000032
974.139383 0.000019 0.000007
974.134592 0.029375 0.018099
974.074966 0.108395 0.016837
974.126671 0.011667 0.021606
974.227708 0.149417 0.056322
974.137777 0.000055 0.000010
974.141578 0.000004 0.000005
974.124216 0.025294 0.001735
974.157806 0.024031 0.016419
974.146320 0.018929 0.000117
974.135911 0.017686 0.014846
974.142707 0.000013 0.000013
974.141881 0.000012 0.000007
974.132741 0.009357 0.004113
974.133673 0.014063 0.003646
974.138888 0.004608 0.004241
974.158979 0.028008 0.003499
974.142845 0.000025 0.000010
974.142539 0.000023 0.000009
974.140997 0.000006 0.000003
974.139236 0.002573 0.001169
974.142344 0.000329 0.001254
974.145761 0.008121 0.002275
974.136949 0.005897 0.004711
974.140551 0.000017 0.000001
974.141549 0.000005 0.000005
974.142581 0.003086 0.000248
974.141064 0.000226 0.000938
974.139186 0.002370 0.001069
974.141461 0.000511 0.001747
974.140883 0.000009 0.000002
974.141382 0.000002 0.000004
974.142310 0.000021 0.000009
974.141693 0.000006 0.000005
974.141171 0.000003 0.000004
974.139937 0.002107 0.000037
974.142605 0.001452 0.001226
974.142422 0.002354 0.000466
974.140566 0.001692 0.001673
974.140839 0.000008 0.000002
974.141394 0.000001 0.000004
974.141427 0.000000 0.000004
974.141528 0.000003 0.000003
974.141516 0.000003 0.000003
974.141483 0.000002 0.000004
974.140559 0.001003 0.000256
974.140649 0.001408 0.000464
974.141278 0.000534 0.000464
974.143221 0.002945 0.000239
974.141131 0.000443 0.000041
974.141244 0.000149 0.000177
974.141067 0.000675 0.000213
974.142266 0.001268 0.000332
974.141383 0.000170 0.000020
974.141168 0.000391 0.000084
974.141358 0.000077 0.000150
974.141798 0.000638 0.000237
974.141385 0.000101 0.000033
974.141331 0.000146 0.000021
974.141385 0.000040 0.000061
974.141607 0.000287 0.000098
974.141429 0.000009 0.000031
974.141386 0.000076 0.000022
974.141387 0.000045 0.000016
974.141506 0.000112 0.000053
974.141319 0.000004 0.000005
974.141442 0.000000 0.000004
974.141407 0.000025 0.000014
974.141413 0.000029 0.000008
974.141427 0.000000 0.000006
974.141461 0.000053 0.000001
974.141457 0.000025 0.000013
974.141444 0.000012 0.000006
974.141420 0.000012 0.000007
974.141438 0.000006 0.000003
974.141426 0.000006 0.000004
974.141435 0.000003 0.000001
974.141442 0.000001 0.000011
974.141431 0.000001 0.000002
974.141420 0.000003 0.000003
974.141436 0.000000 0.000002
974.141441 0.000003 0.000005
974.141431 0.000001 0.000002
974.141430 0.000002 0.000003
974.141434 0.000002 0.000000
974.141437 0.000001 0.000002
974.141435 0.000001 0.000001
974.141440 0.000002 0.000003
974.141433 0.000001 0.000001
974.141436 0.000000 0.000001
974.141437 0.000001 0.000001
974.141433 0.000001 0.000003
974.141436 0.000000 0.000001
974.141438 -0.000000 0.000001
974.141438 0.000001 0.000003
974.141436 0.000001 -0.000000
974.141437 0.000000 0.000002
974.141436 0.000000 0.000000
974.141434 0.000000 0.000000
974.141435 0.000000 0.000000
974.141434 0.000001 0.000000
974.141435 0.000000 0.000000
974.141436 0.000000 0.000000
974.141435 0.000000 0.000000
981.795679 7.000000 8.126594
978.748297 8.000000 1.944703
979.622151 14.000000 2.976533
956.880333 15.000000 10.181892
979.923157 6.640000 4.747565
975.793266 3.650000 1.917514
975.814493 5.450000 0.604085
963.998761 12.500000 4.371770
977.442117 4.360000 2.302840
974.483594 1.740000 1.365008
973.955342 0.960000 0.144331
969.915593 7.060000 1.522565
975.238121 1.180000 1.069467
974.703558 0.730000 0.053170
974.577107 1.200000 0.011442
973.558715 0.730000 0.032769
974.555175 0.354400 0.501441
974.712670 0.867600 0.150698
974.228428 0.383200 0.073574
973.553019 0.874900 0.163022
974.474829 0.417400 0.228455
974.172302 0.126400 0.120389
974.155916 0.137100 0.005250
973.762985 0.628000 0.114409
974.249529 0.104600 0.093265
974.175906 0.061800 0.031855
974.205963 0.131500 0.029719
973.979935 0.203500 0.070243
974.141436 0.000000 0.000001
974.141432 0.000007 0.000002
974.141436 0.000004 0.000002
974.141435 0.000001 0.000002
974.191837 0.049720 0.051501
974.197178 0.098387 0.006867
974.135866 0.018745 0.007321
974.035090 0.148289 0.058585
974.147492 0.006174 0.013643
974.167350 0.035124 0.010061
974.157398 0.024078 0.018382
974.103061 0.038559 0.031064
974.147418 0.002716 0.008832
974.147893 0.007202 0.000683
974.151269 0.016386 0.005505
974.124339 0.017670 0.012124
974.141437 0.000002 0.000000
974.141431 0.000005 0.000002
974.141434 0.000000 0.000000
974.141426 0.000000 0.000003
974.141429 0.000007 0.000002
974.141434 0.000000 0.000000
974.135052 0.006835 0.004855
974.140879 0.001077 0.002852
974.138249 0.007379 0.000240
974.147922 0.007057 0.005244
974.141431 0.000005 0.000001
974.141432 0.000001 0.000000
974.141434 0.000000 0.000000
974.139802 0.002220 0.002304
974.141856 0.001005 0.001198
974.138458 0.004035 0.001306
974.144422 0.004068 0.001318
974.141434 0.000001 0.000003
974.141433 0.000000 0.000000
974.141431 0.000001 0.000001
974.141430 0.000006 0.000002
974.141433 0.000001 0.000000
974.141434 0.000000 0.000000
974.141180 0.000446 0.000372
974.140738 0.001159 0.000075
974.140030 0.001741 0.001255
974.141457 0.000025 0.000016
974.141430 0.000006 0.000002
974.140884 0.000538 0.000473
974.141444 0.000033 0.000225
974.141028 0.000812 0.000059
974.141984 0.000553 0.000512
974.141430 0.000006 0.000002
974.141243 0.000139 0.000141
974.141281 0.000303 0.000032
974.141220 0.000299 0.000208
974.141636 0.000166 0.000141
974.141430 0.000006 0.000002
974.141347 0.000091 0.000029
974.141425 0.000091 0.000065
974.141308 0.000174 0.000104
974.141521 0.000095 0.000029
974.141430 0.000006 0.000002
974.141360 0.000105 0.000028
974.141425 0.000026 0.000014
974.141393 0.000037 0.000058
974.141514 0.000080 0.000043
974.141430 0.000006 0.000002
974.141425 0.000011 0.000004
974.141426 0.000006 0.000013
974.141405 0.000040 0.000020
974.141433 0.000001 0.000000
974.141430 0.000006 0.000002
974.141419 0.000014 0.000008
974.141426 0.000013 0.000004
974.141431 0.000002 0.000009
974.141433 0.000001 0.000000
974.141430 0.000005 0.000001
974.141429 0.000001 0.000002
974.141426 0.000009 0.000005
974.141431 0.000004 0.000003
974.141433 0.000001 0.000000
974.141433 0.000000 0.000000
974.141433 0.000000 0.000001
974.141433 0.000000 0.000000
974.141432 0.000000 0.000000
974.141432 0.000000 0.000000
974.141432 0.000000 0.000000
974.141432 0.000000 0.000000
974.141431 0.000000 0.000000
974.141431 0.000001 0.000000
974.141432 0.000001 0.000001
974.141432 0.000000 0.000000
974.141429 0.000001 0.000001
974.141428 0.000008 0.000003
974.141432 0.000000 0.000000
974.141432 0.000000 0.000000
974.141434 0.000005 0.000002
974.141436 0.000007 0.000000
974.141427 0.000003 0.000005
974.141429 0.000006 0.000002
974.141431 0.000002 0.000000
974.141432 0.000000 0.000000
974.141430 0.000002 0.000000
974.141428 0.000004 0.000003
974.141431 0.000001 0.000001
974.141432 0.000001 0.000000
974.141431 0.000001 0.000000
974.141432 0.000000 0.000001
974.141431 0.000000 0.000001
974.141433 0.000002 0.000001
974.141431 0.000003 0.000000
974.141432 0.000000 0.000000
974.141431 0.000001 0.000001
974.141431 0.000001 0.000001
974.141431 0.000001 0.000000
974.141433 0.000001 0.000000
974.141432 0.000000 0.000000
974.141432 0.000000 0.000000
974.141432 0.000000 0.000000
974.141432 0.000000 0.000000
974.141431 0.000000 0.000000
974.141431 0.000000 0.000000
974.141431 0.000000 0.000000
974.141431 0.000000 0.000001
974.141431 0.000000 0.000000
974.141431 0.000000 0.000000
974.141431 0.000000 0.000000
974.141431 0.000000 0.000000
974.141432 0.000000 0.000000
974.141432 0.000000 0.000000
974.141432 0.000000 0.000000
974.141432 0.000000 0.000000
974.141431 0.000000 0.000000
974.141432 0.000000 0.000000
974.141431 0.000000 0.000000
974.141431 0.000000 0.000000
974.141431 0.000000 0.000000
974.141431 0.000000 0.000000
974.141432 0.000000 0.000000
974.141431 0.000000 0.000000
974.141431 0.000000 0.000000
974.141431 0.000000 0.000000
974.141431 0.000000 0.000000
974.141431 0.000000 0.000000
974.141432 0.000000 0.000000
974.141431 0.000000 0.000000
974.141431 0.000000 0.000000
974.141431 0.000000 0.000000
974.141431 0.000000 0.000000
974.141431 0.000000 0.000000
974.141432 0.000000 0.000000
974.141431 0.000000 0.000000
974.141431 0.000000 0.000000
974.141431 0.000000 0.000000
974.141431 0.000000 0.000000
974.141431 0.000000 0.000000
974.141431 0.000000 0.000000
974.141431 0.000000 0.000000
974.141431 0.000000 0.000000
974.141431 0.000000 0.000000
974.141431 0.000000 0.000000
974.141431 0.000000 0.000000
974.141431 0.000000 0.000000
974.141431 0.000000 0.000000
974.141431 0.000000 0.000000
974.141431 0.000000 0.000000
974.141431 0.000000 0.000000
974.141431 0.000000 0.000000
974.141431 0.000000 0.000000
974.141431 0.000000 0.000000
974.141431 0.000000 0.000000
974.141431 0.000000 0.000000
974.141431 0.000000 0.000000
974.141431 0.000000 0.000000
974.141431 0.000000 0.000000
974.141431 0.000000 0.000000
974.141431 0.000000 0.000000
974.141431 0.000000 0.000000
974.141431 0.000000 0.000000
974.141431 0.000000 0.000000
974.141431 0.000000 0.000000
974.141431 0.000000 0.000000
974.141431 0.000000 0.000000
974.141431 0.000000 0.000000
974.141431 0.000000 0.000000
974.141431 0.000000 0.000000
974.141431 0.000000 0.000000
974.141431 0.000000 0.000000
974.141431 0.000000 0.000000
974.141431 0.000000 0.000000
974.141431 0.000000 0.000000
974.141431 0.000000 0.000000
974.141431 0.000000 0.000000
974.141431 0.000000 0.000000
974.141431 0.000000 0.000000
974.141431 0.000000 0.000000
974.141431 0.000000 0.000000
974.141431 0.000000 0.000000
974.141431 0.000000 0.000000
974.141431 0.000000 0.000000
974.141431 0.000000 0.000000
974.141431 0.000000 0.000000
974.141431 0.000000 0.000000
974.141431 0.000000 0.000000
974.141431 0.000000 0.000000
974.141431 0.000000 0.000000
974.141431 0.000000 0.000000
974.141431 0.000000 0.000000
974.141431 0.000000 0.000000
974.141431 0.000000 0.000000
974.141431 0.000000 0.000000
974.141431 0.000000 0.000000
974.141431 0.000000 0.000000
974.141431 0.000000 0.000000
974.141431 0.000000 0.000000
974.141431 0.000000 0.000000
974.141431 0.000000 0.000000
