324.431303 -0.000000 0.000000 0.000000
377.785471 -0.000000 0.000000 0.000000
713.697541 -0.000000 0.000000 0.000000
381.540157 -0.000000 0.000000 0.000000
312.803139 -0.000000 0.000000 0.000000
323.636182 -0.000000 -0.000000 0.000000
329.465527 -0.000000 0.000000 0.000000
316.966013 0.000000 0.000000 0.000000
427.357227 -0.000000 0.000000 0.000000
321.428147 -0.000000 0.000000 0.000000
426.388457 -0.000000 0.000000 0.000000
320.599937 -0.000000 0.000000 0.000000
426.414147 -0.000000 0.000000 0.000000
320.228117 -0.000000 0.000000 0.000000
426.626868 0.000000 -0.000000 0.000000
319.995351 -0.000000 -0.000000 0.000000
426.866585 -0.000000 0.000000 0.000000
319.883411 0.000000 0.000000 -0.000000
427.020425 -0.000000 0.000000 0.000000
351.105479 -0.000000 -0.000000 0.000000
324.436938 -0.000000 -0.000000 0.000000
312.738748 -0.000000 0.000000 0.000000
336.370616 0.000000 0.000000 0.000000
426.467393 -0.000000 0.000000 0.000000
319.366964 0.000000 0.000000 0.000000
374.739672 0.000000 0.000000 0.000000
334.144685 -0.000000 0.000000 0.000000
315.474073 0.000000 0.000000 0.000000
353.034195 -0.000000 -0.000000 0.000000
313.880300 0.000000 0.000000 0.000000
308.886637 0.000000 0.000000 0.000000
356.588129 -0.000000 0.000000 0.000000
314.438390 -0.000000 0.000000 0.000000
310.423796 -0.000000 0.000000 0.000000
339.051518 -0.000000 0.000000 0.000000
310.427405 0.000000 0.000000 0.000000
315.914725 -0.000000 0.000000 0.000000
309.434928 0.000000 0.000000 0.000000
307.465858 -0.000000 0.000000 0.000000
317.996893 -0.000000 -0.000000 0.000000
332.436347 -0.000000 -0.000000 -0.000000
308.171107 0.000000 -0.000000 -0.000000
307.268643 -0.000000 -0.000000 0.000000
308.221947 -0.000000 0.000000 0.000000
307.241466 -0.000000 -0.000000 0.000000
314.141121 -0.000000 0.000000 0.000000
307.307453 -0.000000 0.000000 0.000000
306.812933 -0.000000 0.000000 0.000000
310.177474 0.000000 0.000000 -0.000000
306.713594 -0.000000 0.000000 0.000000
308.027030 0.000000 0.000000 0.000000
306.509335 -0.000000 0.000000 0.000000
306.588530 -0.000000 0.000000 0.000000
307.376579 -0.000000 0.000000 -0.000000
306.566054 -0.000000 -0.000000 0.000000
306.630401 -0.000000 0.000000 0.000000
306.510628 0.000000 0.000000 0.000000
315.224980 -0.000000 -0.000000 0.000000
313.171400 -0.000000 0.000000 0.000000
306.647625 0.000000 -0.000000 -0.000000
306.527788 -0.000000 -0.000000 0.000000
306.589128 -0.000000 0.000000 0.000000
330.159532 -0.000000 0.000000 0.000000
317.056993 0.000000 -0.000000 0.000000
306.562278 -0.000000 0.000000 0.000000
309.123342 -0.000000 0.000000 0.000000
310.223060 -0.000000 0.000000 0.000000
314.609234 -0.000000 0.000000 0.000000
307.017901 -0.000000 0.000000 0.000000
307.952670 -0.000000 0.000000 0.000000
309.417729 -0.000000 0.000000 0.000000
306.662124 -0.000000 0.000000 0.000000
306.503682 -0.000000 -0.000000 0.000000
306.516953 -0.000000 0.000000 0.000000
306.502199 -0.000000 0.000000 0.000000
306.524529 -0.000000 -0.000000 0.000000
306.501011 -0.000000 0.000000 0.000000
306.512337 -0.000000 0.000000 0.000000
306.500623 -0.000000 -0.000000 0.000000
306.501076 -0.000000 0.000000 0.000000
306.500174 -0.000000 0.000000 0.000000
306.502375 -0.000000 -0.000000 0.000000
306.500116 -0.000000 0.000000 0.000000
306.501997 -0.000000 -0.000000 0.000000
306.500064 -0.000000 0.000000 0.000000
306.503939 -0.000000 0.000000 0.000000
306.664657 -0.000000 0.000000 0.000000
306.500216 -0.000000 0.000000 0.000000
306.500041 -0.000000 -0.000000 0.000000
306.501893 -0.000000 -0.000000 0.000000
306.663391 -0.000000 -0.000000 0.000000
306.500298 -0.000000 -0.000000 -0.000000
306.500009 -0.000000 0.000000 0.000000
306.500285 -0.000000 -0.000000 0.000000
306.661516 -0.000000 0.000000 0.000000
306.500237 -0.000000 -0.000000 0.000000
306.500010 -0.000000 0.000000 0.000000
306.953440 -0.000000 -0.000000 0.000000
307.487762 -0.000000 -0.000000 0.000000
306.500256 -0.000000 0.000000 0.000000
306.504699 -0.000000 0.000000 0.000000
306.500032 -0.000000 0.000000 0.000000
306.500005 -0.000000 0.000000 0.000000
306.500293 -0.000000 -0.000000 0.000000
306.500021 -0.000000 0.000000 -0.000000
306.500000 -0.000000 0.000000 0.000000
306.500017 -0.000000 0.000000 0.000000
306.500032 -0.000000 -0.000000 0.000000
306.500001 -0.000000 -0.000000 0.000000
306.727208 0.000000 0.000000 0.000000
306.619127 -0.000000 0.000000 0.000000
306.502477 -0.000000 0.000000 0.000000
306.500694 -0.000000 0.000000 0.000000
306.527984 -0.000000 0.000000 0.000000
306.551454 -0.000000 -0.000000 0.000000
306.500320 -0.000000 -0.000000 0.000000
306.500018 -0.000000 0.000000 0.000000
306.500002 -0.000000 0.000000 0.000000
306.514223 -0.000000 0.000000 0.000000
306.508414 0.000000 0.000000 0.000000
306.500001 -0.000000 -0.000000 0.000000
306.500000 0.000000 0.000000 0.000000
306.500004 -0.000000 0.000000 0.000000
306.500000 -0.000000 0.000000 0.000000
306.502028 -0.000000 0.000000 0.000000
306.502275 -0.000000 0.000000 0.000000
306.500000 0.000000 -0.000000 -0.000000
306.500000 -0.000000 0.000000 0.000000
306.500001 -0.000000 0.000000 0.000000
306.500000 -0.000000 0.000000 -0.000000
306.500539 0.000000 -0.000000 0.000000
306.500331 -0.000000 0.000000 0.000000
306.500000 -0.000000 0.000000 0.000000
306.500000 0.000000 -0.000000 -0.000000
306.500000 0.000000 0.000000 0.000000
306.500137 -0.000000 0.000000 0.000000
306.500095 0.000000 0.000000 0.000000
306.500000 -0.000000 0.000000 -0.000000
306.500000 0.000000 0.000000 0.000000
306.500023 -0.000000 -0.000000 0.000000
306.500020 -0.000000 -0.000000 0.000000
306.500000 0.000000 0.000000 0.000000
306.500000 -0.000000 0.000000 0.000000
306.500004 -0.000000 0.000000 0.000000
306.500005 -0.000000 -0.000000 0.000000
306.500000 -0.000000 0.000000 0.000000
306.500000 -0.000000 0.000000 -0.000000
306.500002 -0.000000 -0.000000 0.000000
306.500001 -0.000000 0.000000 0.000000
306.500000 0.000000 0.000000 0.000000
306.500001 -0.000000 0.000000 -0.000000
306.500000 -0.000000 0.000000 0.000000
306.500001 -0.000000 0.000000 -0.000000
306.500000 -0.000000 0.000000 -0.000000
306.500001 -0.000000 0.000000 0.000000
306.500001 -0.000000 0.000000 0.000000
306.500000 -0.000000 -0.000000 -0.000000
306.500001 -0.000000 0.000000 0.000000
306.500000 0.000000 0.000000 0.000000
306.500000 -0.000000 0.000000 0.000000
306.500000 -0.000000 0.000000 -0.000000
306.500000 -0.000000 0.000000 -0.000000
306.500000 0.000000 0.000000 0.000000
306.500000 0.000000 0.000000 -0.000000
306.500000 -0.000000 -0.000000 0.000000
306.500000 -0.000000 0.000000 0.000000
306.500000 -0.000000 0.000000 0.000000
306.500000 -0.000000 0.000000 0.000000
306.500000 -0.000000 0.000000 -0.000000
306.500000 -0.000000 0.000000 -0.000000
306.500000 0.000000 0.000000 0.000000
306.500000 -0.000000 0.000000 -0.000000
306.500000 -0.000000 -0.000000 -0.000000
306.500000 -0.000000 0.000000 0.000000
306.500000 -0.000000 0.000000 0.000000
306.500000 -0.000000 0.000000 -0.000000
306.500000 -0.000000 0.000000 0.000000
306.500000 -0.000000 -0.000000 0.000000
306.500000 -0.000000 0.000000 0.000000
306.500000 -0.000000 -0.000000 0.000000
306.500000 -0.000000 0.000000 0.000000
306.500000 -0.000000 -0.000000 0.000000
306.500000 -0.000000 0.000000 -0.000000
306.500000 -0.000000 0.000000 0.000000
306.500000 -0.000000 -0.000000 0.000000
306.500000 -0.000000 -0.000000 0.000000
306.500000 -0.000000 -0.000000 0.000000
306.500000 -0.000000 0.000000 0.000000
306.500000 -0.000000 -0.000000 0.000000
306.500000 -0.000000 -0.000000 0.000000
306.500000 -0.000000 0.000000 0.000000
306.500000 -0.000000 0.000000 -0.000000
306.500000 -0.000000 0.000000 0.000000
306.500000 -0.000000 0.000000 -0.000000
306.500000 -0.000000 -0.000000 -0.000000
306.500000 -0.000000 -0.000000 0.000000
306.500000 -0.000000 0.000000 0.000000
306.500000 -0.000000 0.000000 -0.000000
306.500000 -0.000000 0.000000 0.000000
306.500000 -0.000000 0.000000 -0.000000
306.500000 0.000000 0.000000 0.000000
306.500000 -0.000000 -0.000000 -0.000000
306.500000 0.000000 0.000000 -0.000000
306.500000 -0.000000 -0.000000 0.000000
306.500000 -0.000000 -0.000000 0.000000
306.500000 -0.000000 0.000000 0.000000
306.500000 -0.000000 -0.000000 -0.000000
306.500000 -0.000000 -0.000000 0.000000
306.500000 -0.000000 0.000000 -0.000000
306.500000 -0.000000 0.000000 -0.000000
306.500000 -0.000000 0.000000 -0.000000
306.500000 -0.000000 0.000000 0.000000
306.500000 -0.000000 -0.000000 -0.000000
306.500000 -0.000000 -0.000000 -0.000000
306.500000 -0.000000 0.000000 0.000000
306.500000 -0.000000 -0.000000 0.000000
306.500000 -0.000000 0.000000 0.000000
306.500000 -0.000000 0.000000 0.000000
306.500000 -0.000000 0.000000 0.000000
306.500000 -0.000000 0.000000 -0.000000
306.500000 -0.000000 -0.000000 -0.000000
306.500000 -0.000000 0.000000 -0.000000
306.500000 -0.000000 0.000000 0.000000
306.500000 0.000000 0.000000 0.000000
306.500000 -0.000000 0.000000 -0.000000
306.500000 -0.000000 0.000000 0.000000
306.500000 -0.000000 0.000000 0.000000
306.500000 -0.000000 0.000000 0.000000
306.500000 -0.000000 -0.000000 0.000000
306.500000 -0.000000 -0.000000 -0.000000
306.500000 -0.000000 0.000000 0.000000
306.500000 -0.000000 0.000000 0.000000
306.500000 -0.000000 0.000000 0.000000
306.500000 -0.000000 0.000000 -0.000000
306.500000 -0.000000 -0.000000 -0.000000
306.500000 -0.000000 0.000000 0.000000
306.500000 -0.000000 -0.000000 0.000000
306.500000 -0.000000 0.000000 -0.000000
306.500000 -0.000000 0.000000 0.000000
306.500000 -0.000000 0.000000 0.000000
306.500000 -0.000000 -0.000000 -0.000000
306.500000 -0.000000 -0.000000 0.000000
306.500000 -0.000000 0.000000 -0.000000
306.500000 -0.000000 0.000000 -0.000000
306.500000 -0.000000 0.000000 -0.000000
306.500000 -0.000000 -0.000000 0.000000
306.500000 -0.000000 0.000000 0.000000
306.500000 -0.000000 0.000000 -0.000000
306.500000 -0.000000 0.000000 0.000000
306.500000 -0.000000 -0.000000 -0.000000
306.500000 -0.000000 -0.000000 0.000000
306.500000 0.000000 -0.000000 0.000000
306.500000 -0.000000 0.000000 -0.000000
306.500000 -0.000000 0.000000 0.000000
306.500000 -0.000000 -0.000000 -0.000000
306.500000 -0.000000 -0.000000 0.000000
306.500000 -0.000000 -0.000000 -0.000000
306.500000 -0.000000 0.000000 0.000000
306.500000 -0.000000 -0.000000 0.000000
306.500000 -0.000000 0.000000 0.000000
306.500000 -0.000000 -0.000000 -0.000000
306.500000 -0.000000 0.000000 0.000000
306.500000 -0.000000 -0.000000 -0.000000
306.500000 -0.000000 -0.000000 0.000000
306.500000 -0.000000 -0.000000 0.000000
306.500000 -0.000000 -0.000000 0.000000
306.500000 -0.000000 -0.000000 0.000000
306.500000 -0.000000 -0.000000 -0.000000
306.500000 -0.000000 -0.000000 -0.000000
306.500000 -0.000000 -0.000000 0.000000
306.500000 -0.000000 -0.000000 0.000000
306.500000 -0.000000 -0.000000 0.000000
306.500000 -0.000000 0.000000 0.000000
306.500000 -0.000000 0.000000 0.000000
306.500000 -0.000000 -0.000000 0.000000
306.500000 -0.000000 -0.000000 0.000000
306.500000 -0.000000 0.000000 0.000000
306.500000 -0.000000 -0.000000 0.000000
306.500000 -0.000000 -0.000000 0.000000
