11.600350 -0.000000 -0.000000 -0.000000 0.000000 -0.000000 0.000000 0.000000 0.000000
18.133487 0.000000 0.000000 0.000000 0.000000 0.000000 0.000000 0.000000 0.000000
4.976341 -0.000000 -0.000000 -0.000000 0.000000 -0.000000 0.000000 0.000000 0.000000
5.020686 0.000000 0.000000 -0.000000 -0.000000 -0.000000 0.000000 -0.000000 0.000000
5.482572 0.000000 -0.000000 -0.000000 0.000000 -0.000000 -0.000000 0.000000 0.000000
1.876288 -0.000000 0.000000 0.000000 0.000000 0.000000 0.000000 0.000000 0.000000
7.550902 -0.000000 0.000000 0.000000 0.000000 0.000000 0.000000 0.000000 0.000000
17.340029 0.000000 0.000000 0.000000 0.000000 -0.000000 0.000000 0.000000 0.000000
1.636722 0.000000 0.000000 -0.000000 -0.000000 0.000000 0.000000 0.000000 0.000000
10.427477 0.000000 0.000000 -0.000000 0.000000 0.000000 0.000000 0.000000 0.000000
1.132131 0.000000 0.000000 -0.000000 0.000000 0.000000 0.000000 0.000000 0.000000
2.344080 0.000000 0.000000 0.000000 0.000000 0.000000 0.000000 0.000000 0.000000
1.200318 0.000000 0.000000 0.000000 0.000000 0.000000 0.000000 -0.000000 0.000000
3.525312 0.000000 0.000000 -0.000000 0.000000 0.000000 0.000000 0.000000 0.000000
19.534729 -0.000000 0.000000 0.000000 -0.000000 0.000000 0.000000 -0.000000 0.000000
32.944037 0.000000 0.000000 -0.000000 0.000000 0.000000 -0.000000 -0.000000 0.000000
15.144006 0.000000 0.000000 0.000000 -0.000000 0.000000 -0.000000 -0.000000 0.000000
2.194719 0.000000 0.000000 0.000000 0.000000 -0.000000 -0.000000 0.000000 0.000000
5.963992 0.000000 0.000000 0.000000 -0.000000 0.000000 0.000000 0.000000 0.000000
1.671727 -0.000000 0.000000 -0.000000 0.000000 0.000000 0.000000 0.000000 0.000000
1.686509 0.000000 0.000000 0.000000 -0.000000 0.000000 0.000000 0.000000 0.000000
0.927175 -0.000000 0.000000 0.000000 0.000000 0.000000 0.000000 -0.000000 0.000000
2.585943 0.000000 0.000000 -0.000000 0.000000 0.000000 0.000000 0.000000 0.000000
1.232200 0.000000 0.000000 0.000000 0.000000 0.000000 0.000000 -0.000000 -0.000000
1.229933 -0.000000 0.000000 0.000000 -0.000000 -0.000000 0.000000 0.000000 0.000000
2.400750 -0.000000 -0.000000 0.000000 0.000000 0.000000 0.000000 0.000000 0.000000
2.766469 0.000000 -0.000000 0.000000 0.000000 0.000000 -0.000000 0.000000 0.000000
1.031552 0.000000 0.000000 0.000000 0.000000 0.000000 0.000000 0.000000 0.000000
1.043253 -0.000000 0.000000 0.000000 0.000000 0.000000 0.000000 0.000000 0.000000
0.965416 -0.000000 0.000000 0.000000 0.000000 -0.000000 0.000000 -0.000000 0.000000
1.010784 -0.000000 0.000000 0.000000 0.000000 0.000000 0.000000 0.000000 0.000000
0.952336 -0.000000 0.000000 0.000000 0.000000 0.000000 0.000000 0.000000 0.000000
0.963691 -0.000000 0.000000 0.000000 0.000000 0.000000 0.000000 0.000000 0.000000
0.940087 0.000000 0.000000 0.000000 0.000000 0.000000 0.000000 0.000000 0.000000
0.942199 -0.000000 0.000000 0.000000 0.000000 -0.000000 0.000000 0.000000 -0.000000
0.931978 -0.000000 0.000000 -0.000000 0.000000 0.000000 0.000000 0.000000 0.000000
0.937871 0.000000 0.000000 0.000000 0.000000 0.000000 0.000000 0.000000 0.000000
0.930763 -0.000000 0.000000 0.000000 0.000000 0.000000 0.000000 0.000000 0.000000
0.931847 0.000000 0.000000 0.000000 0.000000 -0.000000 -0.000000 -0.000000 0.000000
0.928549 0.000000 0.000000 0.000000 0.000000 0.000000 0.000000 0.000000 0.000000
0.929084 0.000000 0.000000 0.000000 0.000000 0.000000 0.000000 0.000000 0.000000
0.927616 0.000000 0.000000 0.000000 0.000000 0.000000 0.000000 -0.000000 0.000000
0.928641 0.000000 0.000000 0.000000 0.000000 0.000000 0.000000 0.000000 0.000000
0.927443 0.000000 0.000000 0.000000 0.000000 0.000000 0.000000 0.000000 0.000000
0.927441 0.000000 0.000000 -0.000000 -0.000000 0.000000 -0.000000 0.000000 0.000000
0.927706 0.000000 0.000000 0.000000 0.000000 0.000000 0.000000 0.000000 0.000000
0.927351 0.000000 0.000000 0.000000 0.000000 -0.000000 0.000000 0.000000 -0.000000
0.927414 0.000000 0.000000 -0.000000 0.000000 0.000000 0.000000 0.000000 -0.000000
0.927274 0.000000 0.000000 -0.000000 0.000000 0.000000 0.000000 0.000000 0.000000
0.927331 -0.000000 -0.000000 0.000000 0.000000 0.000000 0.000000 0.000000 0.000000
1.306289 0.000000 0.000000 0.000000 0.000000 0.000000 0.000000 0.000000 0.000000
1.162434 0.000000 0.000000 -0.000000 -0.000000 -0.000000 0.000000 0.000000 -0.000000
0.927216 -0.000000 0.000000 -0.000000 0.000000 0.000000 0.000000 0.000000 0.000000
0.927324 -0.000000 0.000000 -0.000000 0.000000 0.000000 0.000000 0.000000 0.000000
0.927350 -0.000000 0.000000 -0.000000 0.000000 0.000000 0.000000 0.000000 -0.000000
0.948936 -0.000000 0.000000 -0.000000 0.000000 0.000000 0.000000 0.000000 0.000000
0.990568 0.000000 0.000000 -0.000000 0.000000 0.000000 0.000000 0.000000 0.000000
0.934364 0.000000 -0.000000 0.000000 0.000000 0.000000 0.000000 0.000000 0.000000
0.942046 0.000000 -0.000000 0.000000 0.000000 -0.000000 0.000000 0.000000 0.000000
0.927174 0.000000 0.000000 -0.000000 0.000000 0.000000 -0.000000 0.000000 0.000000
0.927184 -0.000000 0.000000 -0.000000 0.000000 -0.000000 0.000000 0.000000 0.000000
0.927321 -0.000000 0.000000 0.000000 0.000000 0.000000 0.000000 0.000000 0.000000
0.927210 0.000000 0.000000 0.000000 0.000000 0.000000 0.000000 0.000000 -0.000000
0.927212 0.000000 0.000000 0.000000 0.000000 0.000000 0.000000 0.000000 -0.000000
0.927183 0.000000 0.000000 0.000000 0.000000 0.000000 -0.000000 0.000000 0.000000
0.927184 0.000000 0.000000 0.000000 0.000000 0.000000 0.000000 0.000000 0.000000
0.927176 0.000000 0.000000 0.000000 0.000000 0.000000 -0.000000 0.000000 0.000000
0.927176 0.000000 0.000000 0.000000 0.000000 0.000000 0.000000 0.000000 0.000000
0.927175 0.000000 0.000000 -0.000000 0.000000 0.000000 0.000000 0.000000 0.000000
0.927174 0.000000 0.000000 0.000000 0.000000 -0.000000 0.000000 0.000000 0.000000
0.927175 -0.000000 0.000000 0.000000 0.000000 0.000000 0.000000 0.000000 0.000000
0.927174 0.000000 0.000000 -0.000000 0.000000 0.000000 0.000000 0.000000 -0.000000
0.928010 0.000000 -0.000000 0.000000 0.000000 -0.000000 -0.000000 0.000000 0.000000
0.930940 0.000000 0.000000 0.000000 0.000000 0.000000 0.000000 0.000000 0.000000
0.927174 0.000000 -0.000000 0.000000 0.000000 0.000000 0.000000 0.000000 0.000000
0.927174 0.000000 0.000000 -0.000000 0.000000 0.000000 0.000000 -0.000000 -0.000000
0.927174 0.000000 0.000000 0.000000 0.000000 -0.000000 0.000000 0.000000 0.000000
0.927805 0.000000 0.000000 -0.000000 0.000000 0.000000 0.000000 0.000000 0.000000
0.927381 0.000000 0.000000 0.000000 0.000000 0.000000 0.000000 -0.000000 -0.000000
0.927174 0.000000 0.000000 -0.000000 0.000000 0.000000 0.000000 -0.000000 -0.000000
0.927174 0.000000 0.000000 0.000000 0.000000 0.000000 0.000000 0.000000 -0.000000
0.927257 0.000000 0.000000 0.000000 0.000000 0.000000 0.000000 0.000000 0.000000
0.927341 0.000000 0.000000 0.000000 0.000000 0.000000 0.000000 0.000000 0.000000
0.927174 0.000000 0.000000 0.000000 0.000000 0.000000 0.000000 0.000000 -0.000000
0.927174 -0.000000 -0.000000 -0.000000 0.000000 -0.000000 0.000000 0.000000 0.000000
0.927174 0.000000 0.000000 0.000000 0.000000 0.000000 0.000000 0.000000 0.000000
0.927204 0.000000 -0.000000 -0.000000 0.000000 0.000000 0.000000 0.000000 0.000000
0.927218 0.000000 0.000000 0.000000 0.000000 0.000000 0.000000 0.000000 0.000000
0.927174 0.000000 -0.000000 -0.000000 0.000000 0.000000 0.000000 -0.000000 0.000000
0.927174 0.000000 0.000000 0.000000 0.000000 -0.000000 0.000000 0.000000 -0.000000
0.927176 0.000000 0.000000 0.000000 0.000000 0.000000 0.000000 0.000000 0.000000
0.927180 0.000000 0.000000 0.000000 0.000000 0.000000 0.000000 0.000000 -0.000000
0.927174 0.000000 0.000000 0.000000 0.000000 0.000000 0.000000 0.000000 -0.000000
0.927174 0.000000 0.000000 -0.000000 0.000000 0.000000 0.000000 0.000000 0.000000
0.927174 0.000000 0.000000 -0.000000 0.000000 0.000000 0.000000 -0.000000 0.000000
0.927175 0.000000 0.000000 0.000000 0.000000 0.000000 0.000000 0.000000 0.000000
0.927174 0.000000 0.000000 -0.000000 0.000000 0.000000 0.000000 0.000000 0.000000
0.927174 0.000000 0.000000 -0.000000 -0.000000 -0.000000 -0.000000 0.000000 -0.000000
0.927174 0.000000 0.000000 -0.000000 0.000000 0.000000 0.000000 0.000000 -0.000000
0.927174 0.000000 0.000000 0.000000 0.000000 0.000000 0.000000 0.000000 0.000000
0.927174 -0.000000 0.000000 0.000000 0.000000 0.000000 0.000000 0.000000 -0.000000
0.927174 -0.000000 0.000000 -0.000000 -0.000000 0.000000 0.000000 -0.000000 0.000000
0.927174 0.000000 0.000000 0.000000 0.000000 0.000000 0.000000 0.000000 0.000000
0.927174 0.000000 0.000000 0.000000 0.000000 0.000000 0.000000 0.000000 -0.000000
0.927174 0.000000 0.000000 0.000000 0.000000 0.000000 0.000000 0.000000 0.000000
0.927174 0.000000 0.000000 -0.000000 0.000000 0.000000 0.000000 0.000000 0.000000
0.927174 0.000000 0.000000 -0.000000 -0.000000 0.000000 0.000000 -0.000000 0.000000
0.927174 -0.000000 0.000000 0.000000 0.000000 0.000000 0.000000 0.000000 0.000000
0.927174 0.000000 0.000000 -0.000000 0.000000 -0.000000 0.000000 0.000000 0.000000
0.927174 0.000000 -0.000000 0.000000 0.000000 0.000000 0.000000 0.000000 -0.000000
0.927174 0.000000 0.000000 -0.000000 0.000000 0.000000 0.000000 0.000000 0.000000
0.927174 0.000000 0.000000 0.000000 0.000000 0.000000 0.000000 0.000000 0.000000
0.927174 0.000000 -0.000000 0.000000 0.000000 0.000000 0.000000 0.000000 0.000000
0.927174 0.000000 0.000000 -0.000000 -0.000000 -0.000000 -0.000000 0.000000 0.000000
0.927174 0.000000 0.000000 0.000000 0.000000 0.000000 -0.000000 0.000000 0.000000
0.927174 0.000000 -0.000000 -0.000000 0.000000 0.000000 0.000000 0.000000 0.000000
0.927174 0.000000 0.000000 -0.000000 0.000000 0.000000 -0.000000 -0.000000 -0.000000
0.927174 0.000000 0.000000 0.000000 0.000000 0.000000 0.000000 0.000000 0.000000
0.927174 -0.000000 -0.000000 0.000000 0.000000 0.000000 0.000000 0.000000 -0.000000
0.927174 0.000000 0.000000 0.000000 0.000000 0.000000 0.000000 0.000000 0.000000
0.927174 0.000000 0.000000 -0.000000 0.000000 0.000000 0.000000 0.000000 -0.000000
0.927174 0.000000 0.000000 -0.000000 0.000000 0.000000 0.000000 0.000000 0.000000
0.927174 0.000000 0.000000 0.000000 0.000000 -0.000000 0.000000 0.000000 -0.000000
0.927174 0.000000 0.000000 0.000000 0.000000 0.000000 0.000000 0.000000 -0.000000
0.927174 0.000000 0.000000 -0.000000 0.000000 0.000000 0.000000 0.000000 0.000000
0.927174 0.000000 0.000000 0.000000 0.000000 0.000000 0.000000 0.000000 0.000000
0.927174 -0.000000 0.000000 0.000000 0.000000 0.000000 0.000000 0.000000 0.000000
0.927174 0.000000 0.000000 0.000000 0.000000 0.000000 0.000000 0.000000 0.000000
0.927174 0.000000 0.000000 0.000000 0.000000 0.000000 0.000000 0.000000 0.000000
0.927174 0.000000 0.000000 -0.000000 0.000000 0.000000 0.000000 0.000000 0.000000
0.927174 -0.000000 0.000000 0.000000 0.000000 0.000000 0.000000 0.000000 -0.000000
0.927174 -0.000000 0.000000 -0.000000 0.000000 0.000000 0.000000 0.000000 0.000000
0.927174 0.000000 0.000000 0.000000 0.000000 0.000000 0.000000 0.000000 0.000000
0.927174 0.000000 -0.000000 0.000000 -0.000000 -0.000000 -0.000000 0.000000 0.000000
0.927174 0.000000 -0.000000 0.000000 -0.000000 0.000000 0.000000 0.000000 -0.000000
0.927174 0.000000 0.000000 -0.000000 0.000000 0.000000 0.000000 0.000000 0.000000
0.927174 0.000000 -0.000000 0.000000 0.000000 0.000000 0.000000 -0.000000 -0.000000
0.927174 0.000000 0.000000 0.000000 0.000000 0.000000 0.000000 0.000000 0.000000
0.927174 0.000000 0.000000 -0.000000 0.000000 0.000000 0.000000 0.000000 0.000000
0.927174 -0.000000 -0.000000 0.000000 0.000000 0.000000 -0.000000 0.000000 0.000000
0.927174 -0.000000 -0.000000 0.000000 0.000000 0.000000 -0.000000 0.000000 0.000000
0.927174 0.000000 0.000000 -0.000000 0.000000 0.000000 0.000000 0.000000 0.000000
0.927174 0.000000 0.000000 0.000000 0.000000 0.000000 0.000000 0.000000 0.000000
0.927174 0.000000 0.000000 0.000000 0.000000 0.000000 0.000000 0.000000 -0.000000
0.927174 -0.000000 -0.000000 0.000000 0.000000 0.000000 -0.000000 0.000000 -0.000000
0.927174 0.000000 0.000000 -0.000000 0.000000 -0.000000 0.000000 0.000000 0.000000
0.927174 0.000000 0.000000 0.000000 0.000000 0.000000 0.000000 0.000000 0.000000
0.927174 0.000000 0.000000 0.000000 0.000000 -0.000000 0.000000 0.000000 0.000000
0.927174 0.000000 -0.000000 0.000000 0.000000 -0.000000 0.000000 -0.000000 -0.000000
0.927174 0.000000 0.000000 0.000000 0.000000 0.000000 0.000000 0.000000 -0.000000
0.927174 -0.000000 0.000000 0.000000 0.000000 0.000000 0.000000 0.000000 0.000000
0.927174 0.000000 0.000000 0.000000 0.000000 0.000000 -0.000000 0.000000 0.000000
0.927174 0.000000 0.000000 0.000000 0.000000 0.000000 0.000000 0.000000 0.000000
0.927174 0.000000 0.000000 0.000000 0.000000 0.000000 0.000000 0.000000 0.000000
0.927174 -0.000000 0.000000 0.000000 0.000000 0.000000 0.000000 0.000000 0.000000
0.927174 0.000000 0.000000 -0.000000 0.000000 0.000000 0.000000 0.000000 0.000000
0.927174 0.000000 0.000000 0.000000 0.000000 0.000000 0.000000 0.000000 0.000000
0.927174 -0.000000 0.000000 0.000000 0.000000 0.000000 0.000000 0.000000 -0.000000
0.927174 0.000000 0.000000 0.000000 0.000000 0.000000 0.000000 0.000000 0.000000
0.927174 0.000000 0.000000 0.000000 0.000000 0.000000 0.000000 0.000000 0.000000
0.927174 0.000000 0.000000 0.000000 0.000000 0.000000 0.000000 0.000000 -0.000000
0.927174 0.000000 0.000000 -0.000000 0.000000 0.000000 0.000000 0.000000 -0.000000
0.927174 0.000000 0.000000 -0.000000 0.000000 0.000000 -0.000000 0.000000 0.000000
0.927174 -0.000000 -0.000000 -0.000000 0.000000 0.000000 0.000000 0.000000 0.000000
0.927174 0.000000 0.000000 -0.000000 0.000000 -0.000000 0.000000 0.000000 0.000000
0.927174 0.000000 0.000000 0.000000 0.000000 -0.000000 0.000000 -0.000000 -0.000000
0.927174 0.000000 0.000000 0.000000 0.000000 0.000000 0.000000 0.000000 0.000000
0.927174 0.000000 0.000000 -0.000000 0.000000 0.000000 0.000000 0.000000 0.000000
0.927174 0.000000 0.000000 -0.000000 0.000000 0.000000 0.000000 0.000000 -0.000000
0.927174 0.000000 0.000000 -0.000000 0.000000 0.000000 0.000000 0.000000 0.000000
0.927174 -0.000000 0.000000 -0.000000 0.000000 0.000000 0.000000 0.000000 -0.000000
0.927174 0.000000 -0.000000 -0.000000 -0.000000 0.000000 0.000000 0.000000 0.000000
0.927174 0.000000 0.000000 0.000000 0.000000 0.000000 0.000000 0.000000 0.000000
0.927174 0.000000 0.000000 0.000000 0.000000 0.000000 0.000000 0.000000 0.000000
0.927174 0.000000 0.000000 0.000000 0.000000 0.000000 0.000000 0.000000 0.000000
0.927174 0.000000 0.000000 -0.000000 0.000000 0.000000 0.000000 0.000000 0.000000
0.927174 0.000000 0.000000 -0.000000 0.000000 0.000000 -0.000000 0.000000 0.000000
0.927174 0.000000 0.000000 -0.000000 0.000000 0.000000 0.000000 0.000000 -0.000000
0.927174 -0.000000 -0.000000 0.000000 0.000000 -0.000000 -0.000000 0.000000 0.000000
0.927174 0.000000 0.000000 -0.000000 0.000000 0.000000 0.000000 0.000000 0.000000
0.927174 0.000000 -0.000000 -0.000000 0.000000 -0.000000 -0.000000 0.000000 0.000000
0.927174 -0.000000 0.000000 -0.000000 0.000000 0.000000 0.000000 0.000000 0.000000
0.927174 0.000000 0.000000 0.000000 0.000000 0.000000 0.000000 0.000000 -0.000000
0.927174 0.000000 0.000000 -0.000000 0.000000 0.000000 0.000000 0.000000 0.000000
0.927174 -0.000000 0.000000 0.000000 0.000000 0.000000 0.000000 0.000000 0.000000
0.927174 0.000000 0.000000 -0.000000 0.000000 0.000000 0.000000 0.000000 0.000000
0.927174 0.000000 0.000000 0.000000 0.000000 -0.000000 0.000000 0.000000 0.000000
0.927174 0.000000 0.000000 -0.000000 0.000000 0.000000 0.000000 0.000000 -0.000000
0.927174 0.000000 0.000000 0.000000 0.000000 0.000000 0.000000 0.000000 -0.000000
0.927174 0.000000 0.000000 0.000000 0.000000 0.000000 0.000000 -0.000000 0.000000
0.927174 0.000000 0.000000 0.000000 -0.000000 0.000000 0.000000 0.000000 0.000000
0.927174 0.000000 0.000000 -0.000000 0.000000 -0.000000 -0.000000 0.000000 0.000000
0.927174 0.000000 0.000000 -0.000000 0.000000 0.000000 -0.000000 0.000000 0.000000
0.927174 0.000000 0.000000 0.000000 0.000000 0.000000 0.000000 0.000000 0.000000
0.927174 0.000000 0.000000 -0.000000 0.000000 0.000000 0.000000 0.000000 0.000000
0.927174 0.000000 0.000000 -0.000000 0.000000 0.000000 0.000000 0.000000 0.000000
0.927174 0.000000 0.000000 0.000000 0.000000 -0.000000 0.000000 0.000000 0.000000
0.927174 -0.000000 0.000000 -0.000000 0.000000 0.000000 0.000000 0.000000 0.000000
0.927174 0.000000 0.000000 0.000000 0.000000 -0.000000 0.000000 0.000000 0.000000
0.927174 0.000000 0.000000 -0.000000 0.000000 0.000000 0.000000 0.000000 -0.000000
0.927174 0.000000 0.000000 -0.000000 0.000000 -0.000000 -0.000000 0.000000 0.000000
0.927174 0.000000 -0.000000 0.000000 0.000000 0.000000 0.000000 0.000000 0.000000
0.927174 0.000000 0.000000 -0.000000 0.000000 -0.000000 0.000000 0.000000 0.000000
0.927174 0.000000 0.000000 -0.000000 0.000000 0.000000 0.000000 0.000000 0.000000
0.927174 -0.000000 0.000000 0.000000 0.000000 -0.000000 0.000000 0.000000 0.000000
0.927174 0.000000 0.000000 0.000000 0.000000 -0.000000 0.000000 0.000000 -0.000000
0.927174 0.000000 -0.000000 0.000000 0.000000 0.000000 0.000000 0.000000 -0.000000
0.927174 0.000000 -0.000000 0.000000 -0.000000 0.000000 0.000000 0.000000 0.000000
0.927174 0.000000 -0.000000 -0.000000 0.000000 0.000000 0.000000 0.000000 0.000000
0.927174 -0.000000 -0.000000 0.000000 0.000000 0.000000 0.000000 0.000000 0.000000
0.927174 -0.000000 0.000000 -0.000000 0.000000 0.000000 0.000000 0.000000 0.000000
0.927174 0.000000 0.000000 -0.000000 0.000000 0.000000 0.000000 0.000000 0.000000
0.927174 0.000000 0.000000 0.000000 0.000000 -0.000000 0.000000 0.000000 0.000000
0.927174 0.000000 0.000000 0.000000 0.000000 0.000000 0.000000 0.000000 0.000000
0.927174 0.000000 -0.000000 0.000000 0.000000 0.000000 -0.000000 0.000000 0.000000
0.927174 0.000000 0.000000 -0.000000 0.000000 0.000000 0.000000 0.000000 0.000000
0.927174 0.000000 0.000000 0.000000 0.000000 0.000000 0.000000 0.000000 0.000000
0.927174 0.000000 -0.000000 -0.000000 0.000000 0.000000 0.000000 0.000000 -0.000000
0.927174 0.000000 0.000000 -0.000000 -0.000000 0.000000 0.000000 0.000000 0.000000
0.927174 0.000000 -0.000000 -0.000000 0.000000 -0.000000 0.000000 0.000000 0.000000
0.927174 0.000000 0.000000 -0.000000 0.000000 -0.000000 0.000000 0.000000 0.000000
0.927174 -0.000000 -0.000000 0.000000 0.000000 0.000000 0.000000 0.000000 0.000000
0.927174 0.000000 -0.000000 -0.000000 0.000000 0.000000 0.000000 0.000000 0.000000
0.927174 0.000000 0.000000 -0.000000 0.000000 0.000000 0.000000 0.000000 -0.000000
0.927174 0.000000 0.000000 0.000000 0.000000 0.000000 0.000000 0.000000 0.000000
0.927174 0.000000 -0.000000 -0.000000 0.000000 0.000000 0.000000 0.000000 -0.000000
0.927174 -0.000000 0.000000 0.000000 0.000000 0.000000 0.000000 0.000000 0.000000
0.927174 0.000000 0.000000 -0.000000 0.000000 0.000000 0.000000 0.000000 -0.000000
0.927174 -0.000000 0.000000 0.000000 -0.000000 0.000000 0.000000 0.000000 -0.000000
0.927174 -0.000000 0.000000 0.000000 0.000000 0.000000 0.000000 0.000000 0.000000
0.927174 0.000000 -0.000000 -0.000000 0.000000 0.000000 -0.000000 0.000000 0.000000
0.927174 0.000000 0.000000 0.000000 0.000000 0.000000 0.000000 0.000000 0.000000
0.927174 0.000000 0.000000 0.000000 0.000000 0.000000 0.000000 0.000000 -0.000000
0.927174 0.000000 0.000000 0.000000 0.000000 0.000000 -0.000000 0.000000 0.000000
0.927174 0.000000 0.000000 0.000000 0.000000 0.000000 0.000000 0.000000 0.000000
0.927174 0.000000 -0.000000 -0.000000 0.000000 0.000000 0.000000 0.000000 0.000000
0.927174 0.000000 0.000000 0.000000 0.000000 0.000000 0.000000 0.000000 0.000000
0.927174 0.000000 -0.000000 0.000000 0.000000 0.000000 0.000000 0.000000 0.000000
0.927174 0.000000 0.000000 -0.000000 0.000000 0.000000 0.000000 0.000000 0.000000
0.927174 0.000000 0.000000 0.000000 0.000000 0.000000 0.000000 0.000000 -0.000000
0.927174 0.000000 0.000000 0.000000 -0.000000 -0.000000 0.000000 0.000000 0.000000
0.927174 -0.000000 0.000000 0.000000 0.000000 0.000000 0.000000 0.000000 -0.000000
