-21.014539 1.298188 0.498706 0.398447
-26.434616 1.125915 0.498706 0.117277
-205.269723 4.075500 0.498706 10.250508
-38.300682 0.615306 0.498706 0.117277
-4978.626351 811.007378 0.498706 0.117277
-686.981567 108.358598 0.562081 0.675264
-33.173486 0.313083 0.498706 0.117277
-119.086794 9.385813 0.498706 0.117277
-99397.754515 16316.553297 0.498706 0.117277
-64.797725 3.169359 0.498706 0.117277
-39.456294 0.031463 0.498706 0.054996
-219.878693 10.434294 0.498706 5.256412
-99405.588128 16316.897843 0.498706 0.054996
-71.188041 3.513905 0.498706 0.054996
-98.048205 0.091828 0.280911 3.878973
-47.825693 0.313083 0.326433 0.819296
-55.800645 0.968036 0.154160 0.178737
-42.468373 0.203736 0.326433 0.054996
-123.920179 5.405152 4.874983 0.054996
-99422.033252 16317.538402 0.141854 0.054996
-68.933126 3.045618 0.326433 0.054996
-98.342347 3.045618 0.326433 1.796217
-52.278894 0.452347 1.414788 0.203967
-55.984361 1.476671 0.018113 0.054996
-174.797456 17.020443 1.587061 0.054996
-47.063640 0.203736 0.154160 0.227269
-176.122029 0.203736 5.047256 5.428685
-4994.758620 811.782053 0.585396 0.290645
-33.072669 0.807695 0.141854 0.180652
-23.314936 1.298188 0.625457 0.117277
-64.282579 1.476671 0.326433 0.968254
-21.514587 1.125915 0.498706 0.461823
-99486.345063 16318.006689 0.326433 3.537438
-106.540359 8.419307 0.154160 0.117277
-104.570622 3.217891 0.154160 1.968490
-57.422150 1.476671 0.018113 0.227269
-54.456075 0.523514 0.018113 0.991569
-71.369022 1.476671 1.587061 0.227269
-98.104509 0.532091 1.587061 2.905063
-50.276524 0.203736 0.154160 0.462918
-99488.284829 16317.193856 2.399893 1.968490
-47.747353 0.092277 0.154160 0.399542
-5.240300 1.802003 0.885528 0.857222
-120.344355 13.825831 0.414655 0.289550
-39.558088 0.436823 0.174262 0.054996
-46.549091 0.735848 0.248906 0.928193
-41.428675 0.031463 0.353417 0.054996
-733.166146 109.411098 0.314891 0.696563
-63.681710 0.500757 0.314935 0.759939
-90.763467 5.872440 0.325693 0.522285
-56.566435 1.476671 0.083013 0.227269
-48.880860 0.203736 0.022054 0.227269
-56.525015 0.203736 0.546006 0.227269
-59.941303 1.140309 0.086710 0.351010
-34.974995 0.313083 0.366600 0.117277
-721.397867 109.410090 0.022054 0.227269
-57.726613 1.140309 0.022054 0.227269
-59.067786 0.672022 0.231032 0.695556
-59.298049 1.476671 0.153699 0.227269
-67.303882 0.313083 1.190045 0.968254
-65.727117 1.944957 0.446232 0.227269
-57.315167 0.264550 0.446232 0.695556
-37.037274 0.781369 0.055279 0.118372
-71.194829 1.476671 0.022054 1.163842
-53.161873 0.376009 0.022054 0.399542
-46.466296 0.143821 0.040892 0.011390
-746.709018 27.771623 17.055111 13.923626
-68.671747 1.436322 0.086710 0.695556
-31.611142 0.657629 0.366600 0.117277
-204.410675 9.258654 0.068939 4.556528
-60.016086 1.309571 0.040892 0.011390
-311.457156 24.101911 0.040892 4.721739
-60.537284 1.769673 0.073428 0.011390
-118.425876 0.207196 5.782468 0.011390
-47.866306 0.008182 0.213165 0.074766
-105.146201 2.255252 0.658137 1.878789
-52.332421 0.496739 0.040892 0.051985
-52.413477 0.239088 0.040892 0.459907
-51.302451 0.007755 0.040892 0.224258
-36571.254871 6001.149855 0.505336 0.581512
-52.023344 1.648943 0.018574 0.235862
-54.040505 0.143821 0.113018 0.461798
-43.750503 0.357262 0.026328 0.042037
-48.927135 0.102303 0.040892 0.005421
-140.978292 10.503298 0.040892 0.005421
-92.431929 2.433532 0.104268 1.330889
-32.300988 0.436823 0.431256 0.283581
-302.377352 40.547771 0.040892 0.005421
-80.416614 3.584744 0.040892 0.005421
-92.993857 2.648172 0.040892 1.267513
-47.291526 0.102303 0.013733 0.068797
-68.753828 0.102303 1.585040 0.005421
-50.084785 0.165678 0.104268 0.005421
-47.490347 0.175712 0.037673 0.084957
-49.946303 0.102303 0.040892 0.068211
-49.089503 0.102303 0.022483 0.057954
-55.096430 0.165678 0.213165 0.230227
-24.430497 1.235859 0.378209 0.370379
-141.357054 10.503298 0.040892 0.018932
-104.532337 1.541760 2.336206 0.784410
-38.137868 0.360215 0.291651 0.084711
-49.693864 0.305010 0.000020 0.036817
-59.478447 1.114952 0.085113 0.030904
-65.443172 1.060234 0.030010 0.473824
-51.123271 0.195202 0.089947 0.039467
-56.153968 0.084671 0.622227 0.013726
-54.170510 0.895610 0.012921 0.084341
-50.663195 0.102303 0.105932 0.059619
-54.105327 0.859555 0.048975 0.041769
-51.428499 0.176233 0.074565 0.084080
-48.085258 0.061520 0.009472 0.009931
-50.683320 0.165367 0.009472 0.094557
-48.100738 0.062680 0.009472 0.009931
-144.148946 14.940576 0.009472 0.009931
-56.781739 0.999253 0.009472 0.009931
-90.462288 2.508724 0.009472 1.213091
-65.786105 0.114862 1.498612 0.124328
-67.350591 0.062680 1.507983 0.009931
-49.242031 0.119841 0.073245 0.009931
-52.626325 0.061093 0.181745 0.162342
-48.962599 0.061520 0.009472 0.052814
-50.148243 0.061093 0.009472 0.128757
-50.692833 0.166008 0.009472 0.094557
-17.288005 1.249167 0.775371 0.521378
-49.453549 0.099645 0.075348 0.132401
-45.339132 0.110151 0.068084 0.017458
-52.830072 0.401199 0.000945 0.090297
-50.435258 0.347200 0.016174 0.035346
-64.260335 0.959657 0.015531 0.470057
-47.865555 0.041932 0.013159 0.014556
-48.035168 0.041932 0.029264 0.014556
-56.452813 0.968522 0.013159 0.014556
-44.712911 0.286293 0.013159 0.014556
-45.539181 0.199603 0.013159 0.014556
-66.207052 0.057751 1.658152 0.144819
-89.805123 2.463210 0.013159 1.196297
-44.722077 0.299770 0.029264 0.014556
-67.129099 0.043092 1.511671 0.014556
-48.853401 0.095510 0.067165 0.014556
-52.427901 0.043092 0.185432 0.157717
-48.758237 0.043092 0.013159 0.048190
-58.665224 0.973502 0.013159 0.128356
-50.472838 0.146420 0.013159 0.089933
-33.022229 0.003065 0.827604 0.234683
-47.437061 0.015670 0.045791 0.027550
-55.123251 0.876186 0.027890 0.009749
-46.332433 0.126152 0.022237 0.018437
-50.813644 0.203607 0.099606 0.008473
-46.306951 0.045055 0.030963 0.025762
-50.447031 0.366464 0.013488 0.021379
-46.785687 0.056720 0.009688 0.021300
-50.276071 0.023810 0.100186 0.123451
-47.422969 0.069889 0.005023 0.046954
-49.537930 0.034232 0.134404 0.057452
-48.079562 0.065021 0.008184 0.001907
-47.099715 0.000711 0.021472 0.014934
-47.201608 0.008641 0.030219 0.008805
-46.400919 0.055190 0.027345 0.015908
-47.772648 0.049456 0.015695 0.035982
-46.282182 0.051239 0.011895 0.041145
-47.915306 0.019196 0.005435 0.010235
-47.332360 0.068068 0.031093 0.008187
-47.537050 0.023103 0.005239 0.010233
-46.571923 0.078270 0.002708 0.008428
-47.562954 0.019497 0.004005 0.013754
-48.641551 0.046265 0.047970 0.005671
-46.838211 0.028422 0.014384 0.015700
-59.576185 0.310884 0.355476 0.380436
-47.726612 0.000863 0.005247 0.010235
-47.720489 0.001290 0.005247 0.010235
-51.991869 0.011956 0.559717 0.010235
-47.508522 0.003453 0.020347 0.010235
-143.803206 14.878193 0.005247 0.010235
-28.412228 0.892434 0.386996 0.316193
-86.395148 2.092437 0.005247 1.221088
-49.373069 0.000863 0.194359 0.010235
-63.725688 0.329190 1.503758 0.010235
-49.058646 0.070567 0.075517 0.010235
-51.991685 0.003453 0.164275 0.169263
-49.183080 0.001290 0.005247 0.118988
-50.043780 0.000297 0.005247 0.165049
-50.278725 0.101129 0.005247 0.112655
-73.082831 3.265710 0.109882 0.164422
-47.875307 0.032853 0.033481 0.025598
-47.408499 0.010928 0.029478 0.005873
-48.145792 0.030884 0.087376 0.052599
-52.259578 0.474067 0.077744 0.082247
-65.556068 0.980004 0.096966 0.471743
-47.870908 0.132480 0.302884 0.132924
-57.048594 0.088869 0.570996 0.082738
-47.654195 0.044525 0.106275 0.047604
-49.333170 0.000863 0.065287 0.070274
-48.035999 0.050479 0.077882 0.005673
-48.557027 0.009925 0.022865 0.056533
-54.130269 0.413363 0.150096 0.312539
-26.917986 0.839776 0.518099 0.380270
-47.255362 0.025883 0.028264 0.018805
-47.163972 0.014627 0.029179 0.006652
-48.232834 0.045524 0.009612 0.022306
-46.940759 0.024596 0.014289 0.012989
-47.519110 0.012254 0.003606 0.013167
-49.005024 0.073428 0.047373 0.020045
-47.133574 0.006666 0.024467 0.005720
-47.516422 0.001074 0.014040 0.011616
-48.014777 0.035706 0.000060 0.007278
-47.252483 0.003832 0.013376 0.006552
-47.942362 0.010597 0.013720 0.010155
-48.504001 0.041487 0.037465 0.011552
-47.378223 0.000693 0.011763 0.003419
-48.045764 0.002820 0.015245 0.023755
-47.401567 0.004103 0.002767 0.010058
-47.806935 0.002950 0.002429 0.022099
-48.130942 0.014388 0.053162 0.005345
-47.483609 0.002688 0.015451 0.005943
-47.600805 0.021015 0.006849 0.014148
-47.712454 0.000940 0.000150 0.010681
-49.829117 0.013454 0.042957 0.120758
-47.423645 0.000358 0.001911 0.007749
-46.875124 0.023506 0.013325 0.020539
-46.988169 0.000358 0.001911 0.037388
-47.439110 0.001519 0.001911 0.007749
-48.409515 0.099942 0.001911 0.007749
-56.042254 0.914852 0.011947 0.007749
-89.360687 2.422064 0.001911 1.203103
-64.069746 0.303943 1.535685 0.007749
-66.868286 0.001519 1.511660 0.007749
-48.176694 0.025544 0.049748 0.007749
-51.395039 0.000358 0.147856 0.142018
-48.529450 0.000358 0.001911 0.072817
-49.861504 0.000358 0.001911 0.156638
-49.907655 0.099751 0.001911 0.091644
-17.768172 0.941051 0.831944 0.634971
-46.870139 0.001351 0.006987 0.040009
-47.106603 0.003808 0.020051 0.012308
-47.597163 0.002852 0.000742 0.001653
-48.145098 0.036945 0.026343 0.001653
-47.612636 0.004013 0.000742 0.001653
-47.139628 0.215115 0.000742 0.110406
-58.679410 1.011028 0.000742 0.110406
-89.126449 2.400034 0.000742 1.200457
-47.831962 0.002852 0.023825 0.001653
-66.843459 0.002852 1.499253 0.001653
-48.240058 0.036945 0.034835 0.001653
-51.929644 0.002852 0.164613 0.165524
-48.845529 0.002852 0.000742 0.093404
-49.958627 0.004013 0.000742 0.159595
-100.945700 3.413380 0.000742 1.342858
-11.950158 1.608020 0.631847 0.768199
-48.813077 0.034038 0.035782 0.045288
-47.589614 0.007219 0.009403 0.015658
-47.523594 0.006223 0.001398 0.007357
-48.450303 0.060016 0.010229 0.012764
-50.238495 0.316070 0.010887 0.006424
-63.278022 0.900769 0.002472 0.453249
-47.640087 0.003809 0.011186 0.001269
-54.825827 0.010802 0.570186 0.001288
-47.146398 0.030858 0.005193 0.006689
-53.134340 0.208679 0.119929 0.141145
-46.141572 0.169473 0.010505 0.031955
-48.778326 0.023116 0.005257 0.063283
-46.178204 0.164255 0.015903 0.031943
-31.208705 0.608231 0.370360 0.370328
-47.685660 0.002831 0.018366 0.005634
-47.479894 0.003598 0.011899 0.002493
-47.603141 0.003291 0.000742 0.001653
-47.863095 0.001297 0.086752 0.047206
-54.083573 0.261951 0.108031 0.169212
-47.785079 0.022139 0.005910 0.007716
-52.607509 0.183577 0.182068 0.058785
-47.682065 0.007245 0.005135 0.001653
-52.395956 0.415275 0.139144 0.174047
-48.719182 0.115986 0.057511 0.053036
-47.068682 0.103947 0.053534 0.008503
-47.952575 0.016865 0.000742 0.015666
-34.583138 0.647534 0.162776 0.298646
-47.518774 0.006275 0.012505 0.006921
-47.501283 0.004285 0.008935 0.001382
-47.781278 0.000909 0.016079 0.004094
-47.424171 0.003702 0.003393 0.003668
-47.762855 0.003403 0.016739 0.001682
-48.119970 0.057929 0.000742 0.001653
-50.243569 0.149796 0.008758 0.073548
-47.769792 0.003246 0.018285 0.002208
-49.528067 0.028128 0.091742 0.035236
-47.354467 0.018360 0.049961 0.020421
-48.630448 0.008354 0.093943 0.002073
-47.964348 0.009405 0.049867 0.008195
-47.892190 0.009805 0.033985 0.000617
-47.696846 0.009318 0.007174 0.010728
-41.509109 0.190069 0.208544 0.097268
-47.394832 0.001660 0.019477 0.005557
-47.666198 0.002826 0.007447 0.000076
-47.441416 0.007035 0.017016 0.000893
-47.660441 0.001457 0.006273 0.002565
-47.472243 0.003936 0.005739 0.007710
-47.665382 0.000694 0.014875 0.002934
-47.517848 0.002327 0.005777 0.001094
-47.766497 0.011653 0.000692 0.008264
-48.073115 0.042366 0.001001 0.009472
-48.915110 0.081284 0.005582 0.033424
-47.848865 0.015445 0.000535 0.011213
-48.255891 0.006458 0.045367 0.004387
-47.864408 0.016732 0.000252 0.011304
-47.764050 0.004656 0.005341 0.007926
-46.605291 0.051662 0.010235 0.035803
-47.340645 0.014988 0.003729 0.006104
-47.666663 0.005426 0.000852 0.004384
-45.620828 0.078793 0.057343 0.027287
-47.512143 0.007832 0.009194 0.004486
-47.458663 0.011291 0.011353 0.007538
-47.477965 0.002129 0.008492 0.004785
-47.792429 0.014448 0.005853 0.012656
-47.538451 0.005017 0.006997 0.002585
-47.445482 0.002128 0.012809 0.006576
-47.889622 0.019124 0.003572 0.013810
-47.473184 0.006622 0.001861 0.001303
-47.491466 0.008303 0.009220 0.005366
-47.752349 0.001696 0.019696 0.003806
-47.516645 0.001308 0.004879 0.003860
-47.375823 0.014555 0.006276 0.006436
-47.665976 0.004945 0.001043 0.004504
-47.692878 0.008254 0.005244 0.009489
-47.537365 0.004343 0.005598 0.001831
-47.671523 0.008226 0.005791 0.008811
-47.549177 0.003934 0.005391 0.001232
-47.379043 0.006048 0.001885 0.005258
-47.643489 0.000132 0.013396 0.004289
-47.518966 0.001570 0.003102 0.002507
-47.574378 0.003432 0.004419 0.004021
-47.779742 0.006454 0.004163 0.008792
-47.476735 0.002950 0.000466 0.001823
-47.453632 0.003554 0.006751 0.002985
-47.610405 0.001198 0.003780 0.000743
-47.595466 0.004777 0.005421 0.005386
-47.549056 0.002159 0.002785 0.000103
-47.441055 0.006602 0.000293 0.001767
-47.627600 0.005431 0.001725 0.003802
-47.536064 0.004269 0.005107 0.001617
-47.464771 0.008198 0.003755 0.002446
-47.585593 0.001989 0.000407 0.002218
-47.564698 0.002703 0.004224 0.003704
-47.688795 0.007103 0.000420 0.005080
-47.501390 0.003251 0.000136 0.000096
-47.570193 0.004520 0.006316 0.004699
-47.554306 0.001785 0.002411 0.000264
-47.430038 0.005740 0.001728 0.001904
-47.562633 0.000461 0.004923 0.002396
-47.555120 0.000367 0.003677 0.003929
-47.755577 0.005448 0.007452 0.006419
-47.482473 0.002241 0.001322 0.001825
-47.615737 0.004359 0.003339 0.005076
-47.878675 0.029400 0.013192 0.014739
-48.229444 0.037350 0.006570 0.015831
-47.693033 0.009551 0.008932 0.011604
-47.939337 0.006237 0.017097 0.007575
-47.581527 0.001062 0.003329 0.000337
-47.637509 0.001989 0.001520 0.004143
-47.633605 0.002642 0.001119 0.005737
-47.647369 0.001140 0.000753 0.005899
-47.663869 0.004883 0.000129 0.004968
-45.989536 0.073469 0.006744 0.048810
-47.555141 0.000365 0.003677 0.003929
-47.589469 0.001090 0.005450 0.002024
-47.535130 0.000945 0.001003 0.001332
-47.480886 0.002126 0.002481 0.000201
-47.465601 0.005160 0.000066 0.001482
-47.567589 0.001148 0.000488 0.000862
-47.522255 0.000844 0.002570 0.000479
-47.479400 0.002334 0.004248 0.000892
-47.555366 0.000175 0.001435 0.000053
-47.598867 0.002248 0.000133 0.002739
-47.508082 0.001594 0.000370 0.000678
-47.459644 0.004478 0.001557 0.001251
-47.561718 0.000988 0.000133 0.000906
-47.591325 0.001072 0.002183 0.000810
-47.591099 0.003199 0.000270 0.000975
-47.524099 0.001615 0.000038 0.000178
-47.634709 0.002859 0.002181 0.003523
-47.512521 0.001263 0.000645 0.000685
-47.538986 0.001960 0.002568 0.000835
-47.549347 0.000852 0.001111 0.000381
-47.501278 0.002333 0.000576 0.001486
-47.520319 0.001363 0.000328 0.000620
-47.563612 0.001657 0.003309 0.000022
-47.533196 0.000225 0.001082 0.000383
-47.482050 0.002127 0.002067 0.000430
-47.565179 0.000337 0.001132 0.000524
-47.544217 0.000170 0.001480 0.001074
-47.541555 0.000146 0.000888 0.000501
-47.578433 0.001130 0.001141 0.000951
-47.525149 0.000907 0.000033 0.000274
-47.561673 0.001251 0.000786 0.000011
-47.587515 0.001584 0.001776 0.001098
-47.528461 0.000639 0.000117 0.000308
-47.578229 0.001722 0.000628 0.001013
-47.533886 0.000662 0.000429 0.000248
-47.522854 0.001210 0.000425 0.000716
-47.520917 0.001826 0.000078 0.000004
-47.551408 0.000516 0.000561 0.000006
-47.566208 0.001040 0.000445 0.000883
-47.543388 0.001042 0.000348 0.000104
-47.534326 0.000142 0.001004 0.000288
-47.518285 0.000839 0.000311 0.000724
-47.514395 0.001106 0.000119 0.001056
-47.547961 0.000363 0.000041 0.000378
-47.504950 0.000602 0.001331 0.000780
-47.551099 0.000163 0.000517 0.000222
-47.542197 0.000400 0.001221 0.000640
-47.534112 0.000004 0.000510 0.000089
-47.560082 0.000809 0.000394 0.000646
-47.549983 0.000423 0.000209 0.000316
-47.536459 0.001149 0.000510 0.000116
-47.542471 0.000524 0.000109 0.000035
-47.547789 0.000177 0.001409 0.000348
-47.536639 0.000036 0.000446 0.000115
-47.538593 0.000081 0.000746 0.000536
-47.557708 0.001083 0.000040 0.000506
-47.534447 0.000390 0.000011 0.000055
-47.544259 0.000032 0.000866 0.000422
-47.539936 0.000056 0.000343 0.000300
-47.550742 0.000939 0.000446 0.000481
-47.536518 0.000346 0.000188 0.000096
-47.530263 0.000414 0.000654 0.000210
-47.545669 0.000259 0.000260 0.000042
-47.554802 0.000821 0.000104 0.000535
-47.535794 0.000246 0.000044 0.000083
-47.529997 0.000023 0.000685 0.000019
-47.544575 0.000044 0.000220 0.000132
-47.571357 0.000932 0.001019 0.000786
-47.530242 0.000340 0.000322 0.000163
-47.587882 0.001876 0.000880 0.001245
-47.528920 0.002759 0.000883 0.001649
-47.629209 0.010839 0.005772 0.003478
-47.518514 0.001164 0.000033 0.000623
-47.576517 0.003815 0.008336 0.002308
-47.190364 0.014270 0.004179 0.010070
-47.234408 0.016732 0.002718 0.006955
-47.595354 0.001481 0.000823 0.002131
-47.391080 0.007873 0.002814 0.002395
-47.566943 0.000775 0.000769 0.001833
-48.190779 0.027352 0.009856 0.017333
-47.571355 0.000932 0.001019 0.000786
-47.534826 0.000635 0.000075 0.000170
-47.540520 0.000233 0.000104 0.000017
-47.527801 0.000502 0.000253 0.000318
-47.542674 0.000145 0.000039 0.000193
-47.543089 0.000108 0.000382 0.000017
-47.549926 0.000282 0.000344 0.000278
-47.535070 0.000190 0.000155 0.000056
-47.543083 0.000143 0.000524 0.000039
-47.538197 0.000010 0.000204 0.000074
-47.539534 0.000176 0.000450 0.000263
-47.539813 0.000004 0.000143 0.000157
-47.543472 0.000292 0.000153 0.000180
-47.536899 0.000133 0.000454 0.000136
-47.541608 0.000050 0.000177 0.000023
-47.547002 0.000485 0.000051 0.000191
-47.537527 0.000170 0.000006 0.000003
-47.536849 0.000291 0.000145 0.000076
-47.532908 0.000367 0.000290 0.000039
-47.542357 0.000100 0.000119 0.000037
-47.542986 0.000265 0.000176 0.000184
-47.538394 0.000154 0.000068 0.000012
-47.556835 0.000908 0.000496 0.000140
-47.544347 0.000236 0.000028 0.000198
-47.537748 0.000126 0.000030 0.000022
-47.522959 0.000835 0.000498 0.000225
-47.533729 0.000093 0.000325 0.000042
-47.542516 0.000078 0.000055 0.000111
-47.655346 0.006271 0.000567 0.004012
-47.558182 0.003612 0.000059 0.001059
-47.736355 0.011650 0.000484 0.004943
-47.596443 0.002608 0.000499 0.001729
-47.685855 0.001528 0.008837 0.001049
-47.533783 0.000399 0.001063 0.000824
-47.374602 0.011283 0.002457 0.005540
-47.424900 0.006778 0.000494 0.003546
-47.616020 0.003250 0.000286 0.003170
-47.394887 0.010135 0.001307 0.004264
-47.350661 0.001269 0.014413 0.000389
-47.524055 0.000799 0.000475 0.000196
-47.538604 0.000311 0.000072 0.000083
-47.539977 0.000094 0.000061 0.000031
-47.545074 0.000170 0.000144 0.000174
-47.537546 0.000101 0.000081 0.000001
-47.536546 0.000211 0.000018 0.000109
-47.537945 0.000127 0.000003 0.000039
-47.540820 0.000085 0.000223 0.000018
-47.538803 0.000031 0.000096 0.000049
-47.539106 0.000092 0.000174 0.000120
-47.539639 0.000026 0.000064 0.000088
-47.536844 0.000044 0.000196 0.000025
-47.540518 0.000044 0.000085 0.000027
-47.541644 0.000107 0.000006 0.000054
-47.541311 0.000137 0.000081 0.000078
-47.539220 0.000077 0.000032 0.000014
-47.536751 0.000151 0.000150 0.000026
-47.540977 0.000037 0.000052 0.000036
-47.546250 0.000382 0.000112 0.000101
-47.536347 0.000135 0.000086 0.000060
-47.540946 0.000023 0.000021 0.000066
-47.541435 0.000097 0.000030 0.000106
-47.538847 0.000069 0.000006 0.000001
-47.532585 0.000347 0.000088 0.000200
-47.542009 0.000112 0.000010 0.000099
-47.538653 0.000069 0.000023 0.000001
-47.524836 0.001240 0.000101 0.000138
-47.527781 0.000075 0.000330 0.000459
-47.665899 0.006522 0.000173 0.004165
-47.540722 0.000142 0.000254 0.000015
-47.596210 0.000039 0.004373 0.000001
-47.538397 0.000335 0.000336 0.000078
-47.551906 0.001273 0.000928 0.000893
-47.544283 0.000069 0.000003 0.000282
-47.582658 0.002715 0.000214 0.000962
-47.659469 0.007643 0.000432 0.002649
-47.198987 0.014441 0.005959 0.008155
-47.532564 0.000347 0.000089 0.000200
-47.542323 0.000092 0.000069 0.000073
-47.538753 0.000053 0.000042 0.000019
-47.537588 0.000151 0.000028 0.000011
-47.540590 0.000040 0.000002 0.000042
-47.539355 0.000150 0.000052 0.000034
-47.539822 0.000033 0.000032 0.000032
-47.540753 0.000012 0.000101 0.000014
-47.540213 0.000011 0.000099 0.000035
-47.539956 0.000019 0.000059 0.000009
-47.538881 0.000029 0.000071 0.000030
-47.538795 0.000007 0.000087 0.000018
-47.539265 0.000004 0.000046 0.000023
-47.540126 0.000056 0.000049 0.000034
-47.540681 0.000023 0.000058 0.000018
-47.539541 0.000068 0.000059 0.000009
-47.540004 0.000026 0.000023 0.000029
-47.538599 0.000048 0.000059 0.000011
-47.540317 0.000014 0.000024 0.000027
-47.538401 0.000041 0.000028 0.000031
-47.541265 0.000022 0.000167 0.000019
-47.540645 0.000058 0.000014 0.000028
-47.540026 0.000010 0.000029 0.000003
-47.539325 0.000011 0.000045 0.000091
-47.541140 0.000100 0.000018 0.000031
-47.539489 0.000023 0.000001 0.000009
-47.538050 0.000113 0.000089 0.000047
-47.538999 0.000046 0.000007 0.000005
-47.500797 0.001246 0.001080 0.000942
-47.572714 0.002889 0.000213 0.000198
-47.625706 0.006510 0.001817 0.002872
-47.579771 0.001308 0.001159 0.000894
-47.557677 0.001638 0.003774 0.001066
-47.429126 0.003356 0.002178 0.003151
-47.431017 0.005035 0.002406 0.001957
-47.521784 0.000763 0.000566 0.000211
-47.527849 0.000668 0.000491 0.000050
-47.528662 0.000316 0.000723 0.000040
-47.663517 0.002259 0.004267 0.003421
-47.537984 0.000113 0.000091 0.000045
-47.538667 0.000027 0.000064 0.000005
-47.540141 0.000008 0.000027 0.000015
-47.522351 0.000960 0.000277 0.000296
-47.547966 0.000942 0.000023 0.000017
-47.581414 0.002423 0.000628 0.001727
-47.544164 0.000200 0.000124 0.000073
-47.552116 0.000770 0.001791 0.000209
-47.545236 0.000265 0.000358 0.000020
-47.562286 0.000493 0.000640 0.000664
-47.533775 0.000433 0.000109 0.000001
-47.578909 0.001931 0.000515 0.000885
-47.599535 0.003113 0.000684 0.001311
-47.367561 0.007410 0.003068 0.004005
-47.539464 0.000023 0.000070 0.000037
-47.539844 0.000008 0.000027 0.000003
-47.541280 0.000050 0.000026 0.000065
-47.539132 0.000018 0.000013 0.000007
-47.538795 0.000043 0.000002 0.000017
-47.539367 0.000051 0.000035 0.000018
-47.539733 0.000013 0.000014 0.000020
-47.540041 0.000009 0.000055 0.000009
-47.539435 0.000007 0.000022 0.000015
-47.540384 0.000040 0.000015 0.000022
-47.539366 0.000023 0.000001 0.000002
-47.540696 0.000041 0.000008 0.000039
-47.539275 0.000022 0.000001 0.000003
-47.539338 0.000038 0.000034 0.000014
-47.539851 0.000011 0.000009 0.000019
-47.539005 0.000018 0.000008 0.000020
-47.538901 0.000024 0.000025 0.000008
-47.539849 0.000001 0.000015 0.000009
-47.541567 0.000068 0.000056 0.000047
-47.538979 0.000027 0.000031 0.000012
-47.539716 0.000003 0.000014 0.000001
-47.539321 0.000012 0.000012 0.000027
-47.539118 0.000010 0.000031 0.000005
-47.539622 0.000011 0.000012 0.000003
-47.552315 0.000686 0.001155 0.000230
-47.570548 0.000703 0.001556 0.000311
-47.589372 0.002737 0.000093 0.001422
-47.546404 0.000668 0.000876 0.000156
-47.566568 0.000684 0.001722 0.000154
-47.541501 0.000477 0.000089 0.000062
-47.551899 0.000061 0.000413 0.000456
-47.542070 0.000118 0.000140 0.000132
-47.539939 0.000375 0.000412 0.000129
-47.555179 0.001070 0.000386 0.000642
-47.382556 0.004590 0.004894 0.003235
-47.539340 0.000012 0.000012 0.000026
-47.540108 0.000003 0.000012 0.000034
-47.539252 0.000014 0.000003 0.000007
-47.540490 0.000034 0.000037 0.000015
-47.539523 0.000149 0.000488 0.000311
-47.563797 0.001323 0.000059 0.000685
-47.538470 0.000189 0.000125 0.000053
-47.555203 0.000276 0.000901 0.000081
-47.544032 0.000369 0.000007 0.000077
-47.543497 0.000216 0.000315 0.000145
-47.546433 0.000650 0.000270 0.000273
-47.536692 0.000620 0.000282 0.000032
-47.547614 0.000294 0.000023 0.000311
-47.481345 0.001793 0.001808 0.001151
-47.539342 0.000012 0.000012 0.000026
-47.539264 0.000035 0.000014 0.000012
-47.539616 0.000001 0.000007 0.000012
-47.539387 0.000019 0.000071 0.000046
-47.539654 0.000010 0.000024 0.000007
-47.539515 0.000015 0.000013 0.000002
-47.533198 0.000151 0.000103 0.000258
-47.547846 0.000486 0.000056 0.000191
-47.547884 0.000705 0.000123 0.000199
-47.528116 0.000400 0.000106 0.000392
-47.545424 0.000005 0.000431 0.000016
-47.539030 0.000007 0.000016 0.000031
-47.535263 0.000441 0.000162 0.000104
-47.541150 0.000026 0.000002 0.000093
-47.532295 0.000279 0.000106 0.000202
-47.537877 0.000033 0.000074 0.000027
-47.547909 0.000119 0.000234 0.000648
-47.539341 0.000016 0.000071 0.000046
-47.539550 0.000004 0.000006 0.000004
-47.539580 0.000018 0.000009 0.000010
-47.539350 0.000013 0.000046 0.000050
-47.539938 0.000005 0.000026 0.000008
-47.539334 0.000012 0.000004 0.000003
-47.541489 0.000153 0.000018 0.000012
-47.541825 0.000260 0.000001 0.000013
-47.544327 0.000271 0.000003 0.000138
-47.539449 0.000028 0.000031 0.000009
-47.542465 0.000039 0.000201 0.000003
-47.540194 0.000034 0.000043 0.000005
-47.542135 0.000097 0.000135 0.000121
-47.542753 0.000199 0.000033 0.000084
-47.540947 0.000051 0.000012 0.000058
-47.542039 0.000127 0.000013 0.000079
-47.517479 0.000959 0.000420 0.000506
-47.539351 0.000013 0.000046 0.000050
-47.539696 0.000013 0.000014 0.000003
-47.538329 0.000053 0.000013 0.000056
-47.540319 0.000103 0.000008 0.000015
-47.542057 0.000148 0.000006 0.000068
-47.539061 0.000032 0.000028 0.000026
-47.540958 0.000016 0.000097 0.000003
-47.540106 0.000033 0.000025 0.000002
-47.540658 0.000008 0.000057 0.000039
-47.539557 0.000004 0.000007 0.000003
-47.539146 0.000040 0.000010 0.000003
-47.540068 0.000019 0.000008 0.000020
-47.534806 0.000133 0.000191 0.000074
-47.539351 0.000013 0.000046 0.000050
-47.539866 0.000014 0.000013 0.000005
-47.539696 0.000013 0.000002 0.000005
-47.539311 0.000016 0.000001 0.000002
-47.539405 0.000021 0.000005 0.000007
-47.539623 0.000004 0.000009 0.000001
-47.539205 0.000008 0.000007 0.000008
-47.539350 0.000004 0.000008 0.000004
-47.539668 0.000013 0.000004 0.000001
-47.538897 0.000041 0.000001 0.000014
-47.539848 0.000043 0.000004 0.000006
-47.540721 0.000052 0.000006 0.000054
-47.540542 0.000066 0.000024 0.000007
-47.539890 0.000015 0.000051 0.000007
-47.539310 0.000017 0.000014 0.000009
-47.540328 0.000021 0.000028 0.000019
-47.539765 0.000014 0.000007 0.000004
-47.539847 0.000015 0.000007 0.000008
-47.540854 0.000081 0.000013 0.000026
-47.535048 0.000173 0.000075 0.000120
-47.539812 0.000017 0.000001 0.000007
-47.539392 0.000006 0.000002 0.000003
-47.539285 0.000005 0.000013 0.000001
-47.539220 0.000013 0.000004 0.000007
-47.539577 0.000006 0.000000 0.000002
-47.539692 0.000004 0.000014 -0.000000
-47.539386 0.000003 0.000006 0.000001
-47.539312 0.000000 0.000008 0.000016
-47.539540 0.000001 0.000003 0.000005
-47.539234 0.000015 0.000005 0.000003
-47.539560 0.000006 0.000002 0.000000
-47.539768 0.000009 0.000008 0.000007
-47.539346 0.000004 0.000003 0.000004
-47.539643 0.000015 0.000005 0.000002
-47.539411 0.000005 0.000001 0.000002
-47.539311 0.000003 0.000010 0.000001
-47.539545 0.000002 0.000004 0.000001
-47.539623 0.000003 0.000009 0.000002
-47.539555 0.000001 0.000005 0.000001
-47.539415 0.000005 0.000005 0.000004
-47.539395 0.000003 0.000007 0.000002
-47.539526 0.000005 0.000004 0.000004
-47.539572 0.000002 0.000008 0.000002
-47.539439 0.000002 0.000003 0.000001
-47.539423 0.000005 0.000005 0.000004
-47.539501 0.000003 0.000002 0.000002
-47.539580 0.000007 0.000003 0.000004
-47.539439 0.000003 0.000001 0.000002
-47.539124 0.000014 0.000027 0.000006
-47.539596 0.000003 0.000007 0.000001
-47.539439 0.000001 0.000003 0.000000
-47.539438 0.000010 0.000002 0.000004
-47.539656 0.000005 0.000004 0.000005
-47.539423 0.000002 0.000001 0.000002
-47.539378 0.000011 0.000004 0.000007
-47.539415 0.000007 0.000002 0.000001
-47.539524 0.000003 0.000001 0.000000
-47.539558 0.000022 0.000002 0.000019
-47.535467 0.000107 0.000006 0.000190
-47.540439 0.000090 0.000004 0.000006
-47.539723 0.000005 0.000012 0.000004
-47.544162 0.000126 0.000136 0.000111
-47.541092 0.000073 0.000021 0.000045
-47.540057 0.000167 0.000162 0.000019
-47.540189 0.000015 0.000001 0.000040
-47.540056 0.000013 0.000001 0.000030
-47.539366 0.000012 0.000004 0.000001
-47.533574 0.000075 0.000328 0.000066
-47.539377 0.000011 0.000004 0.000007
-47.539387 0.000008 0.000000 0.000002
-47.539530 0.000003 0.000000 0.000001
-47.540330 0.000054 0.000009 0.000024
-47.538207 0.000043 0.000021 0.000076
-47.540418 0.000056 0.000004 0.000021
-47.540032 0.000027 0.000000 0.000020
-47.540329 0.000014 0.000042 0.000010
-47.540077 0.000034 0.000004 0.000017
-47.540587 0.000009 0.000048 0.000040
-47.539412 0.000011 0.000001 0.000002
-47.539180 0.000024 0.000004 0.000008
-47.539799 0.000000 0.000009 0.000010
-47.535299 0.000116 0.000139 0.000082
-47.539421 0.000002 0.000004 0.000005
-47.539510 0.000000 0.000001 0.000002
-47.539773 0.000006 0.000002 0.000015
-47.539570 0.000005 0.000002 0.000003
-47.539451 0.000003 0.000000 0.000001
-47.539753 0.000017 0.000001 0.000003
-47.540078 0.000026 0.000013 0.000012
-47.541458 0.000076 0.000026 0.000060
-47.539203 0.000002 0.000012 0.000010
-47.539200 0.000006 0.000007 0.000033
-47.538922 0.000017 0.000028 0.000024
-47.539402 0.000016 0.000034 0.000013
-47.538683 0.000005 0.000045 0.000020
-47.539895 0.000001 0.000010 0.000019
-47.539546 0.000049 0.000052 0.000012
-47.538482 0.000211 0.000102 0.000007
-47.539405 0.000001 0.000005 0.000001
-47.539443 0.000000 0.000003 0.000000
-47.539635 0.000009 0.000001 0.000003
-47.539562 0.000010 0.000003 0.000001
-47.540024 0.000029 0.000001 0.000017
-47.539517 0.000000 0.000001 0.000002
-47.539163 0.000012 0.000002 0.000015
-47.539585 0.000004 0.000002 0.000002
-47.539966 0.000001 0.000016 0.000020
-47.538953 0.000011 0.000021 0.000010
-47.539417 0.000003 0.000007 0.000003
-47.539319 0.000006 0.000021 0.000003
-47.539476 0.000028 0.000018 0.000001
-47.539442 0.000002 0.000004 0.000001
-47.539486 0.000001 0.000000 0.000001
-47.539514 0.000003 0.000003 0.000002
-47.539457 0.000002 0.000000 0.000001
-47.539517 0.000002 0.000002 0.000001
-47.539518 0.000004 0.000000 0.000001
-47.539468 0.000001 0.000000 0.000000
-47.539427 0.000003 0.000001 0.000001
-47.539504 0.000001 0.000000 0.000001
-47.539429 0.000003 0.000002 0.000000
-47.539500 0.000001 0.000000 0.000000
-47.539526 0.000001 0.000002 0.000001
-47.539539 0.000001 0.000003 0.000001
-47.539467 0.000000 0.000001 0.000000
-47.539455 0.000002 0.000002 0.000001
-47.539471 0.000001 0.000001 0.000001
-47.539558 0.000001 0.000001 0.000003
-47.539457 0.000001 0.000001 0.000001
-47.539441 0.000001 0.000003 0.000000
-47.539505 0.000001 0.000001 0.000001
-47.539520 0.000001 0.000001 0.000002
-47.539473 0.000001 0.000000 -0.000000
-47.539451 0.000000 0.000001 0.000001
-47.539446 0.000001 0.000001 0.000002
-47.539494 0.000000 0.000001 0.000001
-47.539449 0.000000 0.000002 0.000000
-47.539491 0.000001 0.000000 0.000000
-47.539504 0.000000 0.000000 0.000001
-47.539497 0.000001 0.000000 0.000000
-47.539474 0.000000 0.000001 0.000001
-47.539479 0.000000 0.000000 0.000000
-47.539523 0.000001 0.000001 0.000001
-47.539469 0.000000 0.000001 0.000000
-47.539463 0.000002 0.000000 0.000000
-47.539494 0.000001 0.000000 0.000000
-47.539482 0.000002 0.000001 0.000001
-47.539485 0.000001 0.000000 0.000000
-47.539483 0.000001 0.000000 0.000000
-47.539484 0.000000 0.000000 0.000000
-47.539473 0.000001 0.000000 0.000000
-47.539478 0.000000 0.000000 0.000000
-25.195057 1.497965 0.496458 0.010341
-25.307785 1.487325 0.496458 0.010341
-47.558362 0.001440 0.000000 0.000000
-55.884469 0.898860 0.000000 0.000000
-89.035526 2.395343 0.000000 1.197671
-47.774152 0.000000 0.023072 0.000000
-66.818210 0.000000 1.501186 0.000000
-107.995646 2.355540 1.501186 1.191071
-51.806196 0.000000 0.161299 0.161299
-48.788453 0.000000 0.000000 0.091808
-49.664979 0.012039 0.012039 0.159306
-50.235244 0.108196 0.000000 0.108196
-11.582341 1.503848 0.790520 0.708224
-39.693959 0.062102 0.051785 0.316258
-37.809053 0.393296 0.101485 0.241130
-47.546777 0.000544 0.000000 0.000000
-47.160896 0.009711 0.016230 0.013130
-47.021664 0.049870 0.085656 0.010956
-48.158454 0.004443 0.032484 0.013753
-47.696278 0.006042 0.021330 0.028552
-57.473627 0.075678 0.456652 0.214723
-49.505660 0.015060 0.132290 0.003504
-38.288201 0.585115 0.054225 0.273993
-54.775580 0.032465 0.601623 0.049940
-58.241533 0.524649 0.295691 0.116702
-45.236325 0.341281 0.632887 0.181292
-52.826100 0.227663 0.137467 0.081775
-51.988349 0.195289 0.115929 0.065510
-49.754615 0.073242 0.078868 0.032382
-52.076766 0.298204 0.054975 0.151689
-45.697026 0.114935 0.028261 0.070903
-47.301379 0.026857 0.009032 0.006122
-44.121870 0.075937 0.157109 0.040118
-44.884650 0.176153 0.033572 0.088942
-46.685275 0.062743 0.022145 0.033521
-47.257261 0.040798 0.009032 0.000463
-46.721029 0.027395 0.008178 0.030281
-46.275834 0.122229 0.008838 0.013265
-54.276164 0.379522 0.057928 0.150822
-49.587633 0.103242 0.051701 0.029840
-48.625065 0.063172 0.025972 0.011761
-47.576729 0.005346 0.000000 0.000923
-47.628216 0.028824 0.013265 0.000112
-47.707801 0.006622 0.000000 0.006622
-47.328687 0.048796 0.032817 0.011686
-47.561730 0.005257 0.001278 0.000923
-48.208006 0.022535 0.032121 0.002061
-47.622570 0.024933 0.016237 0.007544
-47.875265 0.020127 0.027907 0.011638
-45.220178 0.132660 0.000000 0.066330
-46.317176 0.015076 0.083688 0.000831
-50.356512 0.196701 0.002939 0.061265
-47.540076 0.000013 0.000014 0.000021
-47.831760 0.035858 0.076998 0.059044
-47.641002 0.014071 0.038840 0.029136
-47.535052 0.003418 0.004506 0.001985
-47.560755 0.003117 0.001859 0.001219
-47.458616 0.014527 0.018799 0.001512
-47.461877 0.023676 0.036675 0.011469
-48.333527 0.011274 0.044964 0.006504
-47.272864 0.022603 0.008251 0.003624
-47.528179 0.002545 0.002615 0.001462
-47.668656 0.001629 0.007022 0.003922
-46.348041 0.067205 0.001383 0.033522
-47.507092 0.005487 0.007144 0.000301
-48.377476 0.043656 0.017984 0.011085
-48.006915 0.009934 0.017675 0.009338
-47.890544 0.006230 0.015047 0.006345
-47.487917 0.005505 0.002330 0.001808
-47.849420 0.023742 0.006841 0.011064
-47.679832 0.012202 0.004518 0.005121
-46.967833 0.027096 0.005160 0.015614
-47.840927 0.005216 0.017176 0.001707
-47.508240 0.003062 0.001046 0.000998
-47.387724 0.017360 0.008551 0.005844
-47.539024 0.001736 0.000767 0.000519
-47.589969 0.002334 0.000998 0.002667
-47.452678 0.009001 0.000664 0.000457
-47.651845 0.021225 0.011281 0.003207
-47.569539 0.001260 0.003176 0.000062
-47.574902 0.000597 0.003679 0.000431
-47.595504 0.001256 0.002816 0.000465
-47.446104 0.001364 0.008998 0.000628
-47.620427 0.001261 0.003054 0.001840
-47.601105 0.000611 0.002754 0.001353
-47.569857 0.000969 0.000642 0.000790
-47.379737 0.003166 0.007985 0.001467
-47.619146 0.006184 0.001284 0.000235
-47.551957 0.000324 0.000505 0.000145
-47.304602 0.014283 0.001122 0.007161
-47.543432 0.000085 0.000163 0.000495
-47.707195 0.005747 0.005104 0.002767
-47.539525 0.000004 0.000002 0.000000
-47.571045 0.000655 0.001027 0.000815
-47.561525 0.000545 0.000499 0.000706
-47.560795 0.000067 0.000931 0.000608
-47.519405 0.000790 0.001615 0.000401
-47.528286 0.000061 0.000725 0.000100
-47.526555 0.000043 0.000611 0.000346
-47.498782 0.003093 0.000478 0.000313
-47.526586 0.000019 0.000241 0.000647
-47.594417 0.000021 0.004409 0.000170
-47.660568 0.007086 0.000111 0.003465
-47.554120 0.000006 0.000555 0.000527
-47.555402 0.000075 0.000717 0.000388
-47.410371 0.004885 0.002809 0.002993
-47.522721 0.000829 0.000031 0.000484
-47.525538 0.000624 0.000152 0.000342
-47.558230 0.001541 0.000627 0.000765
-47.585375 0.001539 0.001462 0.000779
-47.488370 0.001635 0.001728 0.000813
-47.506871 0.002473 0.001011 0.001411
-47.538845 0.000075 0.000084 0.000057
-47.537794 0.000281 0.000168 0.000075
-47.523152 0.001373 0.000595 0.000683
-47.536887 0.000453 0.000185 0.000033
-47.528208 0.000491 0.000004 0.000441
-47.526487 0.001298 0.000099 0.000121
-47.604374 0.005014 0.001247 0.002092
-47.535629 0.000105 0.000265 0.000062
-47.536247 0.000082 0.000250 0.000065
-47.537730 0.000070 0.000019 0.000054
-47.538002 0.000056 0.000000 0.000057
-47.540894 0.000055 0.000002 0.000057
-47.548050 0.000356 0.000075 0.000268
-47.555594 0.000740 0.000192 0.000421
-47.547907 0.000306 0.000079 0.000295
-47.517216 0.001419 0.000092 0.000619
-47.545834 0.000582 0.000014 0.000041
-47.529237 0.000050 0.000866 0.000037
-47.525387 0.000725 0.000050 0.000409
-47.548474 0.000184 0.000487 0.000018
-47.539513 0.000004 0.000002 0.000000
-47.539602 0.000020 0.000015 0.000001
-47.539400 0.000013 0.000010 0.000004
-47.538653 0.000063 0.000007 0.000020
-47.543319 0.000289 0.000021 0.000087
-47.540658 0.000060 0.000003 0.000040
-47.530416 0.000576 0.000117 0.000319
-47.537781 0.000161 0.000019 0.000022
-47.537720 0.000080 0.000009 0.000072
-47.548821 0.000726 0.000094 0.000226
-47.545741 0.000362 0.000016 0.000170
-47.549596 0.000374 0.000093 0.000338
-47.532377 0.000099 0.000434 0.000031
-47.529205 0.000830 0.000292 0.000400
-47.541508 0.000030 0.000090 0.000038
-47.540964 0.000019 0.000067 0.000028
-47.539875 0.000001 0.000038 0.000008
-47.540087 0.000014 0.000054 0.000004
-47.536938 0.000007 0.000177 0.000011
-47.539761 0.000008 0.000018 0.000009
-47.539295 0.000005 0.000011 0.000020
-47.539350 0.000014 0.000016 0.000014
-47.539491 0.000004 0.000012 0.000006
-47.544371 0.000279 0.000004 0.000137
-47.538477 0.000106 0.000002 0.000002
-47.539310 0.000038 0.000079 0.000054
-47.537318 0.000082 0.000055 0.000040
-47.540715 0.000006 0.000098 0.000001
-47.540430 0.000003 0.000073 0.000000
-47.537503 0.000148 0.000028 0.000058
-47.540433 0.000073 0.000015 0.000028
-47.542186 0.000135 0.000017 0.000076
-47.538218 0.000068 0.000001 0.000040
-47.538976 0.000032 0.000007 0.000019
-47.539806 0.000040 0.000003 0.000006
-47.538796 0.000045 0.000008 0.000022
-47.538166 0.000012 0.000086 0.000005
-47.539397 0.000017 0.000004 0.000003
-47.540001 0.000039 0.000005 0.000014
-47.540789 0.000037 0.000041 0.000025
-47.539621 0.000004 0.000009 0.000002
-47.539576 0.000002 0.000007 0.000002
-47.539632 0.000015 0.000002 0.000002
-47.539267 0.000016 0.000008 0.000010
-47.539319 0.000014 0.000001 0.000003
-47.539340 0.000017 0.000003 0.000000
-47.539589 0.000006 0.000000 0.000003
-47.540665 0.000066 0.000001 0.000034
-47.538873 0.000003 0.000043 0.000001
-47.539471 0.000008 0.000001 0.000003
-47.539074 0.000037 0.000004 0.000007
-47.539662 0.000005 0.000004 0.000005
-47.539379 0.000005 0.000025 0.000031
-47.539548 0.000004 0.000000 0.000001
-47.539527 0.000002 0.000000 0.000001
-47.539483 0.000000 0.000000 0.000000
-47.539495 0.000001 0.000001 0.000002
-47.539573 0.000004 0.000007 0.000002
-47.539534 0.000002 0.000004 0.000001
-47.539370 0.000009 0.000003 0.000001
-47.539458 0.000014 0.000009 0.000001
-47.539613 0.000008 0.000003 0.000001
-47.539615 0.000009 0.000003 0.000000
-47.539751 0.000021 0.000008 0.000003
-47.539336 0.000008 0.000017 -0.000000
-47.539512 0.000002 0.000000 0.000000
-47.539522 0.000007 0.000000 0.000002
-47.540004 0.000030 0.000001 0.000014
-47.539577 0.000004 0.000002 0.000002
-47.538558 0.000071 0.000007 0.000010
-47.539526 0.000002 0.000000 0.000001
-47.539513 0.000001 0.000000 0.000001
-47.539568 0.000001 0.000004 0.000002
-47.539529 0.000001 0.000003 0.000001
-47.539512 0.000000 0.000002 0.000000
-47.539373 0.000000 0.000009 0.000000
-47.539391 0.000002 0.000006 0.000000
-47.539486 0.000000 0.000001 0.000000
-47.539499 0.000000 0.000001 0.000000
-47.539389 0.000011 0.000000 0.000000
-47.539475 0.000000 0.000000 0.000001
-47.539728 0.000014 0.000000 0.000007
-47.539364 0.000006 0.000002 0.000006
-47.539565 0.000002 0.000001 0.000003
-47.539551 0.000002 0.000001 0.000003
-47.539461 0.000002 0.000000 0.000000
-47.539518 0.000005 0.000002 0.000001
-47.539530 0.000005 0.000001 0.000001
-47.539443 0.000005 0.000001 0.000001
-47.539513 0.000002 0.000001 0.000001
-47.539496 0.000001 0.000000 0.000001
-47.539558 0.000001 0.000004 0.000001
-47.539498 0.000001 0.000000 0.000001
-47.539364 0.000007 0.000000 0.000003
-47.539493 0.000000 0.000000 0.000001
-47.539440 0.000004 0.000000 0.000000
-47.539482 0.000002 0.000005 0.000003
-47.539494 0.000002 0.000003 0.000002
-47.539481 0.000000 0.000000 0.000000
-47.539505 0.000000 0.000000 0.000002
-47.539492 0.000000 0.000000 0.000001
-47.539420 0.000004 0.000000 0.000001
-47.539486 0.000000 0.000000 0.000001
-47.539487 0.000000 0.000000 0.000001
-47.539490 0.000000 0.000000 0.000001
-47.539487 0.000000 0.000000 0.000001
-47.539525 0.000003 0.000000 0.000001
-47.539506 0.000000 0.000002 0.000000
-47.539435 0.000000 0.000001 0.000002
-47.539453 0.000002 0.000000 0.000001
-47.539468 0.000001 0.000000 0.000000
-47.539483 0.000000 0.000000 0.000000
-47.539491 0.000000 0.000000 0.000001
-47.539474 0.000001 0.000000 0.000000
-47.539476 0.000000 0.000001 0.000000
-47.539478 0.000000 0.000000 0.000000
-47.539487 0.000000 0.000000 0.000000
-47.539498 0.000000 0.000001 0.000001
-47.539427 0.000004 0.000001 0.000000
-47.539444 0.000003 0.000001 0.000000
-47.539492 0.000000 0.000000 0.000001
-47.539481 0.000001 0.000000 0.000000
-47.539509 0.000000 0.000002 0.000000
-47.539479 0.000001 0.000000 0.000000
-47.539486 0.000000 0.000000 0.000000
-47.539483 0.000000 0.000000 0.000000
-47.539485 0.000000 0.000000 0.000000
-47.539497 0.000001 0.000000 0.000000
-47.539511 0.000001 0.000000 0.000001
-47.539487 0.000000 0.000000 0.000000
-47.539444 0.000002 0.000002 0.000000
-47.539457 0.000004 0.000001 0.000000
-47.539474 0.000002 0.000001 0.000000
-47.539493 0.000001 0.000001 0.000000
-47.539501 0.000000 0.000000 0.000001
-47.539503 0.000000 0.000001 0.000000
-47.539488 0.000000 0.000000 0.000000
-47.539492 0.000001 0.000001 0.000000
-47.539525 0.000004 0.000001 0.000000
-47.539504 0.000002 0.000000 0.000000
-47.539512 0.000001 0.000000 0.000001
-47.539495 0.000001 0.000001 0.000001
-47.539491 0.000001 0.000001 0.000000
-47.539488 0.000000 0.000000 0.000000
-47.539489 0.000001 0.000000 0.000000
-47.539488 0.000000 0.000000 0.000000
-47.539487 0.000000 0.000000 0.000000
-47.539486 0.000000 0.000001 0.000000
-47.539469 0.000002 0.000000 0.000000
-47.539514 0.000000 0.000002 0.000000
-47.539454 0.000002 0.000000 0.000001
-47.539494 0.000000 0.000000 0.000001
-47.539490 0.000000 0.000000 0.000000
-47.539493 0.000000 0.000000 0.000001
-47.539494 0.000001 0.000001 0.000001
-47.539485 0.000001 0.000000 0.000000
-47.539491 0.000000 0.000000 0.000000
-47.539494 0.000000 0.000001 0.000000
-47.539494 0.000001 0.000001 0.000000
-47.539493 0.000000 0.000000 0.000000
-47.539501 0.000001 0.000000 0.000000
-47.539497 0.000000 0.000000 0.000001
-47.539492 0.000000 0.000000 0.000000
-47.539499 0.000000 0.000001 0.000000
-47.539542 0.000003 0.000000 0.000002
-47.539498 -0.000000 0.000000 0.000001
-47.539505 0.000000 0.000001 0.000001
-47.539503 0.000000 0.000000 0.000001
-47.539497 0.000000 0.000000 0.000001
-47.539494 0.000000 0.000000 0.000001
-47.539491 0.000000 0.000000 0.000000
-47.539518 0.000003 0.000000 0.000000
-47.539518 0.000000 0.000002 0.000001
-47.539399 0.000003 0.000001 0.000002
-47.539479 0.000000 0.000000 0.000000
-47.539491 0.000000 0.000001 0.000000
-47.539488 0.000000 0.000000 0.000000
-47.539519 0.000001 0.000001 0.000001
-47.539499 0.000000 0.000001 0.000001
-47.539501 0.000001 0.000000 0.000001
-47.539495 0.000000 0.000000 0.000000
-47.539499 0.000000 0.000000 0.000001
-47.539492 0.000000 0.000000 0.000000
-47.539493 0.000000 0.000001 0.000000
-47.539489 0.000000 0.000000 0.000000
-47.539494 0.000000 0.000000 0.000000
-47.539495 0.000000 0.000000 0.000000
-47.539496 0.000000 0.000000 0.000000
-47.539500 0.000001 0.000000 0.000001
-47.539496 0.000000 0.000000 0.000000
-47.539497 0.000000 0.000001 0.000000
-47.539491 0.000000 0.000000 0.000000
-47.539495 -0.000000 0.000001 0.000000
-47.539492 0.000000 0.000000 0.000000
-47.539496 0.000000 0.000000 0.000001
-47.539492 0.000000 0.000000 0.000000
-47.539497 0.000000 0.000000 0.000000
-47.539500 0.000001 0.000000 0.000000
-47.539496 0.000000 0.000000 0.000001
-47.539493 0.000000 0.000000 0.000000
-47.539496 0.000000 0.000000 0.000000
-47.539497 0.000000 0.000000 0.000000
-47.539499 0.000000 0.000000 0.000000
-47.539502 0.000001 0.000000 0.000000
-47.539498 0.000000 0.000000 0.000001
-47.539494 0.000000 0.000000 0.000000
-47.539498 0.000000 0.000000 0.000001
-47.539494 0.000000 0.000000 0.000000
-47.539497 0.000000 0.000000 0.000000
-47.539498 0.000000 0.000000 0.000001
-47.539495 0.000000 0.000000 0.000000
-47.539499 0.000000 0.000000 0.000000
-47.539498 0.000000 0.000000 0.000000
-47.539504 0.000001 0.000001 0.000001
-47.539498 0.000001 0.000001 0.000000
-47.539499 0.000000 0.000000 0.000001
-47.539496 0.000000 0.000000 0.000000
-47.539547 0.000003 0.000000 0.000002
-47.539484 0.000002 0.000001 0.000001
-47.539516 0.000001 0.000001 0.000001
-47.539504 0.000002 0.000000 0.000000
-47.539516 0.000002 0.000001 0.000000
-47.539514 0.000002 0.000000 0.000001
-47.539500 0.000000 0.000001 0.000000
-47.539499 0.000000 0.000000 0.000000
-47.539507 0.000001 0.000000 0.000001
-47.539532 0.000001 0.000001 0.000001
-47.539405 0.000004 0.000001 0.000002
-47.539491 0.000000 0.000000 0.000000
-47.539499 0.000000 0.000000 0.000000
-47.539499 0.000000 0.000000 0.000001
-47.539497 0.000000 0.000000 0.000000
-47.539499 0.000001 0.000000 0.000000
-47.539497 0.000000 0.000000 0.000000
-47.539517 0.000002 0.000000 0.000001
-47.539515 0.000001 0.000001 0.000001
-47.539526 0.000002 0.000001 0.000001
-47.539511 0.000001 0.000001 0.000001
-47.539497 0.000000 0.000001 0.000000
-47.539506 0.000001 0.000000 0.000001
-47.539505 0.000000 0.000001 0.000001
-47.539502 0.000000 0.000000 0.000001
-47.539495 0.000000 0.000000 0.000000
-47.539501 0.000000 0.000000 0.000001
-47.539479 0.000000 0.000000 0.000000
-47.539479 0.000000 0.000001 0.000000
-47.539499 0.000000 0.000000 0.000000
-47.539499 0.000000 0.000000 0.000000
-47.539500 0.000000 0.000000 0.000000
-47.539501 0.000001 0.000000 0.000001
-47.539500 0.000000 0.000000 0.000000
-47.539501 0.000000 0.000001 0.000000
-47.539498 0.000000 0.000000 0.000000
-47.539501 0.000000 0.000000 0.000001
-47.539498 0.000000 0.000000 0.000000
-47.539500 0.000000 0.000000 0.000000
-47.539500 0.000000 0.000000 0.000000
-47.539501 0.000001 0.000000 0.000000
-47.539499 0.000000 0.000000 0.000000
-47.539500 0.000000 0.000000 0.000000
-47.539500 0.000000 0.000000 0.000000
-47.539500 0.000000 0.000000 0.000000
-47.539500 0.000000 0.000000 0.000000
-47.539500 0.000000 0.000000 0.000001
-47.539499 0.000000 0.000000 0.000000
-47.539503 0.000001 0.000000 0.000001
-47.539491 0.000000 0.000001 0.000000
-47.539523 0.000002 0.000000 0.000001
-47.539514 0.000001 0.000000 0.000001
-47.539515 0.000001 0.000001 0.000001
-47.539506 0.000001 0.000000 0.000001
-47.539504 0.000001 0.000000 0.000001
-47.539501 0.000000 0.000000 0.000001
-47.539508 0.000001 0.000000 0.000001
-47.539503 0.000001 0.000000 0.000001
-47.539502 0.000001 0.000000 0.000000
-47.539500 0.000000 0.000000 0.000001
-47.539455 0.000002 0.000001 0.000001
-47.539500 0.000000 0.000000 0.000000
-47.539500 0.000000 0.000000 0.000000
-47.539501 0.000001 0.000000 0.000000
-47.539499 0.000000 0.000000 0.000000
-47.539512 0.000001 0.000000 0.000001
-47.539502 0.000000 0.000000 0.000001
-47.539501 0.000001 0.000000 0.000000
-47.539501 0.000001 0.000000 0.000001
-47.539499 0.000000 0.000000 0.000000
-47.539500 0.000000 0.000000 0.000000
-47.539502 0.000001 0.000000 0.000001
-47.539497 0.000000 0.000000 0.000000
-47.539501 0.000001 0.000000 0.000001
-47.539500 0.000000 0.000000 0.000000
-47.539483 0.000001 0.000000 0.000000
-47.539497 0.000000 0.000001 0.000000
-47.539499 0.000000 0.000000 0.000000
-47.539499 0.000000 0.000000 0.000000
-47.539504 0.000001 0.000000 0.000001
-47.539504 0.000001 0.000000 0.000001
-47.539502 0.000001 0.000000 0.000001
-47.539502 0.000001 0.000000 0.000001
-47.539502 0.000001 0.000000 0.000001
-47.539501 0.000001 0.000000 0.000001
-47.539501 0.000001 0.000000 0.000001
-47.539501 0.000001 0.000000 0.000001
-47.539500 0.000000 0.000000 0.000001
-47.539500 0.000000 0.000000 0.000001
-47.539490 0.000000 0.000000 0.000000
-47.539501 0.000001 0.000000 0.000000
-47.539498 0.000000 0.000000 0.000000
-47.539500 0.000000 0.000000 0.000000
-47.539499 0.000000 0.000000 0.000000
-47.539499 0.000000 0.000000 0.000000
-47.539502 0.000001 0.000000 0.000001
-47.539501 0.000000 0.000000 0.000001
-47.539500 0.000001 0.000000 0.000001
-47.539500 0.000000 0.000000 0.000001
-47.539500 0.000000 0.000000 0.000001
-47.539500 0.000000 0.000000 0.000001
-47.539500 0.000000 0.000000 0.000001
-47.539500 0.000000 0.000000 0.000001
-47.539500 0.000000 0.000000 0.000001
-47.539500 0.000000 0.000000 0.000000
-47.539495 0.000000 0.000000 0.000000
-47.539499 0.000000 0.000000 0.000000
-47.539496 0.000000 0.000000 0.000000
-47.539493 0.000000 0.000000 0.000000
-47.539495 0.000000 0.000000 0.000000
-47.539491 0.000000 0.000000 0.000000
-47.539494 0.000000 0.000000 0.000000
-47.539492 0.000000 0.000000 0.000000
-47.539494 0.000000 0.000000 0.000000
-47.539504 0.000001 0.000000 0.000001
-47.539493 0.000000 0.000000 0.000000
-47.539501 0.000000 0.000000 0.000001
-47.539495 0.000000 0.000000 0.000000
-47.539500 0.000000 0.000000 0.000001
-47.539496 0.000000 0.000000 0.000000
-47.539501 0.000000 0.000000 0.000001
-47.539496 0.000000 0.000000 0.000000
-47.539499 0.000000 0.000000 0.000000
-47.539500 0.000000 0.000000 0.000001
-47.539497 0.000000 0.000000 0.000000
-47.539501 0.000000 0.000000 0.000001
-47.539496 0.000000 0.000000 0.000000
-47.539499 0.000000 0.000000 0.000001
-47.539497 0.000000 0.000000 0.000000
-47.539500 0.000000 0.000000 0.000001
-47.539497 0.000000 0.000000 0.000000
-47.539501 0.000000 0.000000 0.000001
-47.539497 0.000000 0.000000 0.000000
-47.539500 0.000000 0.000000 0.000001
-47.539497 0.000000 0.000000 0.000000
-47.539499 0.000000 0.000000 0.000000
-47.539500 0.000000 0.000000 0.000001
-47.539498 0.000000 0.000000 0.000000
-47.539501 0.000001 0.000000 0.000001
-47.539500 0.000001 0.000000 0.000001
-47.539500 0.000000 0.000000 0.000001
-47.539500 0.000000 0.000000 0.000001
-47.539500 0.000000 0.000000 0.000000
-47.539500 0.000000 0.000000 0.000001
-47.539500 0.000000 0.000000 0.000001
-47.539500 0.000000 0.000000 0.000001
-47.539500 0.000000 0.000000 0.000001
-47.539500 0.000000 0.000000 0.000001
-47.539499 0.000000 0.000000 0.000000
-47.539500 0.000000 0.000000 0.000001
-47.539498 0.000000 0.000000 0.000000
-47.539500 0.000000 0.000000 0.000001
-47.539500 0.000000 0.000000 0.000001
-47.539500 0.000000 0.000000 0.000001
-47.539500 0.000000 0.000000 0.000001
-47.539500 0.000000 0.000000 0.000001
-47.539500 0.000000 0.000000 0.000001
-47.539500 0.000000 0.000000 0.000001
-47.539500 0.000000 0.000000 0.000001
-47.539500 0.000000 0.000000 0.000001
-47.539500 0.000000 0.000000 0.000001
-47.539498 0.000000 0.000000 0.000000
-47.539500 0.000000 0.000000 0.000001
-47.539500 0.000000 0.000000 0.000001
-47.539500 0.000000 0.000000 0.000001
-47.539500 0.000000 0.000000 0.000001
-47.539500 0.000000 0.000000 0.000001
-47.539500 0.000000 0.000000 0.000001
-47.539500 0.000000 0.000000 0.000001
-47.539500 0.000000 0.000000 0.000001
-47.539500 0.000000 0.000000 0.000001
-47.539500 0.000000 0.000000 0.000001
-47.539500 0.000000 0.000000 0.000000
-47.539500 0.000000 0.000000 0.000001
-47.539499 0.000000 0.000000 0.000000
-47.539499 0.000000 0.000000 0.000000
-47.539499 0.000000 0.000000 0.000000
-47.539499 0.000000 0.000000 0.000000
-47.539499 0.000000 0.000000 0.000000
-47.539499 0.000000 0.000000 0.000000
-47.539500 0.000000 0.000000 0.000000
-47.539499 0.000000 0.000000 0.000000
-47.539499 0.000000 0.000000 0.000000
-47.539499 0.000000 0.000000 0.000000
-47.539499 0.000000 0.000000 0.000000
-47.539499 0.000000 0.000000 0.000000
-47.539499 0.000000 0.000000 0.000000
-47.539499 0.000000 0.000000 0.000000
-47.539499 0.000000 0.000000 0.000000
-47.539499 0.000000 0.000000 0.000000
-47.539499 0.000000 0.000000 0.000000
-47.539500 0.000000 0.000000 0.000001
-47.539500 0.000000 0.000000 0.000001
-47.539500 0.000000 0.000000 0.000001
-47.539500 0.000000 0.000000 0.000001
-47.539500 0.000000 0.000000 0.000001
-47.539500 0.000000 0.000000 0.000001
-47.539500 0.000000 0.000000 0.000001
-47.539500 0.000000 0.000000 0.000000
-47.539500 0.000000 0.000000 0.000000
-47.539500 0.000000 0.000000 0.000000
-47.539499 0.000000 0.000000 0.000000
-47.539499 0.000000 0.000000 0.000000
-47.539499 0.000000 0.000000 0.000000
-47.539499 0.000000 0.000000 0.000000
-47.539499 0.000000 0.000000 0.000000
-47.539500 0.000000 0.000000 0.000001
-47.539500 0.000000 0.000000 0.000001
-47.539500 0.000000 0.000000 0.000001
-47.539500 0.000000 0.000000 0.000001
-47.539500 0.000000 0.000000 0.000001
-47.539500 0.000000 0.000000 0.000000
-47.539500 0.000000 0.000000 0.000000
-47.539500 0.000000 0.000000 0.000000
-47.539500 0.000000 0.000000 0.000000
-47.539500 0.000000 0.000000 0.000001
-47.539500 0.000000 0.000000 0.000000
-47.539500 0.000000 0.000000 0.000000
-47.539500 0.000000 0.000000 0.000000
-47.539500 0.000000 0.000000 0.000000
-47.539500 0.000000 0.000000 0.000000
-47.539500 0.000000 0.000000 0.000001
-47.539500 0.000000 0.000000 0.000001
-47.539500 0.000000 0.000000 0.000001
-47.539500 0.000000 0.000000 0.000001
-47.539500 0.000000 0.000000 0.000001
-47.539500 0.000000 0.000000 0.000001
-47.539500 0.000000 0.000000 0.000001
-47.539500 0.000000 0.000000 0.000000
-47.539500 0.000000 0.000000 0.000000
-47.539500 0.000000 0.000000 0.000000
-47.539500 0.000000 0.000000 0.000000
-47.539500 0.000000 0.000000 0.000000
-47.539500 0.000000 0.000000 0.000000
-47.539500 0.000000 0.000000 0.000001
-47.539500 0.000000 0.000000 0.000001
-47.539500 0.000000 0.000000 0.000001
-47.539500 0.000000 0.000000 0.000001
-47.539500 0.000000 0.000000 0.000000
-47.539500 0.000000 0.000000 0.000000
-47.539500 0.000000 0.000000 0.000000
-47.539500 0.000000 0.000000 0.000000
-47.539500 0.000000 0.000000 0.000000
-47.539500 0.000000 0.000000 0.000000
-47.539500 0.000000 0.000000 0.000000
-47.539500 0.000000 0.000000 0.000000
-47.539500 0.000000 0.000000 0.000000
-47.539500 0.000000 0.000000 0.000001
-47.539500 0.000000 0.000000 0.000000
-47.539500 0.000000 0.000000 0.000000
-47.539500 0.000000 0.000000 0.000000
-47.539500 0.000000 0.000000 0.000000
-47.539500 0.000000 0.000000 0.000000
-47.539500 0.000000 0.000000 0.000000
-47.539500 0.000000 0.000000 0.000000
-47.539500 0.000000 0.000000 0.000000
-47.539500 0.000000 0.000000 0.000000
-47.539500 0.000000 0.000000 0.000000
-47.539500 0.000000 0.000000 0.000001
-47.539500 0.000000 0.000000 0.000000
-47.539500 0.000000 0.000000 0.000000
-47.539500 0.000000 0.000000 0.000000
-47.539500 0.000000 0.000000 0.000000
-47.539500 0.000000 0.000000 0.000000
-47.539500 0.000000 0.000000 0.000000
-47.539500 0.000000 0.000000 0.000000
-47.539500 0.000000 0.000000 0.000000
-47.539500 0.000000 0.000000 0.000000
-47.539500 0.000000 0.000000 0.000000
-47.539500 0.000000 0.000000 0.000000
-47.539500 0.000000 0.000000 0.000000
-47.539500 0.000000 0.000000 0.000000
-47.539500 0.000000 0.000000 0.000000
-47.539500 0.000000 0.000000 0.000000
-47.539500 0.000000 0.000000 0.000000
-47.539500 0.000000 0.000000 0.000000
-47.539500 0.000000 0.000000 0.000000
-47.539500 0.000000 0.000000 0.000000
-47.539500 0.000000 0.000000 0.000000
-47.539500 0.000000 0.000000 0.000000
-47.539500 0.000000 0.000000 0.000000
-47.539500 0.000000 0.000000 0.000000
-47.539500 0.000000 0.000000 0.000000
-47.539500 0.000000 0.000000 0.000000
-47.539500 0.000000 0.000000 0.000000
-47.539500 0.000000 0.000000 0.000000
-47.539500 0.000000 0.000000 0.000000
-47.539500 0.000000 0.000000 0.000000
-47.539500 0.000000 0.000000 0.000000
-47.539500 0.000000 0.000000 0.000000
-47.539500 0.000000 0.000000 0.000000
-47.539500 0.000000 0.000000 0.000000
-47.539500 0.000000 0.000000 0.000000
-47.539500 0.000000 0.000000 0.000000
-47.539500 0.000000 0.000000 0.000000
-47.539500 0.000000 0.000000 0.000000
-47.539500 0.000000 0.000000 0.000000
-47.539500 0.000000 0.000000 0.000000
-47.539500 0.000000 0.000000 0.000000
-47.539500 0.000000 0.000000 0.000000
-47.539500 0.000000 0.000000 0.000000
-47.539500 0.000000 0.000000 0.000000
-47.539500 0.000000 0.000000 0.000000
-47.539500 0.000000 0.000000 0.000000
-47.539500 0.000000 0.000000 0.000000
-47.539500 0.000000 0.000000 0.000000
-47.539500 0.000000 0.000000 0.000000
-47.539500 0.000000 0.000000 0.000000
-47.539500 0.000000 0.000000 0.000000
-47.539500 0.000000 0.000000 0.000000
-47.539500 0.000000 0.000000 0.000000
-47.539500 0.000000 0.000000 0.000000
-47.539500 0.000000 0.000000 0.000000
-47.539500 0.000000 0.000000 0.000000
-47.539500 0.000000 0.000000 0.000000
-47.539500 0.000000 0.000000 0.000000
-47.539500 0.000000 0.000000 0.000000
-47.539500 0.000000 0.000000 0.000000
-47.539500 0.000000 0.000000 0.000000
-47.539500 0.000000 0.000000 0.000000
-47.539500 0.000000 0.000000 0.000000
-47.539500 0.000000 0.000000 0.000000
-47.539500 0.000000 0.000000 0.000000
-47.539500 0.000000 0.000000 0.000000
-47.539500 0.000000 0.000000 0.000000
-47.539500 0.000000 0.000000 0.000000
-47.539500 0.000000 0.000000 0.000000
-47.539500 0.000000 0.000000 0.000000
-47.539500 0.000000 0.000000 0.000000
-47.539500 0.000000 0.000000 0.000000
-47.539500 0.000000 0.000000 0.000000
-47.539500 0.000000 0.000000 0.000000
-47.539500 0.000000 0.000000 0.000000
-47.539500 0.000000 0.000000 0.000000
-47.539500 0.000000 0.000000 0.000000
-47.539500 0.000000 0.000000 0.000000
-47.539500 0.000000 0.000000 0.000000
-47.539500 0.000000 0.000000 0.000000
-47.539500 0.000000 0.000000 0.000000
-47.539500 0.000000 0.000000 0.000000
-47.539500 0.000000 0.000000 0.000000
-47.539500 0.000000 0.000000 0.000000
-47.539500 0.000000 0.000000 0.000000
-47.539500 0.000000 0.000000 0.000000
-47.539500 0.000000 0.000000 0.000000
-47.539500 0.000000 0.000000 0.000000
-47.539500 0.000000 0.000000 0.000000
-47.539500 0.000000 0.000000 0.000000
-47.539500 0.000000 0.000000 0.000000
-47.539500 0.000000 0.000000 0.000000
-47.539500 0.000000 0.000000 0.000000
-47.539500 0.000000 0.000000 0.000000
-47.539500 0.000000 0.000000 0.000000
-47.539500 0.000000 0.000000 0.000000
-47.539500 0.000000 0.000000 0.000000
-47.539500 0.000000 0.000000 0.000000
-47.539500 0.000000 0.000000 0.000000
-47.539500 0.000000 0.000000 0.000000
-47.539500 0.000000 0.000000 0.000000
-47.539500 0.000000 0.000000 0.000000
-47.539500 0.000000 0.000000 0.000000
-47.539500 0.000000 0.000000 0.000000
-47.539500 0.000000 0.000000 0.000000
-47.539500 0.000000 0.000000 0.000000
-47.539500 0.000000 0.000000 0.000000
-47.539500 0.000000 0.000000 0.000000
-47.539500 0.000000 0.000000 0.000000
-47.539500 0.000000 0.000000 0.000000
-47.539500 0.000000 0.000000 0.000000
-47.539500 0.000000 0.000000 0.000000
-47.539500 0.000000 0.000000 0.000000
-47.539500 0.000000 0.000000 0.000000
-47.539500 0.000000 0.000000 0.000000
-47.539500 0.000000 0.000000 0.000000
-47.539500 0.000000 0.000000 0.000000
-47.539500 0.000000 0.000000 0.000000
-47.539500 0.000000 0.000000 0.000000
-47.539500 0.000000 0.000000 0.000000
-47.539500 0.000000 0.000000 0.000000
-47.539500 0.000000 0.000000 0.000000
-47.539500 0.000000 0.000000 0.000000
-47.539500 0.000000 0.000000 0.000000
-47.539500 0.000000 0.000000 0.000000
-47.539500 0.000000 0.000000 0.000000
-47.539500 0.000000 0.000000 0.000000
-47.539500 0.000000 0.000000 0.000000
-47.539500 0.000000 0.000000 0.000000
-47.539500 0.000000 0.000000 0.000000
-47.539500 0.000000 0.000000 0.000000
-47.539500 0.000000 0.000000 0.000000
-47.539500 0.000000 0.000000 0.000000
-47.539500 0.000000 0.000000 0.000000
-47.539500 0.000000 0.000000 0.000000
