39.609467 -0.000000 -0.000000 0.000000
59.643494 0.000000 -0.000000 0.000000
55.745660 0.000000 0.000000 0.000000
15.512579 0.000000 0.000000 0.000000
23.486495 0.000000 -0.000000 0.000000
70.118917 -0.000000 0.000000 0.000000
15.951893 0.000000 -0.000000 0.000000
125.638645 0.000000 0.000000 0.000000
4.449928 0.000000 0.000000 0.000000
4.682769 0.000000 0.000000 0.000000
22.351234 0.000000 0.000000 0.000000
4.793121 0.000000 0.000000 0.000000
7.227900 0.000000 0.000000 0.000000
151.857283 0.000000 0.000000 0.000000
17.113523 0.000000 0.000000 0.000000
39.136714 -0.000000 0.000000 0.000000
4.303903 0.000000 -0.000000 0.000000
5.169225 0.000000 -0.000000 0.000000
7.163698 0.000000 -0.000000 0.000000
5.478840 0.000000 0.000000 0.000000
8.617388 -0.000000 0.000000 0.000000
5.042242 0.000000 0.000000 0.000000
4.393474 0.000000 0.000000 0.000000
4.481532 0.000000 -0.000000 0.000000
4.794899 0.000000 0.000000 0.000000
4.305553 -0.000000 0.000000 0.000000
4.093080 -0.000000 0.000000 0.000000
5.748168 -0.000000 0.000000 0.000000
4.093230 -0.000000 0.000000 0.000000
4.134846 0.000000 0.000000 0.000000
5.773761 -0.000000 0.000000 0.000000
5.918712 0.000000 -0.000000 0.000000
4.093084 0.000000 0.000000 0.000000
4.093297 0.000000 -0.000000 0.000000
4.382715 0.000000 0.000000 0.000000
4.490482 0.000000 -0.000000 0.000000
4.287599 0.000000 -0.000000 0.000000
4.093064 0.000000 0.000000 0.000000
4.095216 0.000000 0.000000 0.000000
4.093096 0.000000 -0.000000 0.000000
4.141022 0.000000 -0.000000 0.000000
4.171716 0.000000 0.000000 0.000000
4.093360 -0.000000 0.000000 0.000000
4.095330 0.000000 0.000000 0.000000
4.093055 0.000000 0.000000 0.000000
4.093169 0.000000 0.000000 0.000000
4.093412 -0.000000 0.000000 0.000000
4.093077 -0.000000 0.000000 0.000000
4.093367 -0.000000 0.000000 0.000000
4.110214 0.000000 0.000000 0.000000
4.113505 0.000000 0.000000 0.000000
4.093194 0.000000 0.000000 0.000000
4.093023 0.000000 0.000000 0.000000
4.093309 0.000000 -0.000000 0.000000
4.093037 0.000000 -0.000000 0.000000
4.093065 0.000000 0.000000 0.000000
4.093033 0.000000 0.000000 0.000000
4.093037 0.000000 0.000000 0.000000
4.093028 0.000000 0.000000 0.000000
4.093028 -0.000000 0.000000 0.000000
4.093025 0.000000 0.000000 0.000000
4.093027 -0.000000 0.000000 0.000000
4.093024 0.000000 -0.000000 0.000000
4.093025 0.000000 0.000000 0.000000
4.093024 0.000000 0.000000 0.000000
4.098544 0.000000 0.000000 0.000000
4.100725 0.000000 0.000000 0.000000
4.093024 -0.000000 0.000000 0.000000
4.093024 -0.000000 0.000000 0.000000
4.093024 0.000000 -0.000000 0.000000
4.093712 0.000000 -0.000000 0.000000
4.093721 -0.000000 0.000000 0.000000
4.093023 0.000000 -0.000000 0.000000
4.093024 0.000000 0.000000 0.000000
4.093024 0.000000 -0.000000 0.000000
4.093123 -0.000000 0.000000 0.000000
4.093195 0.000000 -0.000000 0.000000
4.093023 -0.000000 0.000000 0.000000
4.093023 -0.000000 0.000000 0.000000
4.093023 0.000000 0.000000 0.000000
4.093023 0.000000 0.000000 0.000000
4.093068 0.000000 -0.000000 0.000000
4.093092 0.000000 0.000000 0.000000
4.093023 0.000000 -0.000000 0.000000
4.093023 0.000000 0.000000 0.000000
4.093023 -0.000000 0.000000 0.000000
4.093029 0.000000 -0.000000 0.000000
4.093032 0.000000 -0.000000 0.000000
4.093023 0.000000 0.000000 0.000000
4.093023 0.000000 0.000000 0.000000
4.093025 0.000000 0.000000 0.000000
4.093026 0.000000 0.000000 0.000000
4.093023 -0.000000 0.000000 0.000000
4.093023 -0.000000 0.000000 0.000000
4.093024 -0.000000 0.000000 0.000000
4.093024 0.000000 0.000000 0.000000
4.093023 0.000000 0.000000 0.000000
4.093023 0.000000 0.000000 0.000000
4.093023 -0.000000 0.000000 0.000000
4.093023 0.000000 -0.000000 0.000000
4.093023 0.000000 0.000000 0.000000
4.093023 -0.000000 0.000000 0.000000
4.093023 0.000000 -0.000000 0.000000
4.093023 -0.000000 0.000000 0.000000
4.093023 0.000000 0.000000 0.000000
4.093023 0.000000 0.000000 0.000000
4.093023 0.000000 0.000000 0.000000
4.093023 0.000000 -0.000000 0.000000
4.093023 -0.000000 0.000000 0.000000
4.093023 0.000000 0.000000 0.000000
4.093023 0.000000 -0.000000 0.000000
4.093023 0.000000 0.000000 0.000000
4.093023 -0.000000 0.000000 0.000000
4.093023 0.000000 0.000000 0.000000
4.093023 -0.000000 0.000000 0.000000
4.093023 -0.000000 0.000000 0.000000
4.093023 0.000000 0.000000 0.000000
4.093023 -0.000000 0.000000 0.000000
4.093023 0.000000 -0.000000 0.000000
4.093023 0.000000 0.000000 0.000000
4.093023 0.000000 0.000000 0.000000
4.093023 -0.000000 0.000000 0.000000
4.093023 -0.000000 0.000000 0.000000
4.093023 0.000000 0.000000 0.000000
4.093023 0.000000 0.000000 0.000000
4.093023 0.000000 0.000000 0.000000
4.093023 -0.000000 0.000000 0.000000
4.093023 0.000000 0.000000 0.000000
4.093023 0.000000 0.000000 0.000000
4.093023 0.000000 -0.000000 0.000000
4.093023 0.000000 0.000000 0.000000
4.093023 0.000000 0.000000 0.000000
4.093023 0.000000 0.000000 0.000000
4.093023 -0.000000 0.000000 0.000000
4.093023 0.000000 0.000000 0.000000
4.093023 0.000000 0.000000 0.000000
4.093023 0.000000 0.000000 0.000000
4.093023 0.000000 0.000000 0.000000
4.093023 -0.000000 0.000000 0.000000
4.093023 0.000000 0.000000 0.000000
4.093023 0.000000 0.000000 0.000000
4.093023 0.000000 0.000000 0.000000
4.093023 -0.000000 0.000000 0.000000
4.093023 0.000000 0.000000 0.000000
4.093023 -0.000000 0.000000 0.000000
4.093023 0.000000 0.000000 0.000000
4.093023 0.000000 -0.000000 0.000000
4.093023 -0.000000 0.000000 0.000000
4.093023 0.000000 0.000000 0.000000
4.093023 0.000000 0.000000 0.000000
4.093023 0.000000 -0.000000 0.000000
4.093023 -0.000000 0.000000 0.000000
4.093023 0.000000 -0.000000 0.000000
4.093023 0.000000 0.000000 0.000000
4.093023 0.000000 -0.000000 0.000000
4.093023 -0.000000 0.000000 0.000000
4.093023 0.000000 0.000000 0.000000
4.093023 -0.000000 0.000000 0.000000
4.093023 0.000000 0.000000 0.000000
4.093023 -0.000000 0.000000 0.000000
4.093023 0.000000 -0.000000 0.000000
4.093023 0.000000 0.000000 0.000000
4.093023 0.000000 0.000000 0.000000
4.093023 0.000000 0.000000 0.000000
4.093023 0.000000 0.000000 0.000000
4.093023 0.000000 0.000000 0.000000
4.093023 0.000000 0.000000 0.000000
4.093023 0.000000 -0.000000 0.000000
4.093023 0.000000 0.000000 0.000000
4.093023 0.000000 0.000000 0.000000
4.093023 0.000000 0.000000 0.000000
4.093023 -0.000000 0.000000 0.000000
4.093023 0.000000 0.000000 0.000000
4.093023 0.000000 0.000000 0.000000
4.093023 0.000000 0.000000 0.000000
4.093023 0.000000 0.000000 0.000000
4.093023 0.000000 0.000000 0.000000
4.093023 0.000000 0.000000 0.000000
4.093023 0.000000 -0.000000 0.000000
4.093023 0.000000 0.000000 0.000000
4.093023 0.000000 0.000000 0.000000
4.093023 0.000000 -0.000000 0.000000
4.093023 -0.000000 0.000000 0.000000
4.093023 0.000000 -0.000000 0.000000
4.093023 -0.000000 0.000000 0.000000
4.093023 0.000000 0.000000 0.000000
4.093023 0.000000 0.000000 0.000000
4.093023 0.000000 0.000000 0.000000
4.093023 0.000000 0.000000 0.000000
4.093023 0.000000 0.000000 0.000000
4.093023 -0.000000 0.000000 0.000000
4.093023 0.000000 0.000000 0.000000
4.093023 0.000000 0.000000 0.000000
4.093023 -0.000000 0.000000 0.000000
4.093023 0.000000 0.000000 0.000000
4.093023 0.000000 0.000000 0.000000
4.093023 0.000000 0.000000 0.000000
4.093023 0.000000 -0.000000 0.000000
4.093023 0.000000 0.000000 0.000000
4.093023 -0.000000 0.000000 0.000000
4.093023 0.000000 0.000000 0.000000
4.093023 -0.000000 0.000000 0.000000
4.093023 0.000000 0.000000 0.000000
4.093023 0.000000 0.000000 0.000000
4.093023 0.000000 0.000000 0.000000
4.093023 -0.000000 0.000000 0.000000
4.093023 -0.000000 0.000000 0.000000
4.093023 -0.000000 0.000000 0.000000
4.093023 0.000000 0.000000 0.000000
4.093023 0.000000 0.000000 0.000000
4.093023 0.000000 0.000000 0.000000
4.093023 0.000000 0.000000 0.000000
4.093023 0.000000 0.000000 0.000000
4.093023 -0.000000 0.000000 0.000000
4.093023 -0.000000 0.000000 0.000000
4.093023 -0.000000 0.000000 0.000000
4.093023 0.000000 -0.000000 0.000000
4.093023 0.000000 0.000000 0.000000
4.093023 -0.000000 0.000000 0.000000
4.093023 0.000000 0.000000 0.000000
4.093023 0.000000 0.000000 0.000000
4.093023 0.000000 0.000000 0.000000
4.093023 0.000000 0.000000 0.000000
4.093023 0.000000 0.000000 0.000000
4.093023 0.000000 0.000000 0.000000
4.093023 0.000000 0.000000 0.000000
4.093023 0.000000 0.000000 0.000000
4.093023 0.000000 0.000000 0.000000
4.093023 -0.000000 0.000000 0.000000
4.093023 0.000000 -0.000000 0.000000
4.093023 0.000000 0.000000 0.000000
4.093023 0.000000 0.000000 0.000000
4.093023 0.000000 0.000000 0.000000
4.093023 0.000000 -0.000000 0.000000
4.093023 -0.000000 0.000000 0.000000
4.093023 -0.000000 0.000000 0.000000
4.093023 -0.000000 0.000000 0.000000
