2.382064 -0.000000 -0.000000
101.764133 0.000000 -0.000000
8.199924 -0.000000 -0.000000
87.001444 -0.000000 -0.000000
3.205492 -0.000000 -0.000000
2.687950 -0.000000 -0.000000
3.657220 0.000000 -0.000000
1.880064 -0.000000 -0.000000
6.623182 0.000000 0.000000
0.437633 -0.000000 -0.000000
6.068376 -0.000000 -0.000000
1.690538 0.000000 0.000000
2.439202 0.000000 -0.000000
82.202454 0.000000 -0.000000
0.642056 0.000000 0.000000
16.052512 -0.000000 -0.000000
0.503878 0.000000 -0.000000
1.560730 0.000000 -0.000000
0.797332 -0.000000 -0.000000
0.457580 -0.000000 -0.000000
0.774843 -0.000000 -0.000000
0.388864 -0.000000 -0.000000
7.788617 -0.000000 -0.000000
2.440807 -0.000000 -0.000000
3.437016 0.000000 -0.000000
60.373116 -0.000000 -0.000000
0.639284 -0.000000 -0.000000
2.422407 0.000000 -0.000000
3.126652 -0.000000 -0.000000
0.791793 -0.000000 -0.000000
2.059460 -0.000000 -0.000000
0.436574 -0.000000 -0.000000
0.944104 -0.000000 -0.000000
0.416437 -0.000000 -0.000000
0.461190 0.000000 -0.000000
0.346192 -0.000000 -0.000000
12.292681 -0.000000 -0.000000
4.088886 -0.000000 -0.000000
7.869248 -0.000000 -0.000000
32.633522 -0.000000 -0.000000
0.450810 -0.000000 -0.000000
2.108813 -0.000000 0.000000
2.381903 0.000000 -0.000000
1.191536 -0.000000 -0.000000
1.905296 0.000000 -0.000000
0.572154 -0.000000 -0.000000
2.066797 0.000000 -0.000000
0.604031 -0.000000 0.000000
0.646618 -0.000000 -0.000000
0.438870 -0.000000 -0.000000
0.589666 -0.000000 -0.000000
0.421544 0.000000 -0.000000
0.411813 -0.000000 -0.000000
0.549797 -0.000000 -0.000000
0.372113 -0.000000 -0.000000
0.357227 -0.000000 -0.000000
0.360423 -0.000000 -0.000000
0.539035 -0.000000 -0.000000
0.330845 0.000000 -0.000000
28.108100 -0.000000 -0.000000
3.254868 0.000000 0.000000
6.732850 -0.000000 -0.000000
36.790902 -0.000000 -0.000000
0.345518 -0.000000 -0.000000
13.881950 0.000000 0.000000
1.148448 0.000000 -0.000000
1.210877 -0.000000 -0.000000
0.609446 -0.000000 -0.000000
0.981330 -0.000000 -0.000000
0.565021 -0.000000 -0.000000
0.483870 -0.000000 0.000000
0.623266 -0.000000 -0.000000
0.417140 0.000000 -0.000000
0.523035 0.000000 -0.000000
0.379199 0.000000 -0.000000
0.352902 -0.000000 -0.000000
0.394354 0.000000 -0.000000
0.340283 -0.000000 -0.000000
0.393951 -0.000000 -0.000000
0.333177 -0.000000 -0.000000
0.327576 -0.000000 -0.000000
10.240905 -0.000000 -0.000000
4.264192 -0.000000 -0.000000
5.315681 0.000000 0.000000
43.649603 -0.000000 0.000000
0.524554 -0.000000 -0.000000
2.451937 -0.000000 0.000000
2.689639 -0.000000 -0.000000
1.393291 -0.000000 -0.000000
1.362040 0.000000 0.000000
18.355020 -0.000000 -0.000000
0.659743 0.000000 -0.000000
1.809896 -0.000000 -0.000000
0.528314 -0.000000 -0.000000
0.450802 -0.000000 -0.000000
0.687412 -0.000000 -0.000000
0.389515 0.000000 -0.000000
0.704116 0.000000 -0.000000
0.372685 -0.000000 -0.000000
0.482558 -0.000000 -0.000000
0.359135 -0.000000 -0.000000
0.388857 -0.000000 -0.000000
0.348713 -0.000000 -0.000000
0.391830 -0.000000 -0.000000
0.342087 -0.000000 0.000000
0.372688 -0.000000 -0.000000
0.338389 -0.000000 -0.000000
0.331657 0.000000 -0.000000
0.331045 -0.000000 -0.000000
0.315476 -0.000000 -0.000000
8.693338 -0.000000 -0.000000
3.626615 -0.000000 -0.000000
4.667415 0.000000 -0.000000
50.248556 0.000000 0.000000
0.488565 -0.000000 -0.000000
2.197299 -0.000000 0.000000
2.613411 -0.000000 -0.000000
1.334867 0.000000 -0.000000
1.356145 0.000000 -0.000000
0.547677 -0.000000 -0.000000
1.264756 -0.000000 -0.000000
0.481741 -0.000000 -0.000000
0.507035 -0.000000 -0.000000
0.356946 -0.000000 -0.000000
13.987735 -0.000000 -0.000000
0.349900 -0.000000 -0.000000
0.500893 -0.000000 -0.000000
0.357225 -0.000000 -0.000000
0.378309 -0.000000 -0.000000
0.331866 -0.000000 -0.000000
0.351136 -0.000000 -0.000000
0.332111 -0.000000 -0.000000
0.343758 -0.000000 -0.000000
0.328319 -0.000000 -0.000000
0.345571 -0.000000 -0.000000
0.325017 -0.000000 -0.000000
0.313953 -0.000000 -0.000000
0.308319 -0.000000 -0.000000
6.150568 -0.000000 0.000000
2.904110 -0.000000 -0.000000
3.225136 0.000000 -0.000000
73.303201 -0.000000 -0.000000
0.487409 -0.000000 -0.000000
2.140616 -0.000000 0.000000
2.674617 -0.000000 -0.000000
1.354397 -0.000000 -0.000000
1.274264 0.000000 -0.000000
17.338226 0.000000 0.000000
0.661251 -0.000000 -0.000000
1.344985 -0.000000 -0.000000
0.595158 -0.000000 -0.000000
0.436337 -0.000000 -0.000000
0.442731 -0.000000 -0.000000
0.703005 0.000000 -0.000000
0.336772 0.000000 -0.000000
0.584675 0.000000 -0.000000
0.324849 -0.000000 -0.000000
0.436695 -0.000000 -0.000000
0.336317 -0.000000 -0.000000
0.379551 -0.000000 -0.000000
0.313071 -0.000000 -0.000000
0.319889 -0.000000 -0.000000
0.319249 -0.000000 -0.000000
0.366363 -0.000000 -0.000000
0.305981 -0.000000 0.000000
25.148423 -0.000000 0.000000
3.364896 -0.000000 0.000000
2.531724 -0.000000 -0.000000
83.852496 -0.000000 -0.000000
2.495570 -0.000000 -0.000000
6.460764 -0.000000 0.000000
1.178912 -0.000000 -0.000000
0.474969 -0.000000 -0.000000
1.486251 -0.000000 -0.000000
0.673609 -0.000000 0.000000
1.131518 -0.000000 -0.000000
0.601022 -0.000000 -0.000000
0.324141 -0.000000 0.000000
0.470296 -0.000000 -0.000000
0.523611 -0.000000 -0.000000
0.335223 -0.000000 -0.000000
0.541124 -0.000000 0.000000
0.336290 -0.000000 -0.000000
0.373146 0.000000 -0.000000
0.308303 -0.000000 -0.000000
0.354639 -0.000000 -0.000000
0.308095 -0.000000 -0.000000
0.348613 -0.000000 -0.000000
0.306494 -0.000000 -0.000000
1.062810 -0.000000 0.000000
0.515691 0.000000 0.000000
0.382278 0.000000 -0.000000
0.309952 -0.000000 0.000000
0.555980 -0.000000 -0.000000
0.318474 -0.000000 -0.000000
0.303257 -0.000000 -0.000000
6.878335 -0.000000 -0.000000
3.567575 -0.000000 -0.000000
3.104187 0.000000 -0.000000
72.076905 -0.000000 -0.000000
0.506639 0.000000 0.000000
1.380917 0.000000 -0.000000
2.511317 -0.000000 0.000000
1.099574 -0.000000 -0.000000
1.708780 -0.000000 -0.000000
0.679574 -0.000000 -0.000000
0.522214 -0.000000 -0.000000
1.290449 -0.000000 -0.000000
0.409370 -0.000000 -0.000000
0.915941 -0.000000 -0.000000
0.334962 -0.000000 -0.000000
0.545642 0.000000 0.000000
0.367301 -0.000000 -0.000000
0.411286 -0.000000 0.000000
0.342936 0.000000 -0.000000
0.377429 -0.000000 -0.000000
0.326872 0.000000 -0.000000
0.339305 -0.000000 -0.000000
0.318754 -0.000000 -0.000000
0.322922 -0.000000 -0.000000
0.310572 -0.000000 -0.000000
0.363519 -0.000000 -0.000000
0.305774 -0.000000 -0.000000
0.295650 -0.000000 -0.000000
24.017304 -0.000000 -0.000000
3.551905 0.000000 -0.000000
1.953723 0.000000 -0.000000
117.395707 -0.000000 -0.000000
0.297251 -0.000000 -0.000000
1.277940 -0.000000 -0.000000
1.665854 -0.000000 -0.000000
0.693690 -0.000000 -0.000000
1.736736 -0.000000 -0.000000
0.574476 0.000000 -0.000000
0.546248 -0.000000 -0.000000
1.342221 -0.000000 -0.000000
0.356937 -0.000000 -0.000000
0.573949 -0.000000 -0.000000
0.350249 -0.000000 -0.000000
0.442336 -0.000000 0.000000
0.305634 -0.000000 -0.000000
0.368701 -0.000000 -0.000000
0.303900 -0.000000 -0.000000
0.326379 -0.000000 -0.000000
0.294292 -0.000000 -0.000000
23.705549 -0.000000 -0.000000
3.080334 -0.000000 -0.000000
2.447423 0.000000 -0.000000
96.594809 -0.000000 -0.000000
2.409101 -0.000000 -0.000000
5.855973 0.000000 0.000000
1.182596 -0.000000 -0.000000
0.424668 -0.000000 0.000000
1.367638 -0.000000 -0.000000
0.558707 -0.000000 -0.000000
1.009421 -0.000000 -0.000000
0.498450 -0.000000 -0.000000
0.315973 -0.000000 -0.000000
0.538664 -0.000000 -0.000000
0.339702 -0.000000 0.000000
0.441878 0.000000 -0.000000
0.312894 -0.000000 -0.000000
0.361307 -0.000000 -0.000000
0.303364 -0.000000 -0.000000
0.364071 -0.000000 -0.000000
0.295955 -0.000000 -0.000000
14.371077 -0.000000 0.000000
0.648014 -0.000000 -0.000000
0.412431 -0.000000 -0.000000
0.887329 -0.000000 -0.000000
0.430055 -0.000000 -0.000000
0.324002 -0.000000 -0.000000
0.296253 -0.000000 -0.000000
0.304788 -0.000000 -0.000000
0.294487 -0.000000 -0.000000
0.305848 -0.000000 -0.000000
0.293232 -0.000000 -0.000000
0.294403 -0.000000 -0.000000
0.295650 -0.000000 -0.000000
0.292674 -0.000000 -0.000000
0.296525 -0.000000 -0.000000
0.292981 -0.000000 -0.000000
0.300810 -0.000000 0.000000
0.292132 -0.000000 -0.000000
0.292121 -0.000000 -0.000000
0.291231 -0.000000 -0.000000
0.291992 -0.000000 -0.000000
0.293234 -0.000000 -0.000000
0.291509 -0.000000 -0.000000
0.290466 -0.000000 -0.000000
0.290270 -0.000000 -0.000000
0.290026 -0.000000 -0.000000
23.647362 -0.000000 -0.000000
3.366301 0.000000 -0.000000
2.142531 0.000000 -0.000000
111.330918 -0.000000 -0.000000
6.110372 -0.000000 -0.000000
2.183323 -0.000000 -0.000000
3.082554 0.000000 -0.000000
1.786299 -0.000000 -0.000000
0.948768 -0.000000 -0.000000
0.710753 0.000000 -0.000000
2.302242 -0.000000 -0.000000
0.719386 -0.000000 0.000000
0.603063 -0.000000 -0.000000
1.853207 -0.000000 -0.000000
0.412563 -0.000000 -0.000000
0.688640 -0.000000 -0.000000
0.380525 -0.000000 -0.000000
0.442467 0.000000 -0.000000
0.363596 -0.000000 -0.000000
0.457509 -0.000000 -0.000000
0.345282 -0.000000 -0.000000
0.361158 -0.000000 -0.000000
0.342851 -0.000000 -0.000000
0.292520 -0.000000 -0.000000
0.350868 -0.000000 -0.000000
0.300620 -0.000000 -0.000000
0.343350 -0.000000 -0.000000
0.300354 -0.000000 -0.000000
0.284913 -0.000000 -0.000000
22.235362 -0.000000 -0.000000
3.119065 -0.000000 0.000000
1.590949 0.000000 -0.000000
190.733038 -0.000000 -0.000000
6.032375 -0.000000 0.000000
2.031596 -0.000000 0.000000
2.809992 -0.000000 -0.000000
1.604631 -0.000000 -0.000000
0.575659 -0.000000 -0.000000
0.598212 -0.000000 -0.000000
2.461777 -0.000000 -0.000000
0.581050 -0.000000 -0.000000
0.911767 -0.000000 -0.000000
0.357796 0.000000 -0.000000
0.782156 -0.000000 -0.000000
0.370312 -0.000000 -0.000000
0.480444 -0.000000 -0.000000
0.331215 -0.000000 -0.000000
0.444170 -0.000000 0.000000
0.311347 -0.000000 -0.000000
0.353529 -0.000000 -0.000000
0.293508 0.000000 0.000000
0.291786 -0.000000 -0.000000
0.482256 -0.000000 -0.000000
0.291004 -0.000000 -0.000000
0.322158 0.000000 -0.000000
0.281188 -0.000000 -0.000000
21.990606 -0.000000 -0.000000
3.361686 -0.000000 -0.000000
1.875123 -0.000000 -0.000000
168.166895 0.000000 -0.000000
0.280633 -0.000000 -0.000000
0.280355 -0.000000 -0.000000
0.291908 0.000000 0.000000
0.280723 -0.000000 -0.000000
1.306580 -0.000000 0.000000
1.871876 -0.000000 -0.000000
0.633024 -0.000000 -0.000000
2.122864 -0.000000 -0.000000
0.574337 0.000000 -0.000000
0.611190 -0.000000 -0.000000
0.372259 -0.000000 -0.000000
0.882919 -0.000000 -0.000000
0.366672 -0.000000 -0.000000
0.338024 -0.000000 -0.000000
0.400130 -0.000000 -0.000000
0.302386 -0.000000 -0.000000
0.349444 -0.000000 -0.000000
0.294320 -0.000000 -0.000000
0.307890 -0.000000 -0.000000
0.285220 -0.000000 -0.000000
0.298335 0.000000 0.000000
0.283262 -0.000000 -0.000000
0.288437 -0.000000 -0.000000
0.280408 -0.000000 -0.000000
0.286466 -0.000000 -0.000000
0.279507 -0.000000 -0.000000
21.940437 -0.000000 0.000000
2.879097 -0.000000 0.000000
1.737193 -0.000000 -0.000000
175.795521 -0.000000 -0.000000
6.177676 -0.000000 -0.000000
2.138699 -0.000000 0.000000
3.067681 0.000000 -0.000000
1.184500 -0.000000 -0.000000
0.536936 -0.000000 0.000000
1.450767 -0.000000 -0.000000
0.633789 -0.000000 0.000000
1.680180 0.000000 -0.000000
0.525459 -0.000000 -0.000000
0.454224 0.000000 -0.000000
0.724653 -0.000000 -0.000000
0.361708 -0.000000 -0.000000
0.398457 0.000000 -0.000000
0.487877 0.000000 0.000000
0.340382 -0.000000 -0.000000
0.460283 -0.000000 -0.000000
0.325987 -0.000000 -0.000000
0.369854 -0.000000 -0.000000
0.312594 -0.000000 -0.000000
0.321794 -0.000000 0.000000
0.318490 -0.000000 -0.000000
0.307431 -0.000000 0.000000
0.340040 -0.000000 -0.000000
0.295030 -0.000000 -0.000000
0.343787 -0.000000 -0.000000
0.297709 -0.000000 -0.000000
0.303846 -0.000000 -0.000000
0.290687 -0.000000 -0.000000
0.295227 0.000000 0.000000
0.286189 0.000000 0.000000
0.288507 -0.000000 0.000000
0.283956 -0.000000 0.000000
0.280407 -0.000000 -0.000000
0.279629 -0.000000 -0.000000
0.281050 -0.000000 -0.000000
0.277939 -0.000000 -0.000000
0.283429 -0.000000 -0.000000
0.277565 -0.000000 -0.000000
21.496899 -0.000000 -0.000000
3.065069 -0.000000 -0.000000
1.713428 0.000000 -0.000000
204.310479 -0.000000 -0.000000
6.143031 -0.000000 -0.000000
2.195851 -0.000000 -0.000000
3.004412 0.000000 -0.000000
1.754916 0.000000 0.000000
0.564106 0.000000 -0.000000
0.527907 0.000000 -0.000000
2.256710 -0.000000 -0.000000
0.647455 0.000000 -0.000000
0.917173 -0.000000 -0.000000
0.377716 -0.000000 -0.000000
0.669729 -0.000000 -0.000000
0.368779 -0.000000 -0.000000
0.592007 -0.000000 0.000000
0.348467 0.000000 -0.000000
0.408448 -0.000000 -0.000000
0.323208 -0.000000 -0.000000
0.322076 -0.000000 -0.000000
0.351620 -0.000000 -0.000000
0.308518 -0.000000 0.000000
0.391963 -0.000000 -0.000000
0.297176 -0.000000 -0.000000
0.322570 -0.000000 -0.000000
0.297757 -0.000000 -0.000000
0.285979 -0.000000 -0.000000
0.285251 -0.000000 -0.000000
0.486065 -0.000000 -0.000000
0.284717 -0.000000 -0.000000
0.290699 -0.000000 -0.000000
0.279231 -0.000000 -0.000000
0.288985 -0.000000 -0.000000
0.280373 -0.000000 -0.000000
0.292962 -0.000000 -0.000000
0.279800 -0.000000 -0.000000
0.280262 -0.000000 -0.000000
0.278466 -0.000000 -0.000000
0.281684 -0.000000 -0.000000
0.278301 -0.000000 -0.000000
0.279088 0.000000 -0.000000
0.278458 -0.000000 -0.000000
0.277493 -0.000000 -0.000000
0.278226 -0.000000 -0.000000
0.277598 -0.000000 -0.000000
0.277575 -0.000000 -0.000000
0.279594 -0.000000 -0.000000
0.277152 -0.000000 -0.000000
0.277771 -0.000000 -0.000000
0.277228 -0.000000 -0.000000
0.277355 -0.000000 -0.000000
0.277502 -0.000000 -0.000000
0.277261 -0.000000 -0.000000
0.277205 -0.000000 -0.000000
0.277463 -0.000000 -0.000000
0.277184 -0.000000 -0.000000
0.277193 -0.000000 -0.000000
0.277372 -0.000000 -0.000000
0.277146 -0.000000 -0.000000
0.277171 -0.000000 -0.000000
0.277177 -0.000000 -0.000000
0.277150 -0.000000 -0.000000
0.281089 -0.000000 -0.000000
0.286891 -0.000000 -0.000000
0.277092 -0.000000 -0.000000
0.277202 -0.000000 -0.000000
0.279077 -0.000000 -0.000000
0.277156 -0.000000 -0.000000
0.380521 -0.000000 0.000000
0.455007 0.000000 -0.000000
0.945778 -0.000000 -0.000000
0.277589 -0.000000 -0.000000
0.291311 -0.000000 -0.000000
0.318068 -0.000000 -0.000000
0.336574 -0.000000 -0.000000
0.277552 -0.000000 -0.000000
0.280929 0.000000 -0.000000
0.288361 -0.000000 -0.000000
0.292654 0.000000 -0.000000
0.277060 -0.000000 -0.000000
0.277176 -0.000000 -0.000000
0.277152 -0.000000 -0.000000
0.277225 -0.000000 -0.000000
0.277085 -0.000000 -0.000000
0.277237 -0.000000 -0.000000
0.277079 -0.000000 -0.000000
0.277110 -0.000000 -0.000000
0.277056 -0.000000 -0.000000
0.277193 -0.000000 -0.000000
0.277256 -0.000000 -0.000000
0.277055 -0.000000 -0.000000
0.277212 -0.000000 -0.000000
0.277122 -0.000000 -0.000000
0.277514 -0.000000 -0.000000
0.280227 -0.000000 -0.000000
0.287379 -0.000000 -0.000000
0.297716 -0.000000 -0.000000
0.277054 -0.000000 -0.000000
0.277501 -0.000000 -0.000000
0.277143 -0.000000 -0.000000
0.277063 -0.000000 -0.000000
0.277053 -0.000000 -0.000000
0.277239 -0.000000 -0.000000
0.277060 -0.000000 -0.000000
0.290699 -0.000000 -0.000000
0.288901 -0.000000 -0.000000
0.291731 0.000000 -0.000000
0.277054 -0.000000 -0.000000
0.277056 -0.000000 -0.000000
0.277052 -0.000000 -0.000000
0.277071 -0.000000 -0.000000
0.277248 -0.000000 -0.000000
0.277287 -0.000000 -0.000000
0.277075 -0.000000 -0.000000
0.277050 -0.000000 -0.000000
0.277284 -0.000000 -0.000000
0.287176 -0.000000 -0.000000
0.290661 -0.000000 -0.000000
0.299934 -0.000000 -0.000000
0.277064 -0.000000 -0.000000
0.277062 -0.000000 -0.000000
0.277058 -0.000000 -0.000000
0.277048 -0.000000 -0.000000
0.277148 -0.000000 -0.000000
0.277061 -0.000000 -0.000000
0.277064 -0.000000 -0.000000
0.277048 -0.000000 -0.000000
0.278077 -0.000000 -0.000000
0.279641 -0.000000 -0.000000
0.281264 -0.000000 -0.000000
0.277047 -0.000000 -0.000000
0.277046 -0.000000 -0.000000
0.277083 -0.000000 -0.000000
0.277052 -0.000000 -0.000000
0.277051 -0.000000 -0.000000
0.277047 -0.000000 -0.000000
0.279509 -0.000000 -0.000000
0.279469 -0.000000 -0.000000
0.284461 -0.000000 -0.000000
0.277050 -0.000000 -0.000000
0.277045 -0.000000 -0.000000
0.277069 -0.000000 -0.000000
0.277046 -0.000000 -0.000000
0.277046 -0.000000 -0.000000
0.277045 -0.000000 -0.000000
0.277047 -0.000000 -0.000000
0.277045 -0.000000 -0.000000
0.277260 -0.000000 -0.000000
0.277421 -0.000000 -0.000000
0.277602 -0.000000 -0.000000
0.277045 -0.000000 -0.000000
0.277045 -0.000000 -0.000000
0.277045 -0.000000 -0.000000
0.277045 -0.000000 -0.000000
0.277078 -0.000000 -0.000000
0.277137 -0.000000 -0.000000
0.277193 -0.000000 -0.000000
0.277045 -0.000000 -0.000000
0.277045 -0.000000 -0.000000
0.277045 -0.000000 -0.000000
0.277045 -0.000000 -0.000000
0.277056 -0.000000 -0.000000
0.277069 -0.000000 -0.000000
0.277076 -0.000000 -0.000000
0.277045 -0.000000 -0.000000
0.277045 -0.000000 -0.000000
0.277045 -0.000000 -0.000000
0.277046 -0.000000 -0.000000
0.277049 -0.000000 -0.000000
0.277054 -0.000000 -0.000000
0.277045 -0.000000 -0.000000
0.277045 -0.000000 -0.000000
0.277046 -0.000000 -0.000000
0.277045 -0.000000 -0.000000
0.277047 -0.000000 -0.000000
0.277045 -0.000000 -0.000000
0.277045 -0.000000 -0.000000
0.277045 -0.000000 -0.000000
0.277045 -0.000000 -0.000000
0.277045 -0.000000 -0.000000
0.277045 -0.000000 -0.000000
0.277045 -0.000000 -0.000000
0.277045 -0.000000 -0.000000
0.277045 -0.000000 -0.000000
0.277045 -0.000000 -0.000000
0.277045 -0.000000 -0.000000
0.277045 -0.000000 -0.000000
0.277045 -0.000000 -0.000000
0.277045 -0.000000 -0.000000
0.277045 -0.000000 -0.000000
0.277045 -0.000000 -0.000000
0.277045 -0.000000 -0.000000
0.277045 -0.000000 -0.000000
0.277045 -0.000000 -0.000000
0.277045 -0.000000 -0.000000
0.277045 -0.000000 -0.000000
0.277045 -0.000000 -0.000000
0.277045 -0.000000 -0.000000
0.277045 -0.000000 -0.000000
0.277045 -0.000000 -0.000000
0.277045 -0.000000 -0.000000
0.277045 -0.000000 -0.000000
0.277045 -0.000000 -0.000000
0.277045 -0.000000 -0.000000
0.277045 -0.000000 -0.000000
0.277045 -0.000000 -0.000000
0.277045 -0.000000 -0.000000
0.277045 -0.000000 -0.000000
0.277045 -0.000000 -0.000000
0.277045 -0.000000 -0.000000
0.277045 -0.000000 -0.000000
0.277045 -0.000000 -0.000000
0.277045 -0.000000 -0.000000
0.277045 -0.000000 -0.000000
0.277045 -0.000000 -0.000000
0.277045 -0.000000 -0.000000
0.277045 -0.000000 -0.000000
0.277045 -0.000000 -0.000000
0.277045 -0.000000 -0.000000
0.277045 -0.000000 -0.000000
0.277045 -0.000000 -0.000000
0.277045 -0.000000 -0.000000
0.277045 -0.000000 -0.000000
0.277045 -0.000000 -0.000000
0.277045 -0.000000 -0.000000
0.277045 -0.000000 -0.000000
0.277045 -0.000000 -0.000000
0.277045 -0.000000 -0.000000
0.277045 -0.000000 -0.000000
0.277045 -0.000000 -0.000000
0.277045 -0.000000 -0.000000
0.277045 -0.000000 -0.000000
0.277045 -0.000000 -0.000000
0.277045 -0.000000 -0.000000
0.277045 -0.000000 -0.000000
0.277045 -0.000000 -0.000000
0.277045 -0.000000 -0.000000
0.277045 -0.000000 -0.000000
0.277045 -0.000000 -0.000000
0.277045 -0.000000 -0.000000
0.277045 -0.000000 -0.000000
0.277045 -0.000000 -0.000000
0.277045 -0.000000 -0.000000
0.277045 -0.000000 -0.000000
0.277045 -0.000000 -0.000000
0.277045 -0.000000 -0.000000
0.277045 -0.000000 -0.000000
0.277045 -0.000000 -0.000000
0.277045 -0.000000 -0.000000
0.277045 -0.000000 -0.000000
0.277045 -0.000000 -0.000000
0.277045 -0.000000 -0.000000
0.277045 -0.000000 -0.000000
0.277045 -0.000000 -0.000000
0.277045 -0.000000 -0.000000
0.277045 -0.000000 -0.000000
0.277045 -0.000000 -0.000000
0.277045 -0.000000 -0.000000
0.277045 -0.000000 -0.000000
0.277045 -0.000000 -0.000000
0.277045 -0.000000 -0.000000
0.277045 -0.000000 -0.000000
0.277045 -0.000000 -0.000000
0.277045 -0.000000 -0.000000
0.277045 -0.000000 -0.000000
0.277045 -0.000000 -0.000000
0.277045 -0.000000 -0.000000
0.277045 -0.000000 -0.000000
0.277045 -0.000000 -0.000000
0.277045 -0.000000 -0.000000
0.277045 -0.000000 -0.000000
0.277045 -0.000000 -0.000000
0.277045 -0.000000 -0.000000
0.277045 -0.000000 -0.000000
0.277045 -0.000000 -0.000000
0.277045 -0.000000 -0.000000
0.277045 -0.000000 -0.000000
0.277045 -0.000000 -0.000000
0.277045 -0.000000 -0.000000
0.277045 -0.000000 -0.000000
0.277045 -0.000000 -0.000000
0.277045 -0.000000 -0.000000
0.277045 -0.000000 -0.000000
0.277045 -0.000000 -0.000000
0.277045 -0.000000 -0.000000
0.277045 -0.000000 -0.000000
0.277045 -0.000000 -0.000000
0.277045 -0.000000 -0.000000
0.277045 -0.000000 -0.000000
0.277045 -0.000000 -0.000000
0.277045 -0.000000 -0.000000
0.277045 -0.000000 -0.000000
0.277045 -0.000000 -0.000000
0.277045 -0.000000 -0.000000
0.277045 -0.000000 -0.000000
0.277045 -0.000000 -0.000000
0.277045 -0.000000 -0.000000
0.277045 -0.000000 -0.000000
0.277045 -0.000000 -0.000000
0.277045 -0.000000 -0.000000
0.277045 -0.000000 -0.000000
0.277045 -0.000000 -0.000000
0.277045 -0.000000 -0.000000
0.277045 -0.000000 -0.000000
0.277045 -0.000000 -0.000000
0.277045 -0.000000 -0.000000
0.277045 -0.000000 -0.000000
0.277045 -0.000000 -0.000000
0.277045 -0.000000 -0.000000
0.277045 -0.000000 -0.000000
0.277045 -0.000000 -0.000000
0.277045 -0.000000 -0.000000
0.277045 -0.000000 -0.000000
0.277045 -0.000000 -0.000000
0.277045 -0.000000 -0.000000
0.277045 -0.000000 -0.000000
0.277045 -0.000000 -0.000000
0.277045 -0.000000 -0.000000
0.277045 -0.000000 -0.000000
0.277045 -0.000000 -0.000000
0.277045 -0.000000 -0.000000
0.277045 -0.000000 -0.000000
0.277045 -0.000000 -0.000000
0.277045 -0.000000 -0.000000
0.277045 -0.000000 -0.000000
0.277045 -0.000000 -0.000000
0.277045 -0.000000 -0.000000
0.277045 -0.000000 -0.000000
0.277045 -0.000000 -0.000000
0.277045 -0.000000 -0.000000
0.277045 -0.000000 -0.000000
0.277045 -0.000000 -0.000000
0.277045 -0.000000 -0.000000
0.277045 -0.000000 -0.000000
0.277045 -0.000000 -0.000000
0.277045 -0.000000 -0.000000
0.277045 -0.000000 -0.000000
0.277045 -0.000000 -0.000000
0.277045 -0.000000 -0.000000
0.277045 -0.000000 -0.000000
0.277045 -0.000000 -0.000000
0.277045 -0.000000 -0.000000
0.277045 -0.000000 -0.000000
0.277045 -0.000000 -0.000000
0.277045 -0.000000 -0.000000
0.277045 -0.000000 -0.000000
0.277045 -0.000000 -0.000000
0.277045 -0.000000 -0.000000
0.277045 -0.000000 -0.000000
0.277045 -0.000000 -0.000000
0.277045 -0.000000 -0.000000
0.277045 -0.000000 -0.000000
