313465.431255 0.000000 -0.000000 -0.000000 -0.000000 0.000000
516409.095352 -0.000000 -0.000000 -0.000000 -0.000000 -0.000000
442585.595124 -0.000000 -0.000000 -0.000000 0.000000 0.000000
356629.693455 -0.000000 -0.000000 -0.000000 -0.000000 -0.000000
235894.962595 0.000000 -0.000000 -0.000000 -0.000000 -0.000000
496139.535007 -0.000000 -0.000000 -0.000000 -0.000000 -0.000000
365018.093893 0.000000 0.000000 0.000000 0.000000 0.000000
256647.621959 -0.000000 -0.000000 -0.000000 -0.000000 -0.000000
199727.377826 -0.000000 -0.000000 0.000000 0.000000 0.000000
326950.293588 0.000000 -0.000000 -0.000000 -0.000000 -0.000000
328524.752287 0.000000 -0.000000 -0.000000 -0.000000 -0.000000
195882.014611 -0.000000 -0.000000 -0.000000 -0.000000 -0.000000
418853.022660 0.000000 -0.000000 -0.000000 -0.000000 -0.000000
322081.374083 -0.000000 -0.000000 -0.000000 0.000000 -0.000000
198476.036202 -0.000000 -0.000000 -0.000000 -0.000000 -0.000000
181778.312154 0.000000 -0.000000 -0.000000 -0.000000 -0.000000
292680.553226 -0.000000 -0.000000 -0.000000 -0.000000 -0.000000
308044.502555 -0.000000 -0.000000 -0.000000 -0.000000 -0.000000
200815.065020 0.000000 -0.000000 -0.000000 -0.000000 -0.000000
164720.111539 0.000000 0.000000 -0.000000 -0.000000 -0.000000
336414.783505 -0.000000 -0.000000 -0.000000 -0.000000 -0.000000
290939.783193 -0.000000 -0.000000 -0.000000 -0.000000 -0.000000
166120.055558 -0.000000 -0.000000 -0.000000 -0.000000 -0.000000
172547.315898 0.000000 -0.000000 0.000000 0.000000 0.000000
234133.978765 -0.000000 -0.000000 -0.000000 -0.000000 -0.000000
28327.012932 -0.000000 -0.000000 -0.000000 -0.000000 -0.000000
57756.842129 0.000000 -0.000000 -0.000000 -0.000000 -0.000000
62549.007051 -0.000000 -0.000000 -0.000000 -0.000000 -0.000000
28725.644609 -0.000000 -0.000000 -0.000000 -0.000000 -0.000000
23057.813085 0.000000 -0.000000 -0.000000 -0.000000 -0.000000
53975.017322 0.000000 -0.000000 -0.000000 -0.000000 -0.000000
57794.766725 -0.000000 -0.000000 -0.000000 -0.000000 -0.000000
19948.147966 0.000000 -0.000000 -0.000000 -0.000000 -0.000000
49415.817235 -0.000000 -0.000000 -0.000000 -0.000000 -0.000000
51748.511364 -0.000000 -0.000000 -0.000000 -0.000000 -0.000000
26476.026852 0.000000 -0.000000 -0.000000 -0.000000 -0.000000
16757.621807 0.000000 -0.000000 -0.000000 -0.000000 -0.000000
44068.345146 0.000000 -0.000000 -0.000000 -0.000000 -0.000000
48216.864533 -0.000000 -0.000000 -0.000000 -0.000000 -0.000000
17087.883937 0.000000 -0.000000 -0.000000 -0.000000 -0.000000
17221.531164 -0.000000 -0.000000 -0.000000 -0.000000 -0.000000
19349.431670 0.000000 -0.000000 -0.000000 -0.000000 -0.000000
24424.177124 -0.000000 -0.000000 -0.000000 -0.000000 -0.000000
16879.994045 -0.000000 -0.000000 -0.000000 -0.000000 -0.000000
108430.454845 -0.000000 -0.000000 -0.000000 -0.000000 -0.000000
10505.442910 0.000000 -0.000000 -0.000000 -0.000000 -0.000000
38717.373972 0.000000 0.000000 -0.000000 -0.000000 -0.000000
24930.335362 0.000000 0.000000 0.000000 -0.000000 -0.000000
26958.063332 -0.000000 -0.000000 -0.000000 -0.000000 -0.000000
13830.012655 -0.000000 -0.000000 -0.000000 -0.000000 -0.000000
12432.526140 -0.000000 -0.000000 -0.000000 -0.000000 -0.000000
100000000000.000000 -0.000000 -0.000000 -1.000000 -1.000101 -0.000000
12999.730459 -0.000000 -0.000000 -0.000000 -0.000000 -0.000000
15934.489310 0.000000 -0.000000 -0.000000 -0.000000 -0.000000
7323.362391 0.000000 0.000000 0.000000 0.000000 -0.000000
4775.401839 -0.000000 -0.000000 -0.000000 -0.000000 -0.000000
11909.241788 -0.000000 -0.000000 -0.000000 -0.000000 -0.000000
12423.182034 -0.000000 -0.000000 -0.000000 -0.000000 -0.000000
4012.949716 -0.000000 -0.000000 -0.000000 -0.000000 -0.000000
13235.823748 0.000000 0.000000 0.000000 0.000000 0.000000
9943.672493 -0.000000 -0.000000 -0.000000 -0.000000 -0.000000
10929.475970 0.000000 0.000000 0.000000 -0.000000 -0.000000
3837.188432 0.000000 -0.000000 -0.000000 -0.000000 -0.000000
8472.423585 0.000000 0.000000 -0.000000 -0.000000 -0.000000
8343.132401 -0.000000 -0.000000 -0.000000 -0.000000 -0.000000
3565.909620 0.000000 0.000000 -0.000000 -0.000000 -0.000000
8707.838163 0.000000 -0.000000 -0.000000 -0.000000 -0.000000
6712.255159 -0.000000 -0.000000 -0.000000 -0.000000 -0.000000
6907.634152 0.000000 -0.000000 -0.000000 -0.000000 -0.000000
8319.125314 -0.000000 -0.000000 -0.000000 -0.000000 -0.000000
3449.776863 -0.000000 -0.000000 -0.000000 -0.000000 -0.000000
3745.108847 0.000000 -0.000000 -0.000000 -0.000000 -0.000000
4457.933532 -0.000000 -0.000000 -0.000000 -0.000000 -0.000000
5820.807769 0.000000 0.000000 -0.000000 0.000000 0.000000
3498.316526 -0.000000 -0.000000 -0.000000 -0.000000 -0.000000
9104.465966 0.000000 0.000000 -0.000000 -0.000000 -0.000000
41581.257632 -0.000000 -0.000000 -0.000000 -0.000000 -0.000000
3280.376455 -0.000000 -0.000000 -0.000000 -0.000000 -0.000000
11699.972877 -0.000000 -0.000000 -0.000000 -0.000000 -0.000000
7132.950771 0.000000 -0.000000 -0.000000 -0.000000 -0.000000
10142.509743 0.000000 -0.000000 -0.000000 -0.000000 -0.000000
11457.891265 -0.000000 -0.000000 -0.000000 -0.000000 -0.000000
6606.221385 0.000000 0.000000 -0.000000 -0.000000 -0.000000
9954.363771 -0.000000 -0.000000 -0.000000 -0.000000 -0.000000
2678.834461 -0.000000 -0.000000 -0.000000 -0.000000 -0.000000
4047.311314 0.000000 -0.000000 -0.000000 -0.000000 -0.000000
2652.908300 0.000000 -0.000000 -0.000000 -0.000000 -0.000000
7174.434076 0.000000 -0.000000 -0.000000 -0.000000 -0.000000
5023.799405 -0.000000 -0.000000 -0.000000 -0.000000 -0.000000
4982.676280 0.000000 0.000000 0.000000 0.000000 0.000000
8842.904040 0.000000 -0.000000 -0.000000 -0.000000 -0.000000
4385.741714 0.000000 -0.000000 -0.000000 -0.000000 -0.000000
10000000000.000000 -0.000000 -1.000000 -1.000320 -0.000000 -0.000000
2333.811372 -0.000000 -0.000000 -0.000000 -0.000000 -0.000000
4179.157941 -0.000000 -0.000000 -0.000000 -0.000000 -0.000000
2359.120230 -0.000000 -0.000000 -0.000000 -0.000000 -0.000000
3556.279512 -0.000000 -0.000000 -0.000000 -0.000000 -0.000000
3755.178066 -0.000000 -0.000000 -0.000000 -0.000000 -0.000000
4353.494521 -0.000000 -0.000000 -0.000000 -0.000000 -0.000000
2816.379943 -0.000000 -0.000000 -0.000000 -0.000000 -0.000000
3684.326814 0.000000 0.000000 0.000000 0.000000 -0.000000
2618.160376 -0.000000 -0.000000 -0.000000 -0.000000 -0.000000
5186.266095 0.000000 0.000000 -0.000000 -0.000000 -0.000000
2555.947692 -0.000000 -0.000000 -0.000000 -0.000000 -0.000000
3163.618331 0.000000 0.000000 -0.000000 -0.000000 -0.000000
2394.478522 -0.000000 -0.000000 -0.000000 -0.000000 -0.000000
2420.979406 -0.000000 -0.000000 -0.000000 -0.000000 -0.000000
2300.103123 0.000000 -0.000000 -0.000000 -0.000000 -0.000000
6541.339654 0.000000 -0.000000 -0.000000 -0.000000 -0.000000
11531.837767 -0.000000 -0.000000 -0.000000 -0.000000 -0.000000
3155.881531 -0.000000 -0.000000 -0.000000 -0.000000 -0.000000
2379.037093 -0.000000 -0.000000 -0.000000 -0.000000 -0.000000
3823.347191 0.000000 -0.000000 -0.000000 -0.000000 -0.000000
7707.335743 0.000000 0.000000 -0.000000 -0.000000 -0.000000
3878.541741 0.000000 0.000000 0.000000 0.000000 -0.000000
4756.695993 -0.000000 -0.000000 -0.000000 -0.000000 -0.000000
2153.272110 0.000000 -0.000000 -0.000000 -0.000000 -0.000000
3919.436831 -0.000000 -0.000000 -0.000000 -0.000000 -0.000000
2230.339381 -0.000000 -0.000000 -0.000000 -0.000000 -0.000000
4443.394304 -0.000000 -0.000000 -0.000000 -0.000000 -0.000000
3944.692189 0.000000 -0.000000 -0.000000 -0.000000 -0.000000
3914.282615 0.000000 0.000000 -0.000000 -0.000000 -0.000000
4788.705639 -0.000000 0.000000 0.000000 -0.000000 -0.000000
2251.971817 -0.000000 -0.000000 -0.000000 -0.000000 -0.000000
7068.884322 -0.000000 -0.000000 -0.000000 -0.000000 -0.000000
2158.751968 0.000000 0.000000 0.000000 -0.000000 -0.000000
4485.286240 -0.000000 -0.000000 -0.000000 -0.000000 -0.000000
2465.383734 -0.000000 -0.000000 -0.000000 -0.000000 -0.000000
6861.749732 -0.000000 -0.000000 -0.000000 -0.000000 -0.000000
2385.752358 0.000000 0.000000 0.000000 0.000000 -0.000000
2378.119779 0.000000 -0.000000 -0.000000 -0.000000 -0.000000
3298.974805 0.000000 -0.000000 -0.000000 -0.000000 -0.000000
1954.018255 -0.000000 -0.000000 -0.000000 -0.000000 -0.000000
2447.482672 -0.000000 -0.000000 -0.000000 -0.000000 -0.000000
1968.125056 0.000000 0.000000 -0.000000 -0.000000 -0.000000
2132.865600 -0.000000 -0.000000 -0.000000 -0.000000 -0.000000
2700.557387 0.000000 0.000000 0.000000 0.000000 0.000000
1894.788757 -0.000000 -0.000000 -0.000000 -0.000000 -0.000000
2481.382264 -0.000000 -0.000000 -0.000000 -0.000000 -0.000000
1924.021624 -0.000000 -0.000000 -0.000000 -0.000000 -0.000000
2153.452953 -0.000000 -0.000000 -0.000000 -0.000000 -0.000000
1926.722148 -0.000000 -0.000000 -0.000000 -0.000000 -0.000000
2144.740826 0.000000 0.000000 0.000000 0.000000 0.000000
1923.898351 0.000000 -0.000000 -0.000000 -0.000000 -0.000000
7201.925942 -0.000000 -0.000000 -0.000000 -0.000000 -0.000000
5475.480288 0.000000 0.000000 0.000000 -0.000000 -0.000000
1954.736027 -0.000000 -0.000000 -0.000000 -0.000000 -0.000000
1913.018756 -0.000000 -0.000000 -0.000000 -0.000000 -0.000000
1951.719829 0.000000 -0.000000 -0.000000 -0.000000 -0.000000
1926.156287 -0.000000 -0.000000 -0.000000 -0.000000 -0.000000
1959.752700 0.000000 -0.000000 -0.000000 -0.000000 -0.000000
1901.940325 -0.000000 -0.000000 -0.000000 -0.000000 -0.000000
2909.914430 -0.000000 -0.000000 -0.000000 -0.000000 -0.000000
2501.061225 -0.000000 -0.000000 -0.000000 -0.000000 -0.000000
5676.058214 0.000000 0.000000 -0.000000 -0.000000 -0.000000
3289.905685 -0.000000 -0.000000 -0.000000 -0.000000 -0.000000
3359.047326 -0.000000 -0.000000 -0.000000 -0.000000 -0.000000
1894.125396 -0.000000 -0.000000 -0.000000 -0.000000 -0.000000
5787.503883 -0.000000 -0.000000 -0.000000 -0.000000 -0.000000
2736.849054 0.000000 0.000000 0.000000 0.000000 -0.000000
3066.796471 0.000000 0.000000 0.000000 0.000000 0.000000
5993.633723 0.000000 0.000000 -0.000000 -0.000000 -0.000000
4910.859173 0.000000 0.000000 -0.000000 -0.000000 -0.000000
4731.188802 -0.000000 -0.000000 -0.000000 -0.000000 -0.000000
1893.486398 -0.000000 -0.000000 -0.000000 -0.000000 -0.000000
1903.828103 -0.000000 -0.000000 -0.000000 -0.000000 -0.000000
3598.863983 0.000000 0.000000 -0.000000 -0.000000 -0.000000
2037.196667 -0.000000 -0.000000 -0.000000 -0.000000 -0.000000
1859.882684 0.000000 -0.000000 -0.000000 -0.000000 -0.000000
2954.796125 -0.000000 -0.000000 -0.000000 -0.000000 -0.000000
3836.168579 -0.000000 -0.000000 -0.000000 -0.000000 -0.000000
1950.547162 -0.000000 -0.000000 -0.000000 -0.000000 -0.000000
1874.466574 0.000000 -0.000000 -0.000000 -0.000000 -0.000000
2169.079257 -0.000000 -0.000000 -0.000000 -0.000000 -0.000000
2279.149949 -0.000000 -0.000000 -0.000000 -0.000000 -0.000000
2225.893800 0.000000 0.000000 -0.000000 -0.000000 -0.000000
2809.480609 -0.000000 -0.000000 -0.000000 -0.000000 -0.000000
2041.146752 -0.000000 -0.000000 -0.000000 -0.000000 -0.000000
1861.970005 -0.000000 -0.000000 -0.000000 -0.000000 -0.000000
2757.712070 -0.000000 -0.000000 -0.000000 -0.000000 -0.000000
2212.776106 0.000000 -0.000000 -0.000000 -0.000000 -0.000000
1875.262646 -0.000000 -0.000000 -0.000000 -0.000000 -0.000000
1932.197530 0.000000 -0.000000 -0.000000 -0.000000 -0.000000
1857.646001 -0.000000 -0.000000 -0.000000 -0.000000 -0.000000
1970.432139 0.000000 -0.000000 -0.000000 -0.000000 -0.000000
1855.929337 -0.000000 -0.000000 -0.000000 -0.000000 -0.000000
1866.961806 -0.000000 -0.000000 -0.000000 -0.000000 -0.000000
1879.493787 -0.000000 -0.000000 -0.000000 -0.000000 -0.000000
1857.154034 -0.000000 -0.000000 -0.000000 -0.000000 -0.000000
1871.462577 0.000000 -0.000000 -0.000000 -0.000000 -0.000000
1855.698651 -0.000000 -0.000000 -0.000000 -0.000000 -0.000000
1867.545988 -0.000000 -0.000000 -0.000000 -0.000000 -0.000000
1854.782009 -0.000000 -0.000000 -0.000000 -0.000000 -0.000000
1872.212735 -0.000000 -0.000000 -0.000000 -0.000000 -0.000000
1852.304086 -0.000000 -0.000000 -0.000000 -0.000000 -0.000000
1860.141423 -0.000000 -0.000000 -0.000000 -0.000000 -0.000000
1853.518738 -0.000000 -0.000000 -0.000000 -0.000000 -0.000000
1850.253919 -0.000000 -0.000000 -0.000000 -0.000000 -0.000000
1890.870216 -0.000000 -0.000000 -0.000000 -0.000000 -0.000000
1849.630371 -0.000000 -0.000000 -0.000000 -0.000000 -0.000000
1969.874534 -0.000000 -0.000000 -0.000000 -0.000000 -0.000000
1881.227196 -0.000000 -0.000000 -0.000000 -0.000000 -0.000000
1851.582240 0.000000 -0.000000 -0.000000 -0.000000 -0.000000
1847.820270 -0.000000 -0.000000 -0.000000 -0.000000 -0.000000
1857.716938 -0.000000 -0.000000 -0.000000 -0.000000 -0.000000
1861.358566 -0.000000 -0.000000 -0.000000 -0.000000 -0.000000
1844.605785 -0.000000 -0.000000 -0.000000 -0.000000 -0.000000
1850.489056 -0.000000 -0.000000 -0.000000 -0.000000 -0.000000
1844.624139 -0.000000 -0.000000 -0.000000 -0.000000 -0.000000
1842.228928 -0.000000 -0.000000 -0.000000 -0.000000 -0.000000
1841.040293 -0.000000 -0.000000 -0.000000 -0.000000 -0.000000
1843.955350 -0.000000 -0.000000 -0.000000 -0.000000 -0.000000
2836.723832 -0.000000 -0.000000 -0.000000 -0.000000 -0.000000
3249.334266 -0.000000 -0.000000 -0.000000 -0.000000 -0.000000
3166.084059 0.000000 0.000000 0.000000 -0.000000 -0.000000
4846.787481 0.000000 -0.000000 -0.000000 -0.000000 -0.000000
5499.025610 -0.000000 -0.000000 -0.000000 -0.000000 -0.000000
1860.291535 -0.000000 -0.000000 -0.000000 -0.000000 -0.000000
1846.514027 -0.000000 -0.000000 -0.000000 -0.000000 -0.000000
1868.833424 -0.000000 -0.000000 -0.000000 -0.000000 -0.000000
1841.085365 -0.000000 -0.000000 -0.000000 -0.000000 -0.000000
2080.257208 -0.000000 -0.000000 -0.000000 -0.000000 -0.000000
2132.987836 -0.000000 -0.000000 -0.000000 -0.000000 -0.000000
2390.833370 0.000000 0.000000 0.000000 0.000000 -0.000000
2312.987397 -0.000000 -0.000000 -0.000000 -0.000000 -0.000000
2978.648612 -0.000000 -0.000000 -0.000000 -0.000000 -0.000000
1841.663633 -0.000000 -0.000000 -0.000000 -0.000000 -0.000000
1837.977557 0.000000 -0.000000 -0.000000 -0.000000 -0.000000
1855.322511 0.000000 -0.000000 -0.000000 -0.000000 -0.000000
1838.248552 -0.000000 -0.000000 -0.000000 -0.000000 -0.000000
1839.526154 -0.000000 -0.000000 -0.000000 -0.000000 -0.000000
1840.118317 -0.000000 -0.000000 -0.000000 -0.000000 -0.000000
1907.703456 -0.000000 -0.000000 -0.000000 -0.000000 -0.000000
2000.491440 -0.000000 -0.000000 -0.000000 -0.000000 -0.000000
2079.418418 -0.000000 -0.000000 -0.000000 -0.000000 -0.000000
2073.541105 0.000000 -0.000000 -0.000000 -0.000000 -0.000000
2457.260365 0.000000 -0.000000 -0.000000 -0.000000 -0.000000
1840.922086 0.000000 -0.000000 -0.000000 -0.000000 -0.000000
1837.950683 -0.000000 -0.000000 -0.000000 -0.000000 -0.000000
1840.335558 0.000000 -0.000000 -0.000000 -0.000000 -0.000000
1843.187547 -0.000000 -0.000000 -0.000000 -0.000000 -0.000000
1838.696521 -0.000000 -0.000000 -0.000000 -0.000000 -0.000000
1841.813788 -0.000000 -0.000000 -0.000000 -0.000000 -0.000000
1838.440826 -0.000000 -0.000000 -0.000000 -0.000000 -0.000000
1839.183582 -0.000000 -0.000000 -0.000000 -0.000000 -0.000000
1838.049728 -0.000000 -0.000000 -0.000000 -0.000000 -0.000000
1839.558910 -0.000000 -0.000000 -0.000000 -0.000000 -0.000000
1838.184535 -0.000000 -0.000000 -0.000000 -0.000000 -0.000000
1838.516415 -0.000000 -0.000000 -0.000000 -0.000000 -0.000000
1838.123331 -0.000000 -0.000000 -0.000000 -0.000000 -0.000000
1838.160155 -0.000000 -0.000000 -0.000000 -0.000000 -0.000000
1838.192370 -0.000000 -0.000000 -0.000000 -0.000000 -0.000000
1837.984116 -0.000000 -0.000000 -0.000000 -0.000000 -0.000000
1847.424200 -0.000000 -0.000000 -0.000000 -0.000000 -0.000000
1856.290677 -0.000000 -0.000000 -0.000000 -0.000000 -0.000000
1880.704521 -0.000000 -0.000000 -0.000000 -0.000000 -0.000000
1880.623592 -0.000000 -0.000000 -0.000000 -0.000000 -0.000000
1933.081416 -0.000000 -0.000000 -0.000000 -0.000000 -0.000000
1837.857381 -0.000000 -0.000000 -0.000000 -0.000000 -0.000000
1839.368298 -0.000000 -0.000000 -0.000000 -0.000000 -0.000000
1838.666967 -0.000000 -0.000000 -0.000000 -0.000000 -0.000000
1837.912254 -0.000000 -0.000000 -0.000000 -0.000000 -0.000000
1848.240891 -0.000000 -0.000000 -0.000000 -0.000000 -0.000000
1857.460255 -0.000000 -0.000000 -0.000000 -0.000000 -0.000000
1858.802074 -0.000000 -0.000000 -0.000000 -0.000000 -0.000000
1868.097398 0.000000 -0.000000 -0.000000 -0.000000 -0.000000
1874.694103 -0.000000 -0.000000 -0.000000 -0.000000 -0.000000
1839.321214 -0.000000 -0.000000 -0.000000 -0.000000 -0.000000
1837.846794 -0.000000 -0.000000 -0.000000 -0.000000 -0.000000
1837.946866 -0.000000 -0.000000 -0.000000 -0.000000 -0.000000
1837.845307 -0.000000 -0.000000 -0.000000 -0.000000 -0.000000
1837.846914 -0.000000 -0.000000 -0.000000 -0.000000 -0.000000
1837.844773 -0.000000 -0.000000 -0.000000 -0.000000 -0.000000
1837.843838 -0.000000 -0.000000 -0.000000 -0.000000 -0.000000
1837.847027 -0.000000 -0.000000 -0.000000 -0.000000 -0.000000
1837.843819 -0.000000 -0.000000 -0.000000 -0.000000 -0.000000
1837.845205 -0.000000 -0.000000 -0.000000 -0.000000 -0.000000
1837.843629 -0.000000 -0.000000 -0.000000 -0.000000 -0.000000
1837.843191 -0.000000 -0.000000 -0.000000 -0.000000 -0.000000
1837.843059 -0.000000 -0.000000 -0.000000 -0.000000 -0.000000
1837.853311 -0.000000 -0.000000 -0.000000 -0.000000 -0.000000
1837.855930 -0.000000 -0.000000 -0.000000 -0.000000 -0.000000
1837.846586 -0.000000 -0.000000 -0.000000 -0.000000 -0.000000
1839.969593 -0.000000 -0.000000 -0.000000 -0.000000 -0.000000
1841.286582 0.000000 -0.000000 -0.000000 -0.000000 -0.000000
1843.595326 -0.000000 -0.000000 -0.000000 -0.000000 -0.000000
1844.039734 -0.000000 -0.000000 -0.000000 -0.000000 -0.000000
1849.156511 -0.000000 -0.000000 -0.000000 -0.000000 -0.000000
1837.846522 -0.000000 -0.000000 -0.000000 -0.000000 -0.000000
1837.842359 -0.000000 -0.000000 -0.000000 -0.000000 -0.000000
1837.853838 -0.000000 -0.000000 -0.000000 -0.000000 -0.000000
1837.848644 -0.000000 -0.000000 -0.000000 -0.000000 -0.000000
1837.843593 -0.000000 -0.000000 -0.000000 -0.000000 -0.000000
1838.399389 -0.000000 -0.000000 -0.000000 -0.000000 -0.000000
1838.572035 -0.000000 -0.000000 -0.000000 -0.000000 -0.000000
1838.894192 -0.000000 -0.000000 -0.000000 -0.000000 -0.000000
1839.473002 -0.000000 -0.000000 -0.000000 -0.000000 -0.000000
1839.505024 -0.000000 -0.000000 -0.000000 -0.000000 -0.000000
1837.843028 -0.000000 -0.000000 -0.000000 -0.000000 -0.000000
1837.842181 -0.000000 -0.000000 -0.000000 -0.000000 -0.000000
1837.843372 -0.000000 -0.000000 -0.000000 -0.000000 -0.000000
1837.842176 -0.000000 -0.000000 -0.000000 -0.000000 -0.000000
1837.842475 -0.000000 -0.000000 -0.000000 -0.000000 -0.000000
1837.843258 -0.000000 -0.000000 -0.000000 -0.000000 -0.000000
1837.842545 -0.000000 -0.000000 -0.000000 -0.000000 -0.000000
1837.927665 -0.000000 -0.000000 -0.000000 -0.000000 -0.000000
1837.955186 -0.000000 -0.000000 -0.000000 -0.000000 -0.000000
1837.991073 -0.000000 -0.000000 -0.000000 -0.000000 -0.000000
1838.041039 0.000000 -0.000000 -0.000000 -0.000000 -0.000000
1838.061507 -0.000000 -0.000000 -0.000000 -0.000000 -0.000000
1837.842295 -0.000000 -0.000000 -0.000000 -0.000000 -0.000000
1837.842169 -0.000000 -0.000000 -0.000000 -0.000000 -0.000000
1837.842232 -0.000000 -0.000000 -0.000000 -0.000000 -0.000000
1837.842169 -0.000000 -0.000000 -0.000000 -0.000000 -0.000000
1837.842443 -0.000000 -0.000000 -0.000000 -0.000000 -0.000000
1837.842211 -0.000000 -0.000000 -0.000000 -0.000000 -0.000000
1837.866421 -0.000000 -0.000000 -0.000000 -0.000000 -0.000000
1837.869391 -0.000000 -0.000000 -0.000000 -0.000000 -0.000000
1837.885133 -0.000000 -0.000000 -0.000000 -0.000000 -0.000000
1837.923760 -0.000000 -0.000000 -0.000000 -0.000000 -0.000000
1837.935514 -0.000000 -0.000000 -0.000000 -0.000000 -0.000000
1837.842197 -0.000000 -0.000000 -0.000000 -0.000000 -0.000000
1837.842169 -0.000000 -0.000000 -0.000000 -0.000000 -0.000000
1837.842198 -0.000000 -0.000000 -0.000000 -0.000000 -0.000000
1837.842176 -0.000000 -0.000000 -0.000000 -0.000000 -0.000000
1837.846396 -0.000000 -0.000000 -0.000000 -0.000000 -0.000000
1837.846902 0.000000 -0.000000 -0.000000 -0.000000 -0.000000
1837.847233 -0.000000 -0.000000 -0.000000 -0.000000 -0.000000
1837.850422 -0.000000 -0.000000 -0.000000 -0.000000 -0.000000
1837.851687 -0.000000 -0.000000 -0.000000 -0.000000 -0.000000
1837.842172 -0.000000 -0.000000 -0.000000 -0.000000 -0.000000
1837.842169 -0.000000 -0.000000 -0.000000 -0.000000 -0.000000
1837.842176 -0.000000 -0.000000 -0.000000 -0.000000 -0.000000
1837.842171 -0.000000 -0.000000 -0.000000 -0.000000 -0.000000
1837.843228 -0.000000 -0.000000 -0.000000 -0.000000 -0.000000
1837.843368 0.000000 -0.000000 -0.000000 -0.000000 -0.000000
1837.844133 -0.000000 -0.000000 -0.000000 -0.000000 -0.000000
1837.844182 0.000000 -0.000000 -0.000000 -0.000000 -0.000000
1837.844761 -0.000000 -0.000000 -0.000000 -0.000000 -0.000000
1837.842171 0.000000 -0.000000 -0.000000 -0.000000 -0.000000
1837.842169 -0.000000 -0.000000 -0.000000 -0.000000 -0.000000
1837.842171 -0.000000 -0.000000 -0.000000 -0.000000 -0.000000
1837.842170 -0.000000 -0.000000 -0.000000 -0.000000 -0.000000
1837.842588 -0.000000 -0.000000 -0.000000 -0.000000 -0.000000
1837.842384 -0.000000 -0.000000 -0.000000 -0.000000 -0.000000
1837.842507 -0.000000 -0.000000 -0.000000 -0.000000 -0.000000
1837.842755 -0.000000 -0.000000 -0.000000 -0.000000 -0.000000
1837.842702 -0.000000 -0.000000 -0.000000 -0.000000 -0.000000
1837.842170 -0.000000 -0.000000 -0.000000 -0.000000 -0.000000
1837.842178 -0.000000 -0.000000 -0.000000 -0.000000 -0.000000
1837.842170 -0.000000 -0.000000 -0.000000 -0.000000 -0.000000
1837.842169 -0.000000 -0.000000 -0.000000 -0.000000 -0.000000
1837.842216 -0.000000 -0.000000 -0.000000 -0.000000 -0.000000
1837.842354 -0.000000 -0.000000 -0.000000 -0.000000 -0.000000
1837.842250 -0.000000 -0.000000 -0.000000 -0.000000 -0.000000
1837.842277 -0.000000 -0.000000 -0.000000 -0.000000 -0.000000
1837.842273 -0.000000 -0.000000 -0.000000 -0.000000 -0.000000
1837.842170 -0.000000 -0.000000 -0.000000 -0.000000 -0.000000
1837.842173 -0.000000 -0.000000 -0.000000 -0.000000 -0.000000
1837.842169 -0.000000 -0.000000 -0.000000 -0.000000 -0.000000
1837.842169 -0.000000 -0.000000 -0.000000 -0.000000 -0.000000
1837.842187 -0.000000 -0.000000 -0.000000 -0.000000 -0.000000
1837.842185 -0.000000 -0.000000 -0.000000 -0.000000 -0.000000
1837.842188 -0.000000 -0.000000 -0.000000 -0.000000 -0.000000
1837.842197 -0.000000 -0.000000 -0.000000 -0.000000 -0.000000
1837.842179 -0.000000 -0.000000 -0.000000 -0.000000 -0.000000
1837.842169 -0.000000 -0.000000 -0.000000 -0.000000 -0.000000
1837.842200 -0.000000 -0.000000 -0.000000 -0.000000 -0.000000
1837.842169 -0.000000 -0.000000 -0.000000 -0.000000 -0.000000
1837.842172 -0.000000 -0.000000 -0.000000 -0.000000 -0.000000
1837.842172 -0.000000 -0.000000 -0.000000 -0.000000 -0.000000
1837.842172 -0.000000 -0.000000 -0.000000 -0.000000 -0.000000
1837.842174 -0.000000 -0.000000 -0.000000 -0.000000 -0.000000
1837.842173 -0.000000 -0.000000 -0.000000 -0.000000 -0.000000
1837.842169 -0.000000 -0.000000 -0.000000 -0.000000 -0.000000
1837.842172 -0.000000 -0.000000 -0.000000 -0.000000 -0.000000
1837.842170 -0.000000 -0.000000 -0.000000 -0.000000 -0.000000
1837.842170 -0.000000 -0.000000 -0.000000 -0.000000 -0.000000
1837.842170 -0.000000 -0.000000 -0.000000 -0.000000 -0.000000
1837.842170 -0.000000 -0.000000 -0.000000 -0.000000 -0.000000
1837.842170 -0.000000 -0.000000 -0.000000 -0.000000 -0.000000
1837.842172 -0.000000 -0.000000 -0.000000 -0.000000 -0.000000
1837.842169 -0.000000 -0.000000 -0.000000 -0.000000 -0.000000
1837.842169 -0.000000 -0.000000 -0.000000 -0.000000 -0.000000
1837.842169 -0.000000 -0.000000 -0.000000 -0.000000 -0.000000
1837.842169 -0.000000 -0.000000 -0.000000 -0.000000 -0.000000
1837.842169 -0.000000 -0.000000 -0.000000 -0.000000 -0.000000
1837.842170 -0.000000 -0.000000 -0.000000 -0.000000 -0.000000
1837.842169 -0.000000 -0.000000 -0.000000 -0.000000 -0.000000
1837.842169 -0.000000 -0.000000 -0.000000 -0.000000 -0.000000
1837.842169 -0.000000 -0.000000 -0.000000 -0.000000 -0.000000
1837.842169 -0.000000 -0.000000 -0.000000 -0.000000 -0.000000
1837.842169 -0.000000 -0.000000 -0.000000 -0.000000 -0.000000
1837.842170 -0.000000 -0.000000 -0.000000 -0.000000 -0.000000
1837.842169 -0.000000 -0.000000 -0.000000 -0.000000 -0.000000
1837.842169 -0.000000 -0.000000 -0.000000 -0.000000 -0.000000
1837.842169 -0.000000 -0.000000 -0.000000 -0.000000 -0.000000
1837.842169 -0.000000 -0.000000 -0.000000 -0.000000 -0.000000
1837.842169 -0.000000 -0.000000 -0.000000 -0.000000 -0.000000
1837.842169 -0.000000 -0.000000 -0.000000 -0.000000 -0.000000
1837.842169 -0.000000 -0.000000 -0.000000 -0.000000 -0.000000
1837.842169 -0.000000 -0.000000 -0.000000 -0.000000 -0.000000
1837.842169 -0.000000 -0.000000 -0.000000 -0.000000 -0.000000
1837.842169 -0.000000 -0.000000 -0.000000 -0.000000 -0.000000
1837.842169 -0.000000 -0.000000 -0.000000 -0.000000 -0.000000
1837.842169 -0.000000 -0.000000 -0.000000 -0.000000 -0.000000
1837.842169 -0.000000 -0.000000 -0.000000 -0.000000 -0.000000
1837.842169 -0.000000 -0.000000 -0.000000 -0.000000 -0.000000
1837.842169 -0.000000 -0.000000 -0.000000 -0.000000 -0.000000
1837.842169 -0.000000 -0.000000 -0.000000 -0.000000 -0.000000
1837.842169 -0.000000 -0.000000 -0.000000 -0.000000 -0.000000
1837.842169 -0.000000 -0.000000 -0.000000 -0.000000 -0.000000
1837.842169 -0.000000 -0.000000 -0.000000 -0.000000 -0.000000
1837.842169 -0.000000 -0.000000 -0.000000 -0.000000 -0.000000
1837.842169 0.000000 -0.000000 -0.000000 -0.000000 -0.000000
1837.842169 -0.000000 -0.000000 -0.000000 -0.000000 -0.000000
1837.842169 -0.000000 -0.000000 -0.000000 -0.000000 -0.000000
1837.842169 -0.000000 -0.000000 -0.000000 -0.000000 -0.000000
1837.842169 -0.000000 -0.000000 -0.000000 -0.000000 -0.000000
1837.842169 -0.000000 -0.000000 -0.000000 -0.000000 -0.000000
1837.842169 -0.000000 -0.000000 -0.000000 -0.000000 -0.000000
1837.842169 -0.000000 -0.000000 -0.000000 -0.000000 -0.000000
1837.842169 0.000000 -0.000000 -0.000000 -0.000000 -0.000000
1837.842169 -0.000000 -0.000000 -0.000000 -0.000000 -0.000000
1837.842169 -0.000000 -0.000000 -0.000000 -0.000000 -0.000000
1837.842169 -0.000000 -0.000000 -0.000000 -0.000000 -0.000000
1837.842169 -0.000000 -0.000000 -0.000000 -0.000000 -0.000000
1837.842169 0.000000 -0.000000 -0.000000 -0.000000 -0.000000
1837.842169 -0.000000 -0.000000 -0.000000 -0.000000 -0.000000
1837.842169 -0.000000 -0.000000 -0.000000 -0.000000 -0.000000
1837.842169 -0.000000 -0.000000 -0.000000 -0.000000 -0.000000
1837.842169 -0.000000 -0.000000 -0.000000 -0.000000 -0.000000
1837.842169 -0.000000 -0.000000 -0.000000 -0.000000 -0.000000
1837.842169 -0.000000 -0.000000 -0.000000 -0.000000 -0.000000
1837.842169 -0.000000 -0.000000 -0.000000 -0.000000 -0.000000
1837.842169 -0.000000 -0.000000 -0.000000 -0.000000 -0.000000
1837.842169 -0.000000 -0.000000 -0.000000 -0.000000 -0.000000
1837.842169 -0.000000 -0.000000 -0.000000 -0.000000 -0.000000
1837.842169 -0.000000 -0.000000 -0.000000 -0.000000 -0.000000
1837.842169 0.000000 -0.000000 -0.000000 -0.000000 -0.000000
1837.842169 -0.000000 -0.000000 -0.000000 -0.000000 -0.000000
1837.842169 -0.000000 -0.000000 -0.000000 -0.000000 -0.000000
1837.842169 -0.000000 -0.000000 -0.000000 -0.000000 -0.000000
1837.842169 -0.000000 -0.000000 -0.000000 -0.000000 -0.000000
1837.842169 -0.000000 -0.000000 -0.000000 -0.000000 -0.000000
1837.842169 -0.000000 -0.000000 -0.000000 -0.000000 -0.000000
1837.842169 -0.000000 -0.000000 -0.000000 -0.000000 -0.000000
1837.842169 -0.000000 -0.000000 -0.000000 -0.000000 -0.000000
1837.842169 -0.000000 -0.000000 -0.000000 -0.000000 -0.000000
1837.842169 -0.000000 -0.000000 -0.000000 -0.000000 -0.000000
1837.842169 -0.000000 -0.000000 -0.000000 -0.000000 -0.000000
1837.842169 -0.000000 -0.000000 -0.000000 -0.000000 -0.000000
1837.842169 -0.000000 -0.000000 -0.000000 -0.000000 -0.000000
1837.842169 -0.000000 -0.000000 -0.000000 -0.000000 -0.000000
1837.842169 -0.000000 -0.000000 -0.000000 -0.000000 -0.000000
1837.842169 -0.000000 -0.000000 -0.000000 -0.000000 -0.000000
1837.842169 -0.000000 -0.000000 -0.000000 -0.000000 -0.000000
1837.842169 -0.000000 -0.000000 -0.000000 -0.000000 -0.000000
1837.842169 -0.000000 -0.000000 -0.000000 -0.000000 -0.000000
1837.842169 -0.000000 -0.000000 -0.000000 -0.000000 -0.000000
1837.842169 -0.000000 -0.000000 -0.000000 -0.000000 -0.000000
1837.842169 -0.000000 -0.000000 -0.000000 -0.000000 -0.000000
1837.842169 -0.000000 -0.000000 -0.000000 -0.000000 -0.000000
1837.842169 -0.000000 -0.000000 -0.000000 -0.000000 -0.000000
1837.842169 -0.000000 -0.000000 -0.000000 -0.000000 -0.000000
1837.842169 -0.000000 -0.000000 -0.000000 -0.000000 -0.000000
1837.842169 -0.000000 -0.000000 -0.000000 -0.000000 -0.000000
1837.842169 -0.000000 -0.000000 -0.000000 -0.000000 -0.000000
1837.842169 -0.000000 -0.000000 -0.000000 -0.000000 -0.000000
1837.842169 -0.000000 -0.000000 -0.000000 -0.000000 -0.000000
1837.842169 -0.000000 -0.000000 -0.000000 -0.000000 -0.000000
1837.842169 -0.000000 -0.000000 -0.000000 -0.000000 -0.000000
1837.842169 -0.000000 -0.000000 -0.000000 -0.000000 -0.000000
1837.842169 0.000000 -0.000000 -0.000000 -0.000000 -0.000000
1837.842169 -0.000000 -0.000000 -0.000000 -0.000000 -0.000000
1837.842169 -0.000000 -0.000000 -0.000000 -0.000000 -0.000000
1837.842169 -0.000000 -0.000000 -0.000000 -0.000000 -0.000000
1837.842169 -0.000000 -0.000000 -0.000000 -0.000000 -0.000000
1837.842169 -0.000000 -0.000000 -0.000000 -0.000000 -0.000000
1837.842169 -0.000000 -0.000000 -0.000000 -0.000000 -0.000000
1837.842169 -0.000000 -0.000000 -0.000000 -0.000000 -0.000000
1837.842169 -0.000000 -0.000000 -0.000000 -0.000000 -0.000000
1837.842169 -0.000000 -0.000000 -0.000000 -0.000000 -0.000000
1837.842169 -0.000000 -0.000000 -0.000000 -0.000000 -0.000000
1837.842169 -0.000000 -0.000000 -0.000000 -0.000000 -0.000000
1837.842169 -0.000000 -0.000000 -0.000000 -0.000000 -0.000000
1837.842169 -0.000000 -0.000000 -0.000000 -0.000000 -0.000000
1837.842169 -0.000000 -0.000000 -0.000000 -0.000000 -0.000000
1837.842169 -0.000000 -0.000000 -0.000000 -0.000000 -0.000000
1837.842169 -0.000000 -0.000000 -0.000000 -0.000000 -0.000000
1837.842169 -0.000000 -0.000000 -0.000000 -0.000000 -0.000000
1837.842169 -0.000000 -0.000000 -0.000000 -0.000000 -0.000000
1837.842169 -0.000000 -0.000000 -0.000000 -0.000000 -0.000000
1837.842169 -0.000000 -0.000000 -0.000000 -0.000000 -0.000000
1837.842169 -0.000000 -0.000000 -0.000000 -0.000000 -0.000000
1837.842169 -0.000000 -0.000000 -0.000000 -0.000000 -0.000000
1837.842169 -0.000000 -0.000000 -0.000000 -0.000000 -0.000000
1837.842169 -0.000000 -0.000000 -0.000000 -0.000000 -0.000000
1837.842169 -0.000000 -0.000000 -0.000000 -0.000000 -0.000000
1837.842169 -0.000000 -0.000000 -0.000000 -0.000000 -0.000000
1837.842169 -0.000000 -0.000000 -0.000000 -0.000000 -0.000000
1837.842169 -0.000000 -0.000000 -0.000000 -0.000000 -0.000000
1837.842169 -0.000000 -0.000000 -0.000000 -0.000000 -0.000000
1837.842169 -0.000000 -0.000000 -0.000000 -0.000000 -0.000000
1837.842169 -0.000000 -0.000000 -0.000000 -0.000000 -0.000000
1837.842169 -0.000000 -0.000000 -0.000000 -0.000000 -0.000000
1837.842169 -0.000000 -0.000000 -0.000000 -0.000000 -0.000000
1837.842169 -0.000000 -0.000000 -0.000000 -0.000000 -0.000000
1837.842169 -0.000000 -0.000000 -0.000000 -0.000000 -0.000000
1837.842169 -0.000000 -0.000000 -0.000000 -0.000000 -0.000000
1837.842169 -0.000000 -0.000000 -0.000000 -0.000000 -0.000000
1837.842169 0.000000 -0.000000 -0.000000 -0.000000 -0.000000
1837.842169 -0.000000 -0.000000 -0.000000 -0.000000 -0.000000
1837.842169 -0.000000 -0.000000 -0.000000 -0.000000 -0.000000
1837.842169 -0.000000 -0.000000 -0.000000 -0.000000 -0.000000
1837.842169 -0.000000 -0.000000 -0.000000 -0.000000 -0.000000
1837.842169 -0.000000 -0.000000 -0.000000 -0.000000 -0.000000
1837.842169 -0.000000 -0.000000 -0.000000 -0.000000 -0.000000
1837.842169 -0.000000 -0.000000 -0.000000 -0.000000 -0.000000
1837.842169 -0.000000 -0.000000 -0.000000 -0.000000 -0.000000
1837.842169 -0.000000 -0.000000 -0.000000 -0.000000 -0.000000
1837.842169 -0.000000 -0.000000 -0.000000 -0.000000 -0.000000
1837.842169 0.000000 -0.000000 -0.000000 -0.000000 -0.000000
1837.842169 -0.000000 -0.000000 -0.000000 -0.000000 -0.000000
1837.842169 0.000000 -0.000000 -0.000000 -0.000000 -0.000000
1837.842169 -0.000000 -0.000000 -0.000000 -0.000000 -0.000000
1837.842169 -0.000000 -0.000000 -0.000000 -0.000000 -0.000000
1837.842169 -0.000000 -0.000000 -0.000000 -0.000000 -0.000000
1837.842169 -0.000000 -0.000000 -0.000000 -0.000000 -0.000000
1837.842169 -0.000000 -0.000000 -0.000000 -0.000000 -0.000000
1837.842169 -0.000000 -0.000000 -0.000000 -0.000000 -0.000000
1837.842169 -0.000000 -0.000000 -0.000000 -0.000000 -0.000000
1837.842169 -0.000000 -0.000000 -0.000000 -0.000000 -0.000000
1837.842169 0.000000 -0.000000 -0.000000 -0.000000 -0.000000
1837.842169 -0.000000 -0.000000 -0.000000 -0.000000 -0.000000
1837.842169 -0.000000 -0.000000 -0.000000 -0.000000 -0.000000
1837.842169 -0.000000 -0.000000 -0.000000 -0.000000 -0.000000
1837.842169 -0.000000 -0.000000 -0.000000 -0.000000 -0.000000
1837.842169 -0.000000 -0.000000 -0.000000 -0.000000 -0.000000
1837.842169 -0.000000 -0.000000 -0.000000 -0.000000 -0.000000
1837.842169 -0.000000 -0.000000 -0.000000 -0.000000 -0.000000
1837.842169 -0.000000 -0.000000 -0.000000 -0.000000 -0.000000
1837.842169 -0.000000 -0.000000 -0.000000 -0.000000 -0.000000
1837.842169 -0.000000 -0.000000 -0.000000 -0.000000 -0.000000
1837.842169 -0.000000 -0.000000 -0.000000 -0.000000 -0.000000
1837.842169 -0.000000 -0.000000 -0.000000 -0.000000 -0.000000
1837.842169 0.000000 -0.000000 -0.000000 -0.000000 -0.000000
1837.842169 -0.000000 -0.000000 -0.000000 -0.000000 -0.000000
1837.842169 -0.000000 -0.000000 -0.000000 -0.000000 -0.000000
1837.842169 -0.000000 -0.000000 -0.000000 -0.000000 -0.000000
1837.842169 -0.000000 -0.000000 -0.000000 -0.000000 -0.000000
1837.842169 -0.000000 -0.000000 -0.000000 -0.000000 -0.000000
1837.842169 0.000000 -0.000000 -0.000000 -0.000000 -0.000000
1837.842169 -0.000000 -0.000000 -0.000000 -0.000000 -0.000000
1837.842169 -0.000000 -0.000000 -0.000000 -0.000000 -0.000000
1837.842169 -0.000000 -0.000000 -0.000000 -0.000000 -0.000000
1837.842169 -0.000000 -0.000000 -0.000000 -0.000000 -0.000000
1837.842169 -0.000000 -0.000000 -0.000000 -0.000000 -0.000000
1837.842169 -0.000000 -0.000000 -0.000000 -0.000000 -0.000000
1837.842169 0.000000 -0.000000 -0.000000 -0.000000 -0.000000
1837.842169 -0.000000 -0.000000 -0.000000 -0.000000 -0.000000
1837.842169 -0.000000 -0.000000 -0.000000 -0.000000 -0.000000
1837.842169 -0.000000 -0.000000 -0.000000 -0.000000 -0.000000
1837.842169 -0.000000 -0.000000 -0.000000 -0.000000 -0.000000
1837.842169 -0.000000 -0.000000 -0.000000 -0.000000 -0.000000
1837.842169 -0.000000 -0.000000 -0.000000 -0.000000 -0.000000
1837.842169 -0.000000 -0.000000 -0.000000 -0.000000 -0.000000
1837.842169 -0.000000 -0.000000 -0.000000 -0.000000 -0.000000
1837.842169 -0.000000 -0.000000 -0.000000 -0.000000 -0.000000
1837.842169 -0.000000 -0.000000 -0.000000 -0.000000 -0.000000
1837.842169 -0.000000 -0.000000 -0.000000 -0.000000 -0.000000
1837.842169 -0.000000 -0.000000 -0.000000 -0.000000 -0.000000
1837.842169 -0.000000 -0.000000 -0.000000 -0.000000 -0.000000
1837.842169 -0.000000 -0.000000 -0.000000 -0.000000 -0.000000
1837.842169 0.000000 -0.000000 -0.000000 -0.000000 -0.000000
1837.842169 -0.000000 -0.000000 -0.000000 -0.000000 -0.000000
1837.842169 -0.000000 -0.000000 -0.000000 -0.000000 -0.000000
