1.000000 2.000000 0.828427 11.757359
22.000000 2.000000 0.828427 17.757359
3.000000 2.000000 0.171573 16.757359
7.000000 1.000000 5.828427 31.757359
19.000000 2.000000 3.171573 4.757359
4.000000 3.000000 5.828427 30.757359
34.000000 3.000000 2.171573 0.242641
4369.000000 2.000000 3.171573 4.242641
4.000000 3.000000 1.828427 6.757359
716.000000 1.000000 4.171573 2.757359
277.000000 2.000000 5.171573 3.757359
5403.000000 2.000000 2.171573 9.242641
7.000000 2.000000 3.171573 9.757359
2666.000000 2.000000 1.171573 8.242641
23.000000 2.000000 4.171573 9.757359
257.000000 2.000000 4.828427 11.757359
3.000000 4.000000 1.171573 0.242641
21348.000000 13.000000 55.828427 338.757359
17.000000 3.000000 5.828427 6.242641
1.000000 3.000000 0.828427 10.757359
710.000000 2.000000 3.171573 1.242641
2668.000000 3.000000 1.171573 9.242641
87.000000 2.000000 4.171573 3.757359
1558.000000 3.000000 4.171573 2.242641
11.000000 3.000000 3.828427 4.757359
1387.000000 3.000000 5.171573 1.757359
164.000000 3.000000 2.171573 1.242641
278.000000 6.000000 48.828427 346.757359
23.000000 1.000000 2.171573 5.757359
2.000000 2.000000 1.171573 0.757359
103.000000 2.000000 8.828427 27.757359
10.000000 4.000000 2.828427 4.757359
338.000000 2.000000 4.171573 0.242641
4.000000 3.000000 1.171573 0.242641
513.000000 1.000000 4.171573 0.242641
19.000000 4.000000 2.171573 0.242641
1268.000000 1.000000 1.828427 18.757359
1922.000000 1.000000 6.828427 11.757359
15.000000 -0.000000 5.828427 32.757359
115.000000 4.000000 6.171573 32.757359
60.000000 9.000000 4.828427 2.757359
62.000000 2.000000 10.828427 27.757359
514.000000 1.000000 3.828427 1.757359
1956.000000 1.000000 4.171573 2.757359
46.000000 1.000000 3.171573 6.757359
22.000000 2.000000 1.828427 6.757359
4.000000 2.000000 1.828427 0.242641
10.000000 -0.000000 1.171573 2.757359
22.000000 2.000000 0.171573 0.242641
1.000000 3.000000 1.171573 0.757359
6.000000 2.000000 2.171573 2.757359
706.000000 2.000000 14.828427 20.757359
30.000000 -0.000000 1.171573 0.757359
23.000000 1.000000 0.828427 1.757359
7.000000 1.000000 2.171573 5.757359
27.000000 2.000000 0.828427 2.757359
18.000000 2.000000 1.171573 1.242641
350.000000 -0.000000 3.171573 0.757359
111.000000 1.000000 2.171573 3.757359
102.000000 3.000000 0.171573 3.757359
126.000000 6.000000 4.171573 15.757359
14.000000 -0.000000 0.828427 0.757359
3710.000000 -0.000000 6.828427 0.757359
29.000000 1.000000 0.828427 0.757359
48.000000 1.000000 3.828427 4.757359
8.000000 1.000000 0.171573 0.757359
5.000000 2.000000 1.171573 0.757359
22.000000 -0.000000 0.828427 1.757359
34.000000 2.000000 0.171573 3.757359
28.000000 1.000000 0.171573 0.757359
4.000000 1.000000 1.171573 0.757359
6.000000 1.000000 0.171573 0.242641
167.000000 -0.000000 2.171573 0.242641
15.000000 1.000000 0.171573 0.757359
6.000000 1.000000 0.828427 0.242641
342.000000 4.000000 3.171573 3.242641
21.000000 2.000000 0.828427 0.242641
34.000000 -0.000000 1.828427 4.757359
7.000000 -0.000000 0.171573 0.242641
176.000000 5.000000 1.171573 2.242641
88.000000 4.000000 0.171573 5.757359
16566.000000 1.000000 9.828427 0.242641
262.000000 3.000000 0.171573 0.242641
10.000000 -0.000000 0.171573 1.757359
907.000000 2.000000 5.828427 2.757359
167.000000 1.000000 4.171573 2.757359
110.000000 -0.000000 2.828427 0.757359
43.000000 5.000000 0.171573 4.242641
29307.000000 2.000000 10.171573 1.757359
25.000000 1.000000 0.828427 0.757359
9.385600 -0.000000 0.011573 1.821359
25.242100 1.000000 0.161573 0.758359
5.133545 0.600000 0.022027 1.157457
13.665122 0.400000 0.159473 0.758690
14.896415 0.240000 1.674827 0.021329
11.330729 0.940000 0.901173 0.102033
2.846447 0.050000 0.165173 0.757871
6.539171 1.310000 0.078427 1.367641
68.845134 0.500000 2.881327 0.230474
3.558887 1.900000 1.857327 2.237728
410.727080 1.230000 4.896027 0.739783
1451.040615 1.310000 3.171173 1.757351
10.962768 1.000000 0.828827 1.757351
10.980696 1.000000 0.828527 1.757358
12.722948 0.660000 0.428827 2.717351
7.729607 0.840000 0.233327 0.082298
22.381431 1.280000 1.401573 1.184041
13.096623 0.180000 0.769327 0.760986
20.183867 1.460000 1.346673 1.209898
12.754585 0.270000 0.740027 0.765523
7.393406 0.100000 2.130927 0.167616
7.699882 0.110000 1.357327 0.012272
182.650700 0.100000 1.681573 0.048141
4.314524 0.200000 0.633327 0.202984
14.845308 1.010000 0.211473 0.758958
42.814368 0.080000 1.527173 0.107469
9.350400 0.200000 2.108427 0.164241
19.782923 1.050000 0.474827 1.764171
4.851221 0.190000 0.253173 0.515093
0.819693 1.040000 0.312827 0.680013
9.963020 0.500000 0.331173 0.352967
9.512656 0.200000 0.677973 0.872325
7.856958 0.150000 0.640927 0.323584
12.837078 0.050000 0.558527 0.610260
3.706614 0.050000 0.262027 0.162475
6.756547 0.200000 0.028427 0.362641
6.666100 -0.000000 0.161573 0.241641
6.289600 -0.000000 0.011573 0.178641
7.698100 -0.000000 1.518427 1.954359
14.993547 0.690000 0.145973 0.246737
36.321002 0.220000 1.027173 0.187769
5.001703 0.100000 0.830027 0.242577
5.185600 0.010000 0.988427 0.178641
5.352100 0.500000 0.011573 0.178641
6.810100 -0.000000 0.638427 0.486359
6.519066 1.210000 1.004827 0.168553
22.736696 0.890000 0.996527 1.826280
6.974584 0.080000 0.157173 0.240913
4.588501 0.220000 0.515327 0.412388
5.718664 0.170000 0.486027 0.302165
5.778999 0.140000 0.511473 0.053760
5.337298 0.060000 0.276673 0.129798
4.472318 0.270000 0.151573 0.275259
4.675988 0.160000 0.128673 0.012026
24.594498 0.070000 0.555473 0.113950
4.153465 0.060000 0.042827 0.058413
5.581496 0.060000 0.120827 0.188973
4.443697 0.030000 0.100927 0.035666
4.148900 0.120000 0.259327 0.139282
5.505654 0.030000 0.085473 0.195782
4.265562 0.060000 0.171573 0.033459
4.012890 0.090000 0.007327 0.114896
4.246106 0.060000 0.107327 0.124204
4.739510 0.010000 0.276527 0.146820
4.334007 0.040000 0.069073 0.031416
3.712141 0.060000 0.100927 0.363134
4.957994 0.020000 0.004027 0.134437
4.473063 0.160000 0.078673 0.051626
4.285251 -0.000000 0.048427 0.081541
4.881766 0.030000 0.032527 0.208980
4.216698 0.060000 0.018427 0.011259
3.898631 0.050000 0.044527 0.104318
4.070445 0.050000 0.031327 0.027626
4.048780 0.060000 0.054673 0.002344
4.121774 0.110000 0.049473 0.080290
4.192473 0.020000 0.020927 0.058116
4.226200 0.040000 0.045973 0.048763
4.193266 0.040000 0.027473 0.016148
3.977677 0.050000 0.061327 0.025926
4.050931 0.050000 0.026027 0.011183
4.258592 0.020000 0.110527 0.029178
4.119784 0.060000 0.021573 0.002541
4.257446 0.040000 0.033173 0.035089
4.218878 0.050000 0.018673 0.013358
4.141165 0.020000 0.163973 0.033035
1.316787 1.100000 0.596673 0.338884
4.241003 0.030000 0.020927 0.002734
4.204322 0.040000 0.004527 0.003250
4.115793 -0.000000 0.089073 0.059666
6.013876 0.590000 0.485973 1.032763
1.517845 0.450000 0.384673 0.250512
5.097315 0.040000 0.509073 0.035366
6.281012 0.090000 0.120927 0.193134
4.314234 0.010000 0.130927 0.055666
4.500820 -0.000000 0.209327 0.023836
4.848698 0.070000 0.130927 0.001384
4.092984 0.040000 0.028427 0.034359
4.137339 0.040000 0.008427 0.026459
3.504972 0.140000 0.129073 0.119266
4.108615 0.020000 0.520927 0.007266
4.169536 0.340000 0.492673 0.805796
4.384253 0.090000 0.198427 0.253141
8.656163 0.530000 0.222527 0.376148
4.234323 -0.000000 0.040927 0.037366
4.690024 0.160000 0.043173 0.201811
4.633949 0.160000 0.043173 0.191811
4.176018 0.080000 0.043973 0.061335
4.214334 0.020000 0.027327 0.021104
3.147275 0.200000 0.289173 0.136273
4.008113 0.010000 0.040927 0.060584
3.084488 0.080000 0.024027 0.068263
4.096513 0.110000 0.039073 0.012334
4.836527 0.220000 0.285973 0.379163
4.327134 0.040000 0.027327 0.001104
3.637570 0.098700 0.139073 0.049416
3.594516 0.104300 0.139073 0.059416
4.244748 0.024000 0.066591 0.017858
4.222750 0.041000 0.007324 0.013194
4.358274 0.024400 0.021488 0.033371
4.320120 0.033300 0.022739 0.015092
4.150333 0.025700 0.003403 0.009028
4.070736 0.018600 0.018468 0.012634
4.209443 0.016600 0.033602 0.029454
4.204969 0.032400 0.000003 0.000670
4.072748 0.023900 0.002348 0.003015
4.000780 0.024300 0.009521 0.015288
4.148120 0.014800 0.007521 0.001941
4.136695 0.032700 0.011946 0.018057
4.169558 0.032000 0.002144 0.010458
4.080731 0.023500 0.019521 0.000312
4.055673 0.012100 0.004416 0.015457
4.090203 0.012200 0.000308 0.025470
4.021249 0.011600 0.008532 0.005165
3.874510 0.008800 0.007824 0.017123
4.089468 0.009700 0.016282 0.012581
4.057697 0.010700 0.000484 0.008715
4.017146 0.005500 0.005036 0.003467
3.890553 0.009500 0.014186 0.002550
4.037710 0.006000 0.004027 0.023737
4.076090 0.021400 0.008339 0.004928
3.902381 0.014500 0.017692 0.014224
3.273388 0.015500 0.142676 0.039852
2.979444 0.015500 0.125956 0.110415
3.987519 0.005500 0.011580 0.011025
4.021497 0.005500 0.008408 0.000172
4.196169 0.025500 0.001592 0.012072
3.984818 0.005500 0.015036 0.004233
3.331638 0.034500 0.029896 0.031087
3.680348 0.044500 0.069684 0.168636
3.577050 0.114500 0.220316 0.009436
3.918099 0.024500 0.012268 0.086049
3.796566 0.144500 0.082676 0.060952
4.072146 0.015500 0.005036 0.006533
3.904245 0.010100 0.018120 0.014028
3.355827 0.012300 0.156029 0.004307
3.356131 0.012300 0.156173 0.004594
3.897630 0.000700 0.022042 0.002182
4.083565 0.011300 0.000071 0.002502
4.012730 0.009800 0.042876 0.015492
3.942550 0.031900 0.012160 0.034867
3.767878 0.058300 0.012287 0.061222
4.206769 0.031900 0.021060 0.018070
3.791195 0.010900 0.094050 0.021653
4.018939 0.020500 0.000068 0.009904
4.028871 0.008500 0.018974 0.002396
4.028923 0.008500 0.019074 0.002396
4.096625 0.012300 0.005986 0.011934
4.012254 0.007200 0.009795 0.000030
4.055801 0.004500 0.000812 0.000597
4.018384 0.002900 0.009213 0.006064
4.066224 0.004700 0.000408 0.000264
4.052499 0.005300 0.002148 0.000304
3.988550 0.002000 0.009204 0.003151
4.041368 0.004400 0.000152 0.006598
4.035559 0.004000 0.002361 0.003492
4.043765 0.001200 0.001513 0.001801
4.054586 0.001000 0.006527 0.002601
4.099141 0.009900 0.006580 0.006848
4.015925 0.001000 0.005167 0.000507
4.070510 0.000600 0.002843 0.001595
4.056902 0.001900 0.000706 0.000208
4.059955 0.001300 0.001074 0.002721
4.053667 0.002000 0.000094 0.001132
4.095184 0.004700 0.005928 0.000856
4.035580 0.002000 0.002401 0.000156
4.099080 0.004000 0.000889 0.007154
3.885603 0.034500 0.021081 0.007021
3.885930 0.034500 0.020264 0.007672
4.030022 0.002700 0.002283 0.000424
4.060209 0.001200 0.001449 0.001029
3.927390 0.006700 0.005764 0.004608
4.056104 0.003000 0.014590 0.009832
3.948329 0.020300 0.018411 0.017155
4.048001 0.016700 0.000136 0.002842
4.093216 0.020200 0.036364 0.031508
4.063562 0.002500 0.001436 0.000147
4.042641 0.005900 0.001815 0.003122
4.075626 0.001500 0.004487 0.000069
4.045557 0.001900 0.000730 0.000132
4.049757 0.008200 0.015548 0.002579
4.023822 0.002100 0.009164 0.007724
4.057097 0.010400 0.005128 0.003751
4.043368 0.001800 0.006808 0.003682
4.112155 0.013200 0.001451 0.009920
4.031887 0.005800 0.003637 0.001368
4.007177 0.008200 0.001675 0.002338
4.028717 0.008144 0.006119 0.004625
4.040515 0.000780 0.000232 0.000426
4.029156 0.000080 0.001042 0.000751
3.993561 0.002620 0.002652 0.001568
3.994186 0.010680 0.002635 0.005204
4.039006 0.000260 0.000093 0.000106
4.031810 0.000600 0.000131 0.000761
4.034447 0.001340 0.000375 0.001682
3.877199 0.018540 0.003101 0.005154
3.879600 0.017440 0.004001 0.005475
4.033221 0.001040 0.000495 0.000017
4.026225 0.003140 0.001548 0.009787
3.985893 0.009140 0.002688 0.010383
3.994944 0.009040 0.012797 0.002796
4.016643 0.008160 0.020060 0.008517
4.026764 0.009360 0.033294 0.002239
4.074100 0.002260 0.008097 0.002352
4.034666 0.001300 0.000375 0.001642
4.034402 0.000890 0.007843 0.001937
4.012950 0.002172 0.001128 0.000028
4.045786 0.000882 0.000211 0.000120
4.017382 0.001246 0.000723 0.004125
4.043536 0.003287 0.003090 0.005235
4.066049 0.004741 0.002796 0.005023
4.035758 0.006154 0.012111 0.000342
4.041886 0.003903 0.015089 0.000115
4.039131 0.000653 0.000784 0.000242
4.020651 0.000990 0.003660 0.001553
4.020710 0.000991 0.003321 0.001367
4.045295 0.001830 0.000909 0.000209
4.036232 0.000322 0.000145 0.000066
4.038200 0.000253 0.000742 0.000084
4.048086 0.001139 0.000438 0.000943
4.035875 0.000165 0.000011 0.000335
4.037542 0.000620 0.000646 0.000538
4.039766 0.000431 0.000015 0.000181
4.029884 0.000901 0.000108 0.000210
4.041796 0.000436 0.000184 0.000035
4.038871 0.000509 0.000649 0.000201
4.038365 0.000063 0.000394 0.000013
4.033905 0.000380 0.000007 0.000159
4.033586 0.000699 0.000195 0.000442
4.038223 0.000149 0.000037 0.000025
4.041186 0.000324 0.000206 0.000027
4.035721 0.000204 0.000046 0.000126
4.035659 0.000050 0.000336 0.000257
4.037685 0.000060 0.000212 0.000055
4.035904 0.000184 0.000475 0.000443
4.040533 0.000348 0.000048 0.000037
4.040256 0.000520 0.000129 0.000032
4.037244 0.000112 0.000042 0.000071
4.034659 0.000335 0.000132 0.000167
4.039060 0.000177 0.000003 0.000000
4.036172 0.000280 0.000213 0.000003
4.038275 0.000125 0.000032 0.000065
4.034313 0.000895 0.000057 0.000358
3.961312 0.000695 0.005841 0.001608
3.963534 0.000564 0.006225 0.001428
4.040490 0.000316 0.000067 0.000066
4.036884 0.000075 0.000109 0.000072
3.999120 0.000965 0.001681 0.003887
4.034544 0.000290 0.010771 0.004119
4.033884 0.000324 0.008786 0.000342
4.004845 0.008662 0.006516 0.001202
4.046623 0.006994 0.007699 0.009293
4.039351 0.000252 0.000092 0.000315
4.013057 0.004920 0.003311 0.001216
4.013056 0.004920 0.003311 0.001216
4.038189 0.000166 0.000122 0.000019
4.038064 0.000109 0.000039 0.000028
4.036422 0.000099 0.000070 0.000083
4.035115 0.000236 0.000108 0.000121
4.036534 0.000169 0.000049 0.000153
4.037799 0.000069 0.000040 0.000020
4.038236 0.000112 0.000052 0.000036
4.037897 0.000065 0.000011 0.000045
4.039296 0.000201 0.000043 0.000008
4.037139 0.000024 0.000041 0.000065
4.036982 0.000082 0.000002 0.000026
4.038192 0.000053 0.000163 0.000121
4.013671 0.004869 0.001450 0.000907
4.020368 0.003480 0.002369 0.000160
4.036916 0.000057 0.000064 0.000038
4.032880 0.000695 0.003396 0.000443
4.036099 0.000049 0.004973 0.001775
4.027106 0.001919 0.000233 0.002038
4.031922 0.000134 0.002866 0.001527
4.037958 0.001919 0.001278 0.000010
4.038949 0.000104 0.000337 0.000268
4.022981 0.003422 0.002250 0.000936
4.022972 0.003424 0.002251 0.000936
4.036632 0.000121 0.000092 0.000049
4.037703 0.000052 0.000007 0.000033
4.037121 0.000013 0.000005 0.000003
4.035378 0.000104 0.000042 0.000114
4.026150 0.000821 0.002165 0.002497
4.026155 0.000815 0.002146 0.002486
4.038081 0.000152 0.000029 0.000038
4.037256 0.000024 0.000006 0.000029
4.034293 0.000083 0.001117 0.000900
4.035326 0.000553 0.001743 0.000705
4.035739 0.000156 0.003793 0.001704
4.042297 0.000380 0.000798 0.001037
4.047924 0.002324 0.000177 0.001926
4.038209 0.000015 0.000829 0.000703
4.022503 0.002695 0.000450 0.001568
4.037049 0.000036 0.000027 0.000047
4.030921 0.001145 0.000143 0.000885
4.037435 0.000412 0.000545 0.000617
4.035545 0.000083 0.000180 0.000558
4.036738 0.000031 0.001400 0.000666
4.036931 0.000116 0.000976 0.000119
4.039097 0.000356 0.000006 0.000311
4.035376 0.000104 0.000042 0.000114
4.034151 0.000655 0.000009 0.000224
4.031694 0.001046 0.000471 0.000480
4.037673 0.000052 0.000055 0.000004
4.037539 0.000033 0.000031 0.000013
4.034520 0.000592 0.000021 0.000521
4.036793 0.000037 0.000567 0.000063
4.036923 0.000016 0.000699 0.000351
4.037057 0.000047 0.000319 0.000297
4.034307 0.000218 0.000118 0.000256
4.037503 0.000022 0.000512 0.000086
4.035007 0.000135 0.000153 0.000024
4.035385 0.000110 0.000133 0.000012
4.036995 0.000037 0.000034 0.000052
4.037164 0.000014 0.000011 0.000038
4.036090 0.000054 0.000264 0.000133
4.036170 0.000094 0.000308 0.000373
4.036276 0.000238 0.000286 0.000162
4.036337 0.000179 0.000222 0.000117
4.037072 0.000018 0.000227 0.000014
4.038165 0.000175 0.000135 0.000095
4.037241 0.000120 0.000154 0.000219
4.037242 0.000119 0.000158 0.000217
4.037664 0.000060 0.000020 0.000003
4.037510 0.000036 0.000009 0.000009
4.037090 0.000013 0.000141 0.000074
4.036758 0.000040 0.000043 0.000006
4.037386 0.000009 0.000014 0.000042
4.036641 0.000104 0.000027 0.000114
4.037159 0.000013 0.000098 0.000003
4.037101 0.000043 0.000001 0.000010
4.037080 0.000003 0.000000 0.000009
4.036959 0.000051 0.000013 0.000027
4.036947 0.000002 0.000038 0.000053
4.036961 0.000000 0.000024 0.000056
4.037352 0.000040 0.000013 0.000036
4.037163 0.000022 0.000003 0.000001
4.036970 0.000048 0.000005 0.000081
4.037031 0.000007 0.000109 0.000003
4.037084 0.000000 0.000074 0.000017
4.037057 0.000055 0.000003 0.000005
4.037509 0.000045 0.000033 0.000015
4.037115 0.000011 0.000034 0.000035
4.037106 0.000006 0.000048 0.000026
4.037106 0.000006 0.000046 0.000025
4.037004 0.000036 0.000007 0.000038
4.037291 0.000015 0.000009 0.000022
4.037365 0.000010 0.000011 0.000000
4.037299 0.000004 0.000008 0.000002
4.036872 0.000015 0.000001 0.000024
4.037031 0.000003 0.000003 0.000015
4.036987 0.000002 0.000001 0.000011
4.036836 0.000011 0.000006 0.000028
4.037044 0.000019 0.000003 0.000009
4.037074 0.000008 0.000003 0.000006
4.037193 0.000004 0.000003 0.000011
4.037153 0.000002 0.000003 0.000005
4.037117 0.000016 0.000001 0.000002
4.037120 0.000006 0.000004 0.000002
4.037303 0.000002 0.000008 0.000017
4.037066 0.000001 0.000001 0.000004
4.037213 0.000011 0.000003 0.000005
4.037109 0.000004 0.000003 0.000004
4.037218 0.000006 0.000007 0.000010
4.037115 0.000001 0.000002 0.000004
4.036926 0.000003 0.000002 0.000002
4.036739 0.000006 0.000007 0.000003
4.037028 0.000008 0.000001 0.000003
4.037097 0.000002 0.000003 0.000001
4.037034 0.000003 0.000000 0.000006
4.037090 0.000002 0.000002 0.000001
4.036965 0.000004 0.000001 0.000005
4.037106 0.000001 0.000002 0.000002
4.036999 0.000000 0.000000 0.000007
4.037086 0.000001 0.000002 0.000002
4.037055 0.000000 0.000001 0.000004
4.037058 0.000000 0.000001 0.000002
4.036975 0.000002 0.000000 0.000003
4.036286 0.000172 0.000086 0.000059
4.036287 0.000172 0.000085 0.000059
4.037249 0.000003 0.000006 0.000003
4.037007 0.000001 0.000000 0.000000
4.036852 0.000005 0.000004 0.000008
4.037429 0.000015 0.000080 0.000003
4.037429 0.000010 0.000075 0.000000
4.037042 0.000004 0.000000 0.000000
4.037083 0.000001 0.000002 0.000001
4.036986 0.000001 0.000137 0.000070
4.036495 0.000074 0.000069 0.000040
4.036710 0.000038 0.000133 0.000005
4.036981 0.000099 0.000000 0.000001
4.037447 0.000096 0.000001 0.000120
4.037011 0.000000 0.000001 0.000002
4.036513 0.000032 0.000044 0.000027
4.036517 0.000031 0.000055 0.000025
4.037008 0.000001 0.000001 0.000001
4.036732 0.000062 0.000034 0.000039
4.036843 0.000022 0.000054 0.000027
4.036963 0.000001 0.000036 0.000008
4.036979 0.000011 0.000038 0.000053
4.036887 0.000062 0.000085 0.000043
4.037050 0.000005 0.000012 0.000006
4.036754 0.000049 0.000071 0.000016
4.036754 0.000049 0.000071 0.000016
4.036981 0.000001 0.000001 0.000002
4.036943 0.000001 0.000003 0.000002
4.037048 0.000000 0.000001 0.000000
4.037072 0.000001 0.000001 0.000001
4.037049 0.000000 0.000001 0.000001
4.036991 0.000000 0.000001 0.000003
4.037041 0.000000 0.000001 0.000001
4.037050 0.000000 0.000001 0.000002
4.037021 0.000000 0.000000 0.000001
4.037058 0.000002 0.000001 0.000001
4.037020 0.000000 0.000000 0.000000
4.037062 0.000006 0.000000 0.000000
4.036875 0.000034 0.000062 0.000021
4.036881 0.000034 0.000062 0.000022
4.037002 0.000011 0.000014 0.000004
4.037000 0.000011 0.000012 0.000005
4.037006 0.000000 0.000000 0.000001
4.036984 0.000001 0.000001 0.000002
4.036962 0.000001 0.000001 0.000003
4.037027 0.000002 0.000018 0.000004
4.037069 0.000006 0.000018 0.000001
4.036999 0.000000 0.000001 0.000002
4.037031 0.000000 0.000000 0.000000
4.036752 0.000036 0.000043 0.000057
4.036924 0.000045 0.000021 0.000061
4.036763 0.000080 0.000137 0.000002
4.036988 0.000013 0.000071 0.000020
4.037011 0.000025 0.000074 0.000003
4.037023 0.000012 0.000070 0.000018
4.037085 0.000033 0.000079 0.000005
4.037058 0.000005 0.000015 0.000012
4.037024 0.000003 0.000016 0.000004
4.037019 0.000002 0.000016 0.000004
4.036994 0.000007 0.000014 0.000001
4.036999 0.000007 0.000009 0.000001
4.036986 0.000001 0.000001 0.000001
4.037032 0.000000 0.000000 0.000000
4.037027 0.000001 0.000048 0.000016
4.037058 0.000004 0.000044 0.000010
4.037009 0.000020 0.000007 0.000004
4.037043 0.000006 0.000036 0.000012
4.036936 0.000008 0.000053 0.000004
4.037075 0.000008 0.000054 0.000002
4.037131 0.000021 0.000001 0.000019
4.037015 0.000001 0.000029 0.000009
4.036999 0.000001 0.000000 0.000000
4.036978 0.000003 0.000001 0.000003
4.036992 0.000003 0.000010 0.000002
4.037051 0.000003 0.000010 0.000002
4.036983 0.000003 0.000008 0.000002
4.037029 0.000001 0.000000 0.000000
4.037012 0.000001 0.000000 0.000000
4.037004 0.000000 0.000005 0.000004
4.036979 0.000002 0.000029 0.000018
4.036931 0.000014 0.000012 0.000011
4.036957 0.000019 0.000012 0.000007
4.037010 0.000002 0.000032 0.000016
4.037042 0.000002 0.000017 0.000004
4.037067 0.000013 0.000012 0.000010
4.037025 0.000002 0.000000 0.000000
4.036953 0.000007 0.000006 0.000000
4.036948 0.000006 0.000006 0.000001
4.036975 0.000019 0.000018 0.000018
4.036975 0.000019 0.000018 0.000018
4.036993 0.000004 0.000000 0.000005
4.037017 0.000002 0.000021 0.000006
4.037021 0.000004 0.000001 0.000001
4.036964 0.000007 0.000001 0.000006
4.037005 0.000002 0.000016 0.000006
4.037022 0.000003 0.000002 0.000007
4.037034 0.000006 0.000000 0.000005
4.037020 0.000004 0.000001 0.000002
4.036988 0.000001 0.000001 0.000002
4.036987 0.000001 0.000001 0.000002
4.036999 0.000001 0.000004 0.000003
4.037007 0.000003 0.000004 0.000002
4.037017 0.000000 0.000001 0.000000
4.037013 0.000000 0.000004 0.000002
4.036991 0.000002 0.000005 0.000004
4.037019 0.000001 0.000009 0.000003
4.037015 0.000001 0.000004 0.000004
4.037007 0.000001 0.000004 0.000003
4.037022 0.000000 0.000001 0.000001
4.037015 0.000000 0.000008 0.000004
4.037017 0.000000 0.000008 0.000004
4.036996 0.000002 0.000003 0.000001
4.037015 0.000000 0.000002 0.000002
4.036996 0.000001 0.000003 0.000001
4.037019 0.000000 0.000001 0.000001
4.037017 0.000000 0.000002 0.000001
4.037002 0.000000 0.000004 0.000001
4.037019 0.000000 0.000003 0.000001
4.037019 0.000001 0.000000 0.000001
4.037021 0.000001 0.000000 0.000000
4.037019 0.000000 0.000001 0.000001
4.037018 0.000000 0.000001 0.000001
4.036996 0.000002 0.000004 0.000002
4.037026 0.000000 0.000000 0.000000
4.037040 0.000002 0.000000 0.000000
4.037015 0.000000 0.000000 0.000000
4.037044 0.000000 0.000001 0.000000
4.037015 0.000000 0.000000 0.000001
4.036998 0.000003 0.000000 0.000001
4.037005 0.000000 0.000001 0.000000
4.037019 0.000000 0.000006 0.000002
4.037018 0.000000 0.000007 0.000002
4.037051 0.000001 0.000001 0.000001
4.037012 0.000000 0.000000 0.000000
4.037009 0.000000 0.000000 0.000000
4.036998 0.000000 0.000001 0.000000
4.037002 0.000000 0.000001 0.000001
4.037024 0.000000 0.000000 0.000000
4.037006 0.000001 0.000000 0.000000
4.037021 0.000000 -0.000000 0.000000
4.037007 0.000000 0.000000 0.000001
4.037020 0.000000 0.000000 0.000000
4.037009 0.000000 0.000000 0.000000
4.037007 0.000000 0.000000 0.000000
4.037000 0.000000 0.000001 0.000000
4.037000 0.000001 0.000000 0.000000
4.037015 0.000000 0.000000 0.000000
4.037005 0.000001 0.000000 0.000000
4.037013 0.000000 0.000000 0.000000
4.037005 0.000000 0.000001 0.000000
4.037012 0.000000 0.000000 0.000000
4.037007 0.000000 0.000000 0.000000
4.037005 0.000000 0.000000 0.000000
4.037002 0.000000 0.000001 0.000000
4.037003 0.000000 0.000001 0.000000
4.037010 0.000000 0.000000 0.000000
4.037001 0.000000 0.000001 0.000000
4.036963 0.000001 0.000002 0.000000
4.036989 0.000003 0.000003 0.000004
4.036987 0.000003 0.000003 0.000004
4.037005 0.000000 0.000000 0.000001
4.037002 0.000000 0.000001 0.000001
4.037005 0.000000 0.000000 0.000000
4.037004 0.000001 -0.000000 0.000001
4.036984 0.000003 0.000001 0.000001
4.036991 0.000002 0.000001 0.000002
4.037004 0.000000 0.000006 0.000003
4.037003 0.000001 0.000004 0.000002
4.037001 0.000002 0.000005 0.000002
4.037011 0.000002 0.000002 0.000001
4.037009 0.000000 0.000001 0.000000
4.037002 0.000000 0.000000 0.000000
4.036994 0.000001 0.000000 0.000001
4.036999 0.000001 0.000000 0.000001
4.037008 0.000000 0.000000 0.000001
4.037007 0.000000 0.000000 0.000000
4.037004 0.000000 0.000001 0.000001
4.037006 0.000000 0.000000 -0.000000
4.036989 0.000002 0.000001 0.000002
4.036998 0.000002 0.000001 0.000002
4.036999 0.000001 0.000005 0.000000
4.037000 0.000002 0.000000 0.000001
4.037002 0.000000 0.000006 0.000003
4.036996 0.000001 0.000009 0.000002
4.037000 0.000001 0.000007 0.000002
4.037016 0.000002 0.000002 0.000002
4.036985 0.000002 0.000002 0.000003
4.036985 0.000002 0.000002 0.000003
4.036993 0.000001 0.000001 0.000001
4.036997 0.000001 0.000003 0.000002
4.037003 0.000000 0.000000 0.000000
4.037002 0.000000 0.000000 -0.000000
4.037001 0.000000 0.000001 0.000000
4.037005 0.000000 0.000000 0.000000
4.037003 0.000000 0.000001 0.000000
4.037004 0.000000 0.000000 0.000000
4.036996 0.000000 0.000002 0.000000
4.037001 0.000000 0.000002 0.000000
4.037001 0.000000 0.000000 0.000000
4.036996 0.000001 0.000001 0.000001
4.037001 0.000001 0.000000 0.000001
4.037006 0.000001 0.000002 0.000000
4.037008 0.000000 0.000002 0.000000
4.037000 0.000001 0.000000 0.000000
4.037004 0.000000 0.000000 0.000000
4.036987 0.000002 0.000004 0.000000
4.037000 0.000000 0.000001 0.000000
4.036995 0.000001 0.000002 0.000001
4.037001 0.000001 0.000003 0.000000
4.037005 0.000000 0.000005 0.000004
4.037001 0.000001 0.000009 0.000002
4.037009 0.000002 0.000001 0.000001
4.037003 0.000001 0.000001 0.000000
4.036982 0.000002 0.000005 0.000000
4.036982 0.000002 0.000005 0.000000
4.037003 0.000001 0.000000 0.000001
4.037004 0.000001 0.000000 0.000000
4.037001 0.000000 0.000000 0.000000
4.036999 0.000000 0.000000 0.000000
4.036995 0.000000 0.000001 0.000002
4.036989 0.000001 0.000001 0.000000
4.036998 0.000000 0.000000 0.000001
4.036999 0.000000 0.000000 0.000001
4.036999 0.000001 0.000000 0.000000
4.037002 0.000000 0.000000 0.000000
4.037000 0.000001 0.000000 0.000000
4.037002 0.000000 0.000000 0.000000
4.036997 0.000000 0.000001 0.000001
4.036999 0.000000 0.000002 0.000001
4.036999 0.000000 0.000003 0.000002
4.037003 0.000000 0.000002 0.000001
4.037005 0.000000 0.000000 0.000001
4.037005 0.000001 0.000002 0.000001
4.036990 0.000001 0.000000 0.000001
4.036998 0.000001 0.000000 0.000000
4.036990 0.000001 0.000000 0.000001
4.036991 0.000001 0.000001 0.000001
4.037005 0.000000 0.000004 0.000002
4.037005 0.000000 0.000004 0.000002
4.037000 0.000001 0.000001 0.000000
4.036997 0.000001 0.000001 0.000001
4.037002 0.000000 0.000000 0.000001
4.036996 0.000001 0.000000 0.000001
4.037001 0.000000 0.000001 0.000002
4.036999 0.000000 0.000001 0.000000
4.037000 0.000000 0.000001 0.000000
4.036996 0.000001 0.000002 0.000000
4.036998 0.000001 0.000001 0.000000
4.036997 0.000001 0.000002 0.000000
4.036998 0.000000 0.000003 0.000001
4.036999 0.000001 0.000001 0.000000
4.037000 0.000000 0.000000 -0.000000
4.037001 0.000000 0.000000 0.000000
4.036997 0.000000 0.000001 0.000000
4.036994 0.000001 0.000002 0.000000
4.036992 0.000002 0.000001 0.000001
4.036992 0.000002 0.000002 0.000001
4.036994 0.000001 0.000001 0.000000
4.036999 0.000000 0.000000 0.000000
4.037000 0.000001 0.000000 0.000000
4.037000 0.000000 0.000000 0.000000
4.036998 0.000000 0.000000 0.000000
4.036997 0.000000 0.000000 0.000001
4.036998 0.000000 0.000000 0.000001
4.037000 0.000000 0.000000 0.000000
4.036999 0.000000 0.000000 0.000000
4.036998 0.000000 0.000000 0.000000
4.036997 0.000000 -0.000000 0.000001
4.036999 0.000000 0.000000 0.000000
4.036998 0.000000 0.000000 0.000000
4.036998 0.000000 0.000000 0.000000
4.036998 0.000001 0.000000 0.000000
4.036998 0.000000 0.000000 0.000000
4.036997 0.000000 0.000000 0.000000
4.036995 0.000000 0.000001 0.000001
4.036997 0.000000 0.000000 0.000000
4.036997 0.000000 0.000000 0.000001
4.036998 0.000000 0.000000 0.000000
4.036992 0.000001 0.000001 0.000001
4.036996 0.000001 0.000000 0.000000
4.036991 0.000002 0.000003 0.000001
4.036978 0.000001 0.000001 0.000002
4.036978 0.000001 0.000001 0.000002
4.036992 0.000001 0.000006 0.000005
4.036992 0.000001 0.000007 0.000000
4.037000 0.000000 0.000000 0.000000
4.037003 0.000001 0.000001 0.000001
4.036996 0.000001 0.000000 0.000000
4.036996 0.000001 0.000006 0.000003
4.036995 0.000001 0.000006 0.000003
4.036996 0.000001 0.000000 0.000000
4.036996 0.000000 0.000000 0.000000
4.036999 0.000001 0.000002 0.000002
4.036979 0.000001 0.000001 0.000001
4.036992 0.000000 0.000000 0.000000
4.036980 0.000000 0.000001 0.000002
4.037005 0.000000 0.000000 0.000000
4.037000 0.000000 0.000002 0.000001
4.036994 0.000000 0.000000 0.000000
4.036983 0.000002 0.000007 0.000002
4.036968 0.000002 0.000010 0.000006
4.036972 0.000002 0.000023 0.000004
4.036987 0.000001 0.000005 0.000012
4.036989 0.000002 0.000002 0.000002
4.036999 0.000001 0.000006 0.000008
4.036992 0.000003 0.000007 0.000008
4.036993 0.000000 0.000001 0.000000
4.036998 0.000000 0.000001 0.000001
4.037012 0.000000 0.000000 0.000000
4.037004 0.000001 0.000001 0.000000
4.036962 0.000001 0.000010 0.000001
4.036963 0.000001 0.000009 0.000002
4.036992 0.000000 0.000000 0.000000
4.036969 0.000003 0.000002 0.000004
4.036977 0.000000 0.000003 0.000002
4.036987 0.000000 0.000007 0.000002
4.036992 0.000002 0.000002 0.000005
4.036993 0.000000 0.000014 0.000007
4.037002 0.000000 0.000004 0.000006
4.036985 0.000001 0.000005 0.000006
4.037013 0.000001 0.000004 0.000005
4.036977 0.000000 0.000004 0.000002
4.036978 0.000000 0.000000 0.000001
4.036932 0.000000 0.000004 0.000006
4.036998 0.000001 0.000001 0.000000
4.036983 0.000000 0.000007 0.000000
4.036991 0.000000 0.000000 0.000000
4.036989 0.000000 0.000000 0.000000
4.036980 0.000000 0.000000 0.000001
4.036970 0.000001 0.000004 0.000001
4.036936 0.000000 0.000004 0.000002
4.036937 0.000000 0.000005 0.000002
4.036987 0.000000 0.000000 0.000001
4.036994 0.000000 0.000000 0.000000
4.036946 0.000009 0.000004 0.000001
4.036989 0.000006 0.000010 0.000014
4.036999 0.000001 0.000000 0.000002
4.036973 0.000003 0.000013 0.000006
4.036973 0.000003 0.000000 0.000003
4.036983 0.000003 0.000001 0.000000
4.037008 0.000002 0.000015 0.000001
4.036994 0.000001 0.000002 0.000000
4.036943 0.000005 0.000005 0.000001
4.036943 0.000005 0.000004 0.000000
4.036978 0.000000 0.000001 0.000001
4.036989 0.000000 0.000000 0.000000
4.036989 0.000000 0.000002 0.000000
4.036963 0.000002 0.000001 0.000001
4.036985 0.000000 0.000007 0.000003
4.036996 0.000000 0.000003 0.000001
4.036998 0.000001 0.000000 0.000003
4.036984 0.000003 0.000000 0.000000
4.036993 0.000001 0.000000 0.000001
4.036985 0.000000 0.000001 0.000000
4.036964 0.000002 0.000002 0.000004
4.036964 0.000002 0.000004 0.000004
4.036977 0.000003 0.000001 0.000000
4.036987 0.000000 0.000000 0.000000
4.036983 0.000000 0.000001 0.000000
4.036982 0.000001 0.000001 0.000001
4.036981 0.000000 0.000001 0.000001
4.036959 0.000001 0.000002 0.000004
4.036987 0.000000 0.000000 0.000000
4.036972 0.000001 0.000003 0.000003
4.036975 0.000002 0.000002 0.000003
4.036978 0.000001 0.000003 0.000004
4.036986 0.000000 0.000004 0.000001
4.036986 0.000002 0.000000 0.000000
4.036984 0.000000 0.000004 0.000000
4.036985 0.000000 0.000008 0.000001
4.036987 0.000000 0.000000 0.000000
4.036974 0.000001 0.000002 0.000001
4.036978 0.000001 0.000002 0.000002
4.036984 0.000000 0.000001 0.000000
4.036990 0.000000 0.000000 0.000000
4.036986 0.000000 0.000000 0.000000
4.036983 0.000000 0.000001 0.000000
4.036968 0.000001 0.000001 0.000000
4.036980 0.000001 0.000000 0.000000
4.036985 0.000000 0.000000 0.000000
4.036983 0.000000 0.000001 0.000000
4.036984 0.000000 0.000001 0.000000
4.036988 0.000000 0.000000 -0.000000
4.036985 0.000000 0.000001 0.000000
4.036987 0.000000 0.000000 0.000000
4.036982 0.000000 0.000001 0.000001
4.036982 0.000001 0.000002 0.000000
4.036974 0.000000 0.000001 0.000001
4.036986 0.000000 0.000000 0.000000
4.036979 0.000000 0.000001 0.000000
4.036983 0.000004 0.000003 0.000000
4.036985 0.000000 0.000004 0.000000
4.036986 0.000000 0.000006 0.000004
4.036972 0.000005 0.000002 0.000002
4.036974 0.000004 0.000004 0.000000
4.036983 0.000005 0.000003 0.000003
4.036989 0.000000 0.000001 0.000000
4.036980 0.000001 0.000000 0.000000
4.036971 0.000003 0.000003 0.000002
4.036985 0.000000 0.000001 0.000000
4.036987 0.000000 0.000000 0.000000
4.036986 0.000000 0.000002 0.000000
4.036988 0.000001 0.000003 0.000002
4.036979 0.000001 0.000004 0.000001
4.036981 0.000001 0.000001 0.000000
4.036985 0.000002 0.000001 0.000000
4.036985 0.000002 0.000001 0.000000
4.036971 0.000002 0.000000 0.000002
4.036985 0.000000 0.000000 0.000000
4.036974 0.000000 0.000000 0.000003
4.036982 0.000003 0.000002 0.000000
4.036982 0.000003 0.000002 0.000000
4.036984 0.000001 0.000001 0.000001
4.036985 0.000000 0.000000 0.000000
4.036984 0.000000 0.000001 0.000000
4.036986 0.000000 0.000000 0.000000
4.036985 0.000000 0.000000 0.000000
4.036984 0.000000 0.000000 0.000000
4.036983 0.000000 0.000000 0.000001
4.036983 0.000000 0.000000 0.000001
4.036985 0.000000 0.000000 0.000000
4.036984 0.000000 0.000000 0.000000
4.036985 0.000000 0.000000 0.000000
4.036985 0.000000 0.000000 0.000000
4.036982 0.000001 0.000000 0.000001
4.036984 0.000000 0.000002 0.000001
4.036976 0.000000 0.000003 0.000002
4.036976 0.000000 0.000003 0.000003
4.036985 -0.000000 0.000000 0.000000
4.036980 0.000000 0.000000 0.000001
4.036980 0.000001 0.000001 0.000001
4.036981 0.000000 0.000002 0.000000
4.036979 0.000001 0.000001 0.000002
4.036983 0.000002 0.000000 0.000000
4.036972 0.000001 0.000002 0.000002
4.036984 0.000001 0.000001 0.000001
4.036990 0.000001 0.000001 0.000001
4.036977 0.000001 0.000002 0.000001
4.036979 0.000000 0.000001 0.000000
4.036979 0.000000 0.000001 0.000000
4.036981 0.000000 0.000001 0.000001
4.036983 0.000000 0.000000 0.000000
4.036981 0.000000 0.000002 0.000001
4.036969 0.000001 0.000001 0.000003
4.036969 0.000002 0.000001 0.000003
4.036978 0.000000 0.000002 0.000001
4.036978 0.000000 0.000002 0.000001
4.036984 0.000000 0.000000 0.000000
4.036983 0.000000 0.000000 0.000000
4.036983 0.000000 0.000000 0.000001
4.036984 0.000000 0.000000 0.000000
4.036983 0.000000 0.000000 0.000001
4.036984 0.000000 0.000000 0.000000
4.036983 0.000000 0.000001 0.000000
4.036984 0.000001 0.000000 0.000000
4.036978 0.000001 0.000000 0.000001
4.036983 0.000000 0.000001 0.000000
4.036982 0.000000 -0.000000 0.000001
4.036981 0.000001 0.000000 0.000001
4.036975 0.000001 0.000001 0.000001
4.036984 0.000000 0.000000 0.000000
4.036975 0.000001 0.000001 0.000002
4.036977 0.000002 0.000002 0.000001
4.036981 0.000001 0.000001 0.000001
4.036983 0.000001 0.000000 0.000000
4.036985 0.000000 0.000000 0.000000
4.036983 0.000000 0.000000 0.000001
4.036985 0.000000 0.000000 0.000000
4.036981 0.000001 0.000000 0.000001
4.036977 0.000001 0.000001 0.000001
4.036979 0.000000 0.000000 0.000001
4.036984 0.000001 0.000000 0.000000
4.036983 0.000000 0.000000 0.000000
4.036983 0.000000 0.000000 0.000000
4.036983 0.000000 0.000000 0.000000
4.036982 0.000000 0.000001 0.000001
4.036984 0.000000 0.000000 0.000000
4.036984 0.000000 0.000000 0.000000
4.036983 0.000000 0.000000 0.000000
4.036983 0.000000 0.000000 0.000000
4.036984 0.000000 0.000000 0.000000
4.036978 0.000000 0.000000 0.000001
4.036982 0.000000 0.000000 0.000001
4.036978 0.000000 0.000001 0.000001
4.036984 0.000000 0.000000 0.000000
4.036982 0.000000 0.000000 0.000001
4.036983 -0.000000 0.000000 0.000001
4.036983 0.000000 0.000000 0.000001
4.036983 0.000000 0.000000 0.000000
4.036984 0.000000 0.000000 0.000000
4.036984 0.000000 0.000000 0.000000
4.036984 0.000000 0.000000 0.000000
4.036983 0.000000 0.000000 0.000000
4.036983 0.000000 0.000000 0.000000
4.036978 0.000000 0.000001 0.000001
4.036978 0.000000 0.000000 0.000001
4.036983 0.000000 0.000000 0.000000
4.036983 0.000000 0.000000 0.000000
4.036983 0.000000 0.000000 0.000000
4.036984 0.000000 0.000000 0.000000
4.036983 -0.000000 0.000000 0.000000
4.036984 0.000000 0.000000 0.000000
4.036978 0.000000 0.000000 0.000001
4.036978 0.000000 0.000000 0.000001
4.036983 0.000000 0.000000 0.000000
4.036983 0.000000 0.000000 0.000000
4.036983 0.000000 0.000000 0.000000
4.036983 0.000000 0.000000 0.000000
4.036984 0.000000 0.000000 0.000000
4.036984 0.000000 0.000000 0.000000
4.036983 0.000000 0.000000 0.000000
4.036984 0.000000 0.000000 0.000000
4.036978 0.000000 0.000000 0.000001
4.036978 0.000000 0.000000 0.000001
4.036983 -0.000000 0.000000 0.000000
4.036983 0.000000 0.000000 0.000000
4.036983 0.000000 0.000000 0.000000
4.036983 0.000000 0.000000 0.000000
4.036983 0.000000 0.000000 0.000000
4.036983 0.000000 0.000000 0.000000
4.036983 0.000000 0.000000 0.000000
4.036984 0.000000 0.000000 0.000000
4.036978 0.000000 0.000001 0.000001
4.036978 0.000000 0.000000 0.000001
4.036983 0.000000 0.000000 0.000000
4.036984 0.000000 0.000000 0.000000
4.036983 0.000000 0.000000 0.000000
4.036983 0.000000 0.000000 0.000000
4.036983 0.000000 0.000000 0.000000
4.036983 0.000000 0.000000 0.000000
4.036983 0.000000 0.000000 0.000000
4.036984 0.000000 0.000000 0.000000
4.036984 0.000000 0.000000 0.000000
4.036978 0.000000 0.000000 0.000001
4.036978 0.000000 0.000000 0.000001
4.036983 0.000000 0.000000 0.000000
4.036984 0.000000 0.000000 0.000000
4.036983 0.000000 0.000000 0.000000
4.036983 0.000000 0.000000 0.000000
4.036983 0.000000 0.000000 0.000000
4.036983 0.000000 0.000000 0.000000
4.036983 0.000000 0.000000 0.000000
4.036984 0.000000 0.000000 0.000000
4.036978 0.000000 0.000000 0.000001
4.036978 0.000000 0.000000 0.000001
4.036983 0.000000 0.000000 0.000000
4.036984 0.000000 0.000000 0.000000
4.036983 0.000000 0.000000 0.000000
4.036983 0.000000 0.000000 0.000000
4.036983 0.000000 0.000000 0.000000
4.036983 0.000000 0.000000 0.000000
4.036983 0.000000 0.000000 0.000000
4.036983 0.000000 0.000000 0.000000
4.036978 0.000000 0.000000 0.000001
4.036978 0.000000 0.000000 0.000001
4.036983 0.000000 0.000000 0.000000
4.036983 0.000000 0.000000 0.000000
4.036983 0.000000 0.000000 0.000000
4.036983 0.000000 0.000000 0.000000
4.036983 0.000000 0.000000 0.000000
4.036983 0.000000 0.000000 0.000000
4.036983 0.000000 0.000000 0.000000
4.036983 0.000000 0.000000 0.000000
4.036978 0.000000 0.000000 0.000001
4.036978 0.000000 0.000000 0.000001
4.036983 0.000000 0.000000 0.000000
4.036983 0.000000 0.000000 0.000000
4.036983 0.000000 0.000000 0.000000
4.036983 0.000000 0.000000 0.000000
4.036983 0.000000 0.000000 0.000000
4.036983 0.000000 0.000000 0.000000
4.036983 0.000000 0.000000 0.000000
4.036983 0.000000 0.000000 0.000000
4.036978 0.000000 0.000000 0.000001
4.036978 0.000000 0.000000 0.000001
4.036983 0.000000 0.000000 0.000000
4.036983 0.000000 0.000000 0.000000
4.036983 0.000000 0.000000 0.000000
4.036983 0.000000 0.000000 0.000000
4.036983 0.000000 0.000000 0.000000
4.036983 0.000000 0.000000 0.000000
4.036983 0.000000 0.000000 0.000000
4.036983 0.000000 0.000000 0.000000
4.036978 0.000000 0.000000 0.000001
4.036978 0.000000 0.000000 0.000001
4.036983 0.000000 0.000000 0.000000
4.036983 0.000000 0.000000 0.000000
4.036983 0.000000 0.000000 0.000000
4.036983 0.000000 0.000000 0.000000
4.036983 0.000000 0.000000 0.000000
4.036983 0.000000 0.000000 0.000000
4.036983 0.000000 0.000000 0.000000
4.036983 0.000000 0.000000 0.000000
4.036978 0.000000 0.000000 0.000001
4.036978 0.000000 0.000000 0.000001
4.036983 0.000000 0.000000 0.000000
4.036983 0.000000 0.000000 0.000000
4.036983 0.000000 0.000000 0.000000
4.036983 0.000000 0.000000 0.000000
4.036983 0.000000 0.000000 0.000000
4.036983 0.000000 0.000000 0.000000
4.036983 0.000000 0.000000 0.000000
4.036983 0.000000 0.000000 0.000000
4.036978 0.000000 0.000000 0.000001
4.036978 0.000000 0.000000 0.000001
4.036983 0.000000 0.000000 0.000000
4.036983 0.000000 0.000000 0.000000
4.036983 0.000000 0.000000 0.000000
4.036983 0.000000 0.000000 0.000000
4.036983 0.000000 0.000000 0.000000
4.036983 0.000000 0.000000 0.000000
4.036983 0.000000 0.000000 0.000000
4.036983 0.000000 0.000000 0.000000
4.036978 0.000000 0.000000 0.000001
4.036978 0.000000 0.000000 0.000001
4.036983 0.000000 0.000000 0.000000
4.036983 0.000000 0.000000 0.000000
4.036983 0.000000 0.000000 0.000000
4.036983 0.000000 0.000000 0.000000
4.036983 0.000000 0.000000 0.000000
4.036983 0.000000 0.000000 0.000000
4.036983 0.000000 0.000000 0.000000
4.036983 0.000000 0.000000 0.000000
4.036978 0.000000 0.000000 0.000001
4.036978 0.000000 0.000000 0.000001
4.036983 0.000000 0.000000 0.000000
4.036983 0.000000 0.000000 0.000000
4.036983 0.000000 0.000000 0.000000
4.036983 0.000000 0.000000 0.000000
4.036983 0.000000 0.000000 0.000000
4.036983 0.000000 0.000000 0.000000
4.036983 0.000000 0.000000 0.000000
4.036983 0.000000 0.000000 0.000000
4.036978 0.000000 0.000000 0.000001
4.036978 0.000000 0.000000 0.000001
4.036983 0.000000 0.000000 0.000000
4.036983 0.000000 0.000000 0.000000
4.036983 0.000000 0.000000 0.000000
4.036983 0.000000 0.000000 0.000000
4.036983 0.000000 0.000000 0.000000
4.036983 0.000000 0.000000 0.000000
4.036983 0.000000 0.000000 0.000000
4.036983 0.000000 0.000000 0.000000
4.036978 0.000000 0.000000 0.000001
4.036978 0.000000 0.000000 0.000001
4.036983 0.000000 0.000000 0.000000
4.036983 0.000000 0.000000 0.000000
4.036983 0.000000 0.000000 0.000000
4.036983 0.000000 0.000000 0.000000
4.036983 0.000000 0.000000 0.000000
4.036983 0.000000 0.000000 0.000000
4.036983 0.000000 0.000000 0.000000
4.036978 0.000000 0.000000 0.000001
4.036978 0.000000 0.000000 0.000001
4.036983 0.000000 0.000000 0.000000
4.036983 0.000000 0.000000 0.000000
4.036983 0.000000 0.000000 0.000000
4.036983 0.000000 0.000000 0.000000
4.036983 0.000000 0.000000 0.000000
4.036983 0.000000 0.000000 0.000000
4.036978 0.000000 0.000000 0.000001
4.036978 0.000000 0.000000 0.000001
4.036983 0.000000 0.000000 0.000000
4.036983 0.000000 0.000000 0.000000
4.036983 0.000000 0.000000 0.000000
4.036983 0.000000 0.000000 0.000000
4.036983 0.000000 0.000000 0.000000
4.036983 0.000000 0.000000 0.000000
