-5.000000 16.000000 7.000000
-4.000020 7.000000 0.000000
-1.000080 8.000000 9.000000
-5.000030 16.000000 7.000000
-6.000040 27.000000 16.000000
-3.000050 0.000000 5.000000
-0.000140 9.000000 8.000000
0.999940 8.000000 5.000000
-3.000000 0.000000 5.000000
-7.999980 55.000000 40.000000
-1.000040 8.000000 9.000000
-8.000040 55.000000 40.000000
-4.000120 7.000000 0.000000
-1.000090 8.000000 9.000000
1.000050 8.000000 5.000000
-5.000050 16.000000 7.000000
-3.000090 0.000000 5.000000
-3.000050 0.000000 5.000000
-1.000010 8.000000 9.000000
-2.000070 5.000000 8.000000
-4.000030 7.000000 0.000000
-4.000050 7.000000 0.000000
-3.000060 0.000000 5.000000
-3.000040 0.000000 5.000000
-2.000050 5.000000 8.000000
-2.000073 5.000000 8.000000
-3.500033 3.250000 2.750000
-3.329966 2.088900 3.571100
-3.499903 3.250000 2.750000
-3.550033 3.602500 2.497500
-3.919971 6.366400 0.473600
-3.230030 1.432900 4.027100
-3.159987 0.985600 4.334400
-3.450021 2.902500 2.997500
-3.619983 4.104400 2.135600
-3.330018 2.088900 3.571100
-3.239970 1.497600 3.982400
-3.309986 1.956100 3.663900
-3.199959 1.240000 4.160000
-3.390006 2.492100 3.287900
-3.390007 2.492100 3.287900
-3.409967 2.628100 3.191900
-3.460021 2.971600 2.948400
-3.359979 2.289600 3.430400
-3.350028 2.222500 3.477500
-3.370013 2.356900 3.383100
-3.359991 2.289600 3.430400
-3.339983 2.155600 3.524400
-3.380000 2.424400 3.335600
-3.380003 2.424400 3.335600
-3.390031 2.492100 3.287900
-3.369992 2.356900 3.383100
-3.370000 2.356900 3.383100
-3.360003 2.289600 3.430400
-3.380001 2.424400 3.335600
-3.400113 2.560000 3.240000
-3.360003 2.289600 3.430400
-3.379993 2.424400 3.335600
-2.870013 0.763100 5.503100
-3.350023 2.222500 3.477500
-3.190023 1.176100 4.203900
-4.069993 7.564900 0.424900
-3.400112 2.560000 3.240000
-3.570007 3.744900 2.395100
-3.290010 1.824100 3.755900
-3.250006 1.562500 3.937500
-3.370027 2.356900 3.383100
-3.460011 2.971600 2.948400
-3.270011 1.692900 3.847100
-3.380015 2.424400 3.335600
-3.370013 2.356900 3.383100
-3.360017 2.289600 3.430400
-3.375004 2.390625 3.359375
-3.365013 2.323225 3.406775
-3.372506 2.373756 3.371244
-3.371699 2.368361 3.375039
-3.372812 2.375780 3.369820
-3.374699 2.388600 3.360800
-3.371209 2.364989 3.377411
-3.373503 2.380502 3.366498
-3.371808 2.369035 3.374565
-3.373018 2.377129 3.368871
-3.372004 2.370384 3.373616
-3.371400 2.366338 3.376462
-3.372509 2.373756 3.371244
-3.382488 2.441306 3.323694
-3.372505 2.373756 3.371244
-3.422508 2.713506 3.131494
-3.472505 3.058256 2.886744
-3.382508 2.441306 3.323694
-3.212504 1.320156 4.104844
-3.379988 2.424400 3.335600
-3.373010 2.377129 3.368871
-3.372306 2.372407 3.372193
-3.372303 2.372407 3.372193
-3.372301 2.372407 3.372193
-3.472305 3.056867 2.887733
-3.282306 1.773493 3.791107
-3.402309 2.575645 3.228955
-3.332303 2.104223 3.560377
-3.371703 2.368361 3.375039
-3.372100 2.371058 3.373142
-3.372202 2.371733 3.372667
-3.372190 2.371733 3.372667
-3.372206 2.371733 3.372667
-3.472202 3.056173 2.888227
-3.342204 2.170301 3.514099
-3.402203 2.574965 3.229435
-3.272197 1.707293 3.837107
-3.371890 2.369710 3.374090
-3.372206 2.371733 3.372667
-3.345801 2.194378 3.497222
-3.384103 2.452133 3.316067
-3.322202 2.037013 3.607387
-3.436701 2.810907 3.062493
-3.372206 2.371733 3.372667
-3.392202 2.507021 3.277379
-3.372501 2.373756 3.371244
-3.372302 2.372407 3.372193
-3.351802 2.234563 3.469037
-3.372004 2.370384 3.373616
-3.372402 2.373082 3.371718
-3.368602 2.347466 3.389734
-3.375802 2.396026 3.355574
-3.382202 2.439277 3.325123
-3.362201 2.304389 3.420011
-3.372103 2.371058 3.373142
-3.372202 2.371733 3.372667
-3.369428 2.353032 3.385820
-3.368427 2.346287 3.390563
-3.377202 2.405480 3.348920
-3.373750 2.382182 3.365316
-3.376141 2.398321 3.353959
-3.371107 2.364349 3.377861
-3.370056 2.357266 3.382842
-3.372827 2.375951 3.369700
-3.373847 2.382832 3.364859
-3.371792 2.368968 3.374612
-3.371436 2.366572 3.376297
-3.372479 2.373606 3.371350
-3.372930 2.376643 3.369213
-3.372077 2.370890 3.373260
-3.371974 2.370197 3.373747
-3.372101 2.371052 3.373146
-3.372393 2.373021 3.371761
-3.372563 2.374172 3.370951
-3.372216 2.371832 3.372598
-3.374202 2.385226 3.363174
-3.373237 2.378714 3.367756
-3.372334 2.372623 3.372041
-3.369035 2.350383 3.387683
-3.372347 2.372715 3.371976
-3.372483 2.373628 3.371334
-3.372488 2.373663 3.371310
-3.372197 2.371704 3.372687
-3.372164 2.371479 3.372846
-3.372292 2.372340 3.372240
-3.372356 2.372774 3.371935
-3.372241 2.371996 3.372482
-3.372317 2.372510 3.372120
-3.372355 2.372765 3.371941
-3.372283 2.372280 3.372282
-3.372184 2.371611 3.372753
-3.372307 2.372440 3.372170
-3.372676 2.374929 3.370419
-3.371878 2.369550 3.374203
-3.374317 2.386004 3.362627
-3.370958 2.363346 3.378566
-3.372115 2.371148 3.373078
-3.372137 2.371295 3.372975
-3.372247 2.372036 3.372454
-3.373317 2.379256 3.367374
-3.372000 2.370373 3.373624
-3.371317 2.365767 3.376864
-3.372634 2.374649 3.370616
-3.372184 2.371615 3.372750
-3.372631 2.374629 3.370630
-3.371817 2.369138 3.374492
-3.372293 2.372347 3.372235
-3.372527 2.373928 3.371123
-3.372239 2.371983 3.372491
-3.372252 2.372074 3.372427
-3.372517 2.373859 3.371171
-3.372326 2.372570 3.372078
-3.372184 2.371611 3.372753
-3.372242 2.372001 3.372479
-3.372324 2.372560 3.372085
-3.372290 2.372330 3.372247
-3.372317 2.372510 3.372120
-3.372356 2.372774 3.371935
-3.372301 2.372404 3.372195
-3.372227 2.371904 3.372547
-3.372417 2.373185 3.371646
-3.372292 2.372342 3.372238
-3.372217 2.371838 3.372593
-3.372420 2.373204 3.371632
-3.372253 2.372079 3.372423
-3.372258 2.372111 3.372401
-3.372302 2.372411 3.372190
-3.372136 2.371290 3.372978
-3.372137 2.371298 3.372973
-3.372272 2.372207 3.372333
-3.372753 2.375452 3.370051
-3.372444 2.373370 3.371516
-3.372341 2.372671 3.372007
-3.371474 2.366825 3.376119
-3.372228 2.371909 3.372543
-3.372295 2.372360 3.372226
-3.372385 2.372967 3.371799
-3.372260 2.372127 3.372390
-3.372453 2.373428 3.371474
-3.371914 2.369795 3.374030
-3.372353 2.372754 3.371949
-3.372237 2.371968 3.372502
-3.372232 2.371940 3.372522
-3.372190 2.371656 3.372721
-3.372424 2.373234 3.371611
-3.372277 2.372240 3.372310
-3.372233 2.371942 3.372520
-3.372203 2.371742 3.372661
-3.372278 2.372247 3.372305
-3.372299 2.372386 3.372208
-3.372258 2.372116 3.372398
-3.372272 2.372209 3.372332
-3.372273 2.372214 3.372328
-3.372333 2.372619 3.372044
-3.372254 2.372087 3.372418
-3.372272 2.372207 3.372334
-3.372323 2.372551 3.372091
-3.372271 2.372199 3.372339
-3.372314 2.372490 3.372134
-3.372184 2.371616 3.372749
-3.372209 2.371782 3.372632
-3.372295 2.372359 3.372226
-3.372275 2.372228 3.372319
-3.372273 2.372212 3.372330
-3.372293 2.372349 3.372234
-3.372275 2.372225 3.372321
-3.372272 2.372204 3.372336
-3.372253 2.372079 3.372424
-3.372224 2.371884 3.372561
-3.372298 2.372385 3.372209
-3.372270 2.372191 3.372345
-3.372283 2.372282 3.372281
-3.372265 2.372159 3.372367
-3.372275 2.372225 3.372321
-3.372282 2.372276 3.372285
-3.372269 2.372188 3.372347
-3.372271 2.372203 3.372337
-3.372278 2.372248 3.372305
-3.372272 2.372204 3.372336
-3.372271 2.372203 3.372337
-3.372258 2.372112 3.372400
-3.372258 2.372115 3.372398
-3.372262 2.372138 3.372382
-3.372271 2.372201 3.372338
-3.372273 2.372217 3.372327
-3.372275 2.372227 3.372319
-3.372273 2.372213 3.372330
-3.372268 2.372180 3.372353
-3.372276 2.372231 3.372317
-3.372274 2.372219 3.372325
-3.372273 2.372216 3.372327
-3.372274 2.372221 3.372324
-3.372271 2.372202 3.372337
-3.372274 2.372220 3.372325
-3.372274 2.372219 3.372325
-3.372273 2.372213 3.372329
-3.372273 2.372217 3.372327
-3.372273 2.372211 3.372331
-3.372273 2.372217 3.372327
-3.372273 2.372210 3.372331
-3.372272 2.372209 3.372332
-3.372273 2.372214 3.372329
-3.372273 2.372216 3.372328
-3.372273 2.372213 3.372329
-3.372273 2.372214 3.372329
-3.372273 2.372215 3.372328
-3.372273 2.372212 3.372330
-3.372273 2.372213 3.372330
-3.372273 2.372214 3.372328
-3.372273 2.372214 3.372329
-3.372273 2.372214 3.372328
-3.372273 2.372215 3.372328
-3.372273 2.372216 3.372327
-3.372273 2.372214 3.372329
-3.372273 2.372214 3.372328
-3.372273 2.372214 3.372328
-3.372273 2.372215 3.372328
-3.372273 2.372214 3.372329
-3.372273 2.372214 3.372328
-3.372273 2.372214 3.372328
-3.372273 2.372214 3.372329
-3.372273 2.372214 3.372328
-3.372273 2.372214 3.372329
-3.372273 2.372214 3.372328
-3.372273 2.372214 3.372328
-3.372273 2.372214 3.372328
-3.372273 2.372214 3.372328
-3.372273 2.372214 3.372328
-3.372273 2.372214 3.372329
-3.372273 2.372214 3.372328
-3.372273 2.372214 3.372328
-3.372273 2.372214 3.372328
-3.372273 2.372214 3.372328
-3.372273 2.372214 3.372328
-3.372273 2.372214 3.372328
-3.372273 2.372214 3.372329
-3.372273 2.372214 3.372328
-3.372273 2.372214 3.372328
-3.372273 2.372214 3.372328
-3.372273 2.372214 3.372328
-3.372273 2.372214 3.372328
-3.372273 2.372214 3.372328
-3.372273 2.372214 3.372328
-3.372273 2.372214 3.372328
-3.372273 2.372214 3.372328
-3.372273 2.372214 3.372328
-3.372273 2.372214 3.372328
-3.372273 2.372214 3.372328
-3.372273 2.372214 3.372328
-3.372273 2.372214 3.372328
-3.372273 2.372214 3.372328
-3.372273 2.372214 3.372328
-3.372273 2.372214 3.372328
-3.372273 2.372214 3.372328
-3.372273 2.372214 3.372328
-3.372273 2.372214 3.372328
-3.372273 2.372214 3.372328
-3.372273 2.372214 3.372328
-3.372273 2.372214 3.372328
-3.372273 2.372214 3.372328
-3.372273 2.372214 3.372328
-3.372273 2.372214 3.372328
-3.372273 2.372214 3.372328
-3.372273 2.372214 3.372328
