1.000000 2.000000
0.000000 1.000000
-3.000000 2.000000
0.000000 3.000000
2.000000 1.000000
-2.000000 7.000000
1.000000 2.000000
0.000000 1.000000
1.000000 -0.000000
4.000000 3.000000
2.000000 1.000000
2.000000 3.000000
0.500000 1.000000
1.500000 0.600000
1.050000 0.950000
0.450000 0.350000
1.200000 0.580000
1.190000 0.210000
0.610000 0.370000
0.000000 1.600000
0.370000 1.050000
1.100000 0.240000
1.070000 0.130000
0.830000 0.110000
1.010000 0.790000
1.055000 0.540000
1.050000 0.133600
1.041800 0.058200
0.908200 0.075400
0.970000 0.370000
1.002500 0.217500
1.020000 0.011600
1.004200 0.044200
0.975800 0.055800
0.991800 0.191800
1.006400 0.110400
1.010000 0.020000
1.005000 0.015000
0.985000 0.005000
1.015800 0.032600
1.012900 0.013400
1.005000 0.014706
1.004853 0.005147
0.990147 0.009559
0.995000 0.035000
0.998750 0.021250
1.002000 0.001044
1.000478 0.004478
0.997522 0.005522
1.000147 0.019853
1.001324 0.013604
1.001000 0.000034
1.000483 0.002483
0.998517 0.002517
1.001522 0.003434
1.001261 0.001456
1.000500 0.000096
1.000202 0.001202
0.999298 0.001298
0.999483 0.002449
0.999862 0.001845
1.000200 0.000135
1.000167 0.000567
0.999633 0.000433
1.000298 0.001106
1.000274 0.000529
1.000100 0.000055
1.000077 0.000277
0.999823 0.000223
1.000033 0.000702
1.000066 0.000385
1.000050 0.000098
1.000024 0.000076
0.999926 0.000022
1.000023 0.000332
1.000036 0.000180
1.000020 0.000043
1.000011 0.000029
0.999969 0.000014
1.000026 0.000174
1.000025 0.000112
1.000010 0.000010
1.000000 0.000020
0.999990 0.000010
1.000009 0.000071
1.000009 0.000046
1.000005 0.000001
1.000002 0.000012
0.999993 0.000013
1.000010 0.000030
1.000007 0.000018
1.000002 0.000001
1.000002 0.000006
0.999996 0.000004
1.000003 0.000011
1.000003 0.000005
1.000001 0.000003
1.000001 0.000001
0.999998 0.000002
1.000000 0.000007
1.000001 0.000004
1.000001 0.000001
1.000000 0.000001
0.999999 0.000000
0.999997 0.000001
0.999994 0.000001
0.999997 0.000001
0.999999 0.000001
1.000000 0.000002
0.999999 0.000004
0.999997 0.000001
0.999998 0.000001
0.999999 0.000000
1.000000 0.000001
0.999999 0.000002
0.999998 0.000000
0.999997 0.000000
0.999998 0.000000
0.999995 0.000000
0.999993 0.000000
0.999993 0.000001
0.999996 0.000000
0.999993 0.000000
0.999990 0.000000
0.999986 0.000000
0.999987 0.000000
0.999980 0.000000
0.999973 0.000000
0.999973 0.000000
0.999960 0.000001
0.999980 0.000000
0.999966 0.000001
0.999976 0.000000
0.999970 0.000000
0.999959 0.000000
0.999926 0.000000
0.999827 0.000002
0.999924 0.000003
0.999926 0.000003
0.999928 0.000002
0.999924 0.000007
0.999924 0.000004
0.999925 0.000002
0.999925 0.000001
0.999927 0.000001
0.999925 0.000001
0.999925 0.000001
0.999926 0.000001
0.999926 0.000001
0.999925 0.000006
0.999925 0.000004
0.999926 0.000000
0.999926 0.000001
0.999925 0.000000
0.999925 0.000000
0.999924 0.000000
0.999924 0.000000
0.999925 0.000000
0.999925 0.000000
0.999921 0.000000
0.999911 0.000001
0.999923 0.000002
0.999922 0.000000
0.999918 0.000000
0.999915 0.000001
0.999917 0.000000
0.999915 0.000000
0.999913 0.000001
0.999919 0.000000
0.999915 0.000000
0.999912 0.000000
0.999909 0.000001
0.999912 0.000000
0.999909 0.000000
0.999906 0.000001
0.999908 0.000001
0.999911 0.000000
0.999908 0.000000
0.999907 0.000000
0.999904 0.000001
0.999910 0.000000
0.999906 0.000000
0.999904 0.000001
0.999908 0.000007
0.999904 0.000000
0.999902 0.000000
0.999896 0.000001
0.999902 0.000011
0.999901 0.000000
0.999898 0.000000
0.999890 0.000000
0.999866 0.000000
0.999793 0.000000
0.999575 0.000001
0.999769 0.000000
0.999708 0.000000
0.999527 0.000001
0.999684 0.000000
0.999630 0.000001
0.999612 0.000001
0.999624 0.000001
0.999733 0.000000
0.999501 0.000817
0.999184 0.000867
0.999691 0.000000
0.999667 0.000000
0.999646 0.000000
0.999584 0.000001
0.999629 0.000000
0.999601 0.000001
0.999577 0.000002
0.999608 0.000001
0.999652 0.000000
0.999129 0.000726
0.999345 0.000117
0.999637 0.000007
0.999623 0.000000
0.999605 0.000000
0.999550 0.000000
0.999387 0.000000
0.998897 0.000002
0.999333 0.000000
0.999196 0.000002
0.999171 0.000000
0.998685 0.000002
0.998954 0.000001
0.999401 0.000000
0.997171 0.002328
0.998843 0.001672
0.999194 0.000007
0.998685 0.000002
0.999117 0.000001
0.999319 0.000001
0.998521 0.000350
0.998171 0.001650
0.999187 0.000013
0.999319 0.000000
0.999058 0.000287
0.998671 0.000590
0.999177 0.000003
0.999157 0.000001
0.999289 0.000000
0.998983 0.000013
0.998971 0.000387
0.999175 0.000004
0.999140 0.000001
0.999275 0.000000
0.999071 0.000074
0.999196 0.000126
0.999146 0.000124
0.999156 0.000001
0.999256 0.000000
0.999121 0.000040
0.999183 0.000053
0.999159 0.000051
0.999152 0.000001
0.999244 0.000000
0.999153 0.000003
0.999191 0.000038
0.999168 0.000040
0.999219 0.000002
0.999213 0.000001
0.999161 0.000006
0.999167 0.000014
0.999185 0.000020
0.999173 0.000009
0.999178 0.000005
0.999166 0.000001
0.999166 0.000008
0.999180 0.000010
0.999181 0.000010
0.999180 0.000008
0.999169 0.000002
0.999171 0.000002
0.999173 0.000000
0.999171 0.000001
0.999167 0.000003
0.999169 0.000001
0.999171 0.000000
0.999170 0.000001
0.999171 0.000002
0.999169 0.000000
0.999167 0.000001
0.999169 0.000000
0.999167 0.000000
0.999165 0.000001
0.999167 0.000001
0.999168 0.000000
0.999166 0.000000
0.999165 0.000000
0.999164 0.000000
0.999161 0.000000
0.999159 0.000000
0.999155 0.000000
0.999152 0.000000
0.999145 0.000000
0.999139 0.000001
0.999156 0.000000
0.999145 0.000000
0.999134 0.000000
0.999124 0.000001
0.999135 0.000001
0.999142 0.000000
0.999132 0.000000
0.999125 -0.000000
0.999117 0.000000
0.999104 0.000001
0.999107 0.000000
0.999094 0.000000
0.999086 0.000000
0.999067 0.000000
0.999043 0.000000
0.999007 0.000000
0.998979 0.000000
0.998922 0.000000
0.998862 0.000000
0.998760 0.000001
0.998778 0.000000
0.998663 0.000001
0.998718 0.000000
0.998616 0.000001
0.998633 0.000000
0.998519 0.000001
0.998574 0.000000
0.998471 0.000001
0.998489 0.000000
0.998375 0.000001
0.998429 0.000000
0.998327 0.000001
0.998345 0.000000
0.998230 0.000001
0.998285 0.000000
0.998183 0.000001
0.998200 0.000000
0.998086 0.000000
0.998026 0.000000
0.997867 0.000000
0.997668 0.000001
0.998131 0.000000
0.997822 0.000000
0.997688 0.000002
0.997821 0.000001
0.997822 0.000001
0.997823 0.000000
0.997823 0.000001
0.997823 0.000001
0.997823 0.000000
0.997822 0.000001
0.997822 0.000000
0.997821 0.000000
0.997820 0.000000
0.997820 0.000000
0.997818 0.000000
0.997816 0.000001
0.997818 0.000001
0.997819 0.000000
0.997817 0.000000
0.997816 0.000000
0.997814 0.000001
0.997818 0.000000
0.997816 0.000000
0.997814 0.000000
0.997812 0.000000
0.997812 0.000000
0.997808 0.000001
0.997814 -0.000000
0.997810 0.000000
0.997805 0.000001
0.997810 0.000001
0.997810 0.000000
0.997808 0.000000
0.997806 0.000001
0.997808 0.000001
0.997809 0.000000
0.997807 0.000000
0.997806 0.000000
0.997804 0.000000
0.997802 0.000001
0.997802 0.000000
0.997799 0.000000
0.997798 0.000000
0.997794 0.000000
0.997789 0.000000
0.997781 0.000000
0.997775 0.000000
0.997763 0.000000
0.997751 -0.000000
0.997729 0.000000
0.997712 0.000000
0.997677 0.000000
0.997643 0.000001
0.997733 0.000000
0.997673 0.000000
0.997660 0.000001
0.997682 0.000001
0.997679 0.000000
0.997671 0.000000
0.997667 0.000002
0.997667 0.000000
0.997662 0.000000
0.997661 0.000000
0.997655 0.000001
0.997651 0.000000
0.997641 0.000000
0.997640 0.000000
0.997629 0.000000
0.997609 0.000000
0.997584 0.000000
0.997571 0.000000
0.997536 0.000001
0.997526 0.000001
0.997603 0.000000
0.997552 0.000000
0.997494 0.000002
0.997539 0.000000
0.997517 0.000001
0.997520 0.000000
0.997494 0.000001
0.997507 0.000000
0.997485 0.000001
0.997488 0.000000
0.997462 0.000000
0.997450 0.000000
0.997415 0.000001
0.997405 0.000001
0.997482 0.000000
0.997431 0.000000
0.997405 0.000001
0.997418 0.000000
0.997396 0.000001
0.997399 0.000000
0.997373 0.000001
0.997386 0.000000
0.997364 0.000001
0.997367 0.000000
0.997341 0.000000
0.997329 0.000000
0.997293 0.000001
0.997284 0.000001
0.997360 0.000000
0.997309 0.000000
0.997251 0.000002
0.997297 0.000000
0.997274 0.000001
0.997277 0.000000
0.997252 0.000000
0.997239 0.000000
0.997204 0.000001
0.997194 0.000001
0.997271 0.000000
0.997220 0.000000
0.997162 0.000002
0.997207 0.000000
0.997185 0.000001
0.997188 0.000000
0.997162 0.000001
0.997175 0.000000
0.997153 0.000001
0.997156 0.000000
0.997130 0.000000
0.997118 0.000000
0.997083 0.000001
0.997073 0.000001
0.997150 0.000000
0.997098 0.000000
0.997040 0.000002
0.997086 0.000000
0.997064 0.000001
0.997066 0.000000
0.997041 0.000000
0.996964 0.000001
0.997022 0.000001
0.997070 0.000000
0.996941 0.000070
0.997071 0.000130
0.997042 0.000000
0.997016 0.000000
0.996991 0.000000
0.996915 0.000000
0.996687 0.000000
0.996005 0.000001
0.996586 0.000000
0.996372 0.000001
0.996283 0.000001
0.996233 0.000001
0.996838 0.000000
0.995586 0.000931
0.996655 0.001069
0.996595 0.000002
0.996283 0.000001
0.996435 0.000000
0.996234 0.000000
0.995630 0.000000
0.993818 0.000002
0.995429 0.000001
0.996184 0.000000
0.993630 0.001396
0.996234 0.002604
0.995046 0.002590
0.993818 0.000002
0.995580 0.000001
0.996070 0.000000
0.994630 0.000769
0.995861 0.001231
0.995638 0.000004
0.995516 0.000000
0.995182 0.000001
0.995174 0.000003
0.995076 0.000000
0.994579 0.000001
0.993756 0.000002
0.994962 0.000000
0.994628 0.000002
0.994620 0.000000
0.993594 0.000000
0.990494 0.000022
0.992694 0.000004
0.994794 0.000018
0.985194 0.001600
0.983594 0.018368
0.993794 0.000184
0.990516 0.000000
0.981316 0.000034
0.988616 0.000022
0.993816 0.000030
0.984416 0.003900
0.980516 0.016082
0.990716 0.000160
0.981282 0.000000
0.953582 0.000002
0.976282 0.000000
0.966682 0.000018
0.961282 0.000000
0.916282 0.000000
0.776282 0.005000
0.886282 0.004200
0.966282 0.000800
0.816282 0.082800
0.936282 0.120000
0.916282 0.001200
0.781282 0.000000
0.371282 0.005000
0.701282 0.000800
0.921282 0.000800
0.701282 0.020000
0.681282 0.180800
0.781282 0.000200
0.376282 0.000000
-0.843718 0.005000
0.166282 0.004200
0.786282 0.000800
0.276282 0.055400
0.336282 0.140000
0.516282 0.195400
-0.838718 0.000000
-4.488718 0.005000
-0.908718 0.030000
-0.938718 0.172800
-0.668718 0.142800
-4.483718 0.000000
-15.423718 0.005000
-4.583718 0.106600
-4.493718 0.090000
-4.373718 0.016600
-15.418718 0.000000
-48.228718 0.005000
-15.518718 0.081600
-15.398718 0.120000
-15.338718 0.038400
-48.223718 0.000000
-146.643718 0.005000
-48.323718 0.000000
-48.623718 0.000000
-49.523718 0.000000
-52.523718 0.300000
-49.523718 0.400000
-49.523718 0.020000
-50.523718 0.740000
-49.523718 1.000000
-52.223718 0.000000
-60.223718 0.100000
-53.223718 0.300000
-52.223718 0.020000
-52.223718 1.000000
-53.223718 1.440000
-60.323718 0.000000
-84.323718 0.300000
-67.323718 0.200000
-63.323718 0.400000
-61.323718 0.620000
-60.323718 1.000000
-59.323718 0.380000
-84.623718 0.000000
-157.623718 0.100000
-85.623718 0.000000
-88.623718 1.000000
-84.623718 1.000000
-86.623718 1.000000
-87.623718 2.000000
-82.623718 1.000000
-88.623718 0.000000
-97.623718 1.000000
-89.623718 1.000000
-87.623718 1.000000
-90.623718 2.000000
-97.623718 0.000000
-124.623718 1.000000
-101.623718 0.000000
-110.623718 1.000000
-113.623718 0.000000
-149.623718 0.000000
-257.623718 0.000000
-581.623718 0.000000
-1553.623718 0.000000
-4469.623718 0.000000
-13217.623718 0.000000
-39461.623718 0.000000
-118193.623718 0.000000
-354389.623718 0.000000
-1062977.623718 0.000000
-3188741.623718 0.000000
-9566033.623718 0.000000
-28697909.623718 0.000000
-86093537.623718 0.000000
-258280421.623718 0.000001
-86443926.623718 49611.000000
-86593537.623718 780310.000000
-85243148.623718 730699.000000
-85943926.623718 829921.000000
-86106329.623718 427364.000000
-86293537.623718 66770.000000
-86226766.623718 333229.000000
-85760308.623718 399999.000000
-86431134.623718 377751.000000
-86193537.623718 22576.000000
-86170961.623718 177424.000000
-85916113.623718 200000.000000
-86026766.623718 266459.000000
-86093459.623718 216536.000000
-86143537.623718 24046.000000
-86125979.623718 72442.000000
-86011095.623718 96488.000000
-86113537.623718 18698.000000
-86092236.623718 21301.000000
-86074838.623718 2603.000000
-86075979.623718 48396.000000
-86092869.623718 42308.000000
-86103537.623718 1476.000000
-86102062.623718 18525.000000
-86075012.623718 20001.000000
-86072236.623718 39999.000000
-86082561.623718 25326.000000
-86098537.623718 3298.000000
-86095666.623718 6129.000000
-86086408.623718 9427.000000
-86092062.623718 17049.000000
-86094931.623718 13156.000000
-86095537.623718 310.000000
-86095228.623718 3691.000000
-86089846.623718 4001.000000
-86096408.623718 2831.000000
-86096223.623718 590.000000
-86094198.623718 339.000000
-86094537.623718 1660.000000
-86091876.623718 1321.000000
-86093846.623718 3381.000000
-86094192.623718 1613.000000
-86093786.623718 151.000000
-86094037.623718 700.000000
-86092788.623718 549.000000
-86093198.623718 1999.000000
-86093533.623718 1084.000000
-86093737.623718 110.000000
-86093628.623718 291.000000
-86093246.623718 401.000000
-86093788.623718 851.000000
-86093788.623718 601.000000
-86093637.623718 74.000000
-86093564.623718 127.000000
-86093410.623718 201.000000
-86093428.623718 181.000000
-86093505.623718 162.000000
-86093582.623718 5.000000
-86093587.623718 86.000000
-86093442.623718 91.000000
-86093610.623718 53.000000
-86093599.623718 8.000000
-86093557.623718 8.000000
-86093549.623718 32.000000
-86093505.623718 40.000000
-86093532.623718 81.000000
-86093546.623718 39.000000
-86093547.623718 10.000000
-86093538.623718 9.000000
-86093526.623718 1.000000
-86093545.623718 24.000000
-86093546.623718 11.000000
-86093542.623718 3.000000
-86093540.623718 7.000000
-86093529.623718 10.000000
-86093528.623718 19.000000
-86093533.623718 12.000000
-86093539.623718 2.000000
-86093538.623718 3.000000
-86093534.623718 5.000000
-86093539.623718 4.000000
-86093539.623718 1.500000
-86093538.623718 0.000000
-86093541.623718 1.000000
-86093537.623718 9.000000
-86093537.623718 5.000000
-86093540.623718 2.000000
-86093538.623718 2.000000
-86093536.623718 0.000000
-86093541.623718 0.000000
-86093550.623718 1.000000
-86093522.623718 9.000000
-86093531.623718 4.000000
-86093543.623718 2.000000
-86093541.623718 2.000000
-86093550.623718 0.000000
-86093577.623718 1.000000
-86093534.623718 8.000000
-86093540.623718 4.000000
-86093552.623718 2.000000
-86093550.623718 2.000000
-86093548.623718 0.000000
-86093577.623718 0.000000
-86093658.623718 1.000000
-86093578.623718 1.000000
-86093579.623718 0.000000
-86093585.623718 0.000000
-86093603.623718 0.000000
-86093657.623718 0.000000
-86093819.623718 0.000000
-86094305.623718 0.000000
-86095763.623718 0.000000
-86100137.623718 0.000000
-86113259.623718 0.000000
-86152625.623718 0.000000
-86270723.623718 0.000000
-86625017.623718 0.000000
-87687899.623718 0.000000
-90876545.623718 0.000000
-100442483.623718 0.000000
-129140297.623718 0.000001
-100575146.623718 67337.000000
-100642483.623718 332662.000000
-100109820.623718 265325.000000
-100509820.623718 399999.000000
-100526152.623718 283164.999999
-100542483.623718 109537.999999
-100452021.623718 90462.000000
-100332945.623718 19076.000000
-100558815.623718 49497.999999
-100489222.623718 6738.999999
-100492483.623718 87391.999999
-100345744.623718 94131.000000
-100352021.623718 200000.000000
-100399637.623718 122614.000000
-100462483.623718 15165.999999
-100437649.623718 24834.000000
-100427317.623718 9667.999999
-100439222.623718 80653.000000
-100452537.623718 38642.000000
-100452483.623718 9250.000000
-100441732.623718 10751.000000
-100433234.623718 1500.999999
-100417649.623718 40000.000000
-100428858.623718 26207.000000
-100447483.623718 4777.999999
-100442207.623718 4276.000000
-100437759.623718 502.000000
-100431732.623718 20001.000000
-100436920.623718 12689.000000
-100444483.623718 265.999999
-100444217.623718 3733.999999
-100438749.623718 4000.000000
-100437207.623718 9054.000000
-100439776.623718 5595.000000
-100443483.623718 1245.999999
-100442728.623718 755.000000
-100441238.623718 491.000000
-100442749.623718 3468.000000
-100443116.623718 1667.000000
-100442743.623718 140.000000
-100442983.623718 707.999999
-100441723.623718 568.000000
-100441728.623718 2001.000000
-100442167.623718 1190.000000
-100442683.623718 85.999999
-100442596.623718 312.999999
-100442170.623718 399.000000
-100442723.623718 848.000000
-100442728.623718 600.999999
-100442580.623718 3.000000
-100442583.623718 197.999999
-100442286.623718 195.000000
-100442396.623718 226.999999
-100442468.623718 190.999999
-100442514.623718 9.000000
-100442533.623718 75.999999
-100442402.623718 67.000000
-100442486.623718 201.000000
-100442510.623718 150.999999
-100442503.623718 21.999999
-100442486.623718 17.000000
-100442460.623718 5.000000
-100442464.623718 85.000000
-100442481.623718 46.000000
-100442493.623718 7.999999
-100442482.623718 11.000000
-100442474.623718 3.000000
-100442500.623718 38.999999
-100442497.623718 26.000000
-100442485.623718 2.000000
-100442488.623718 6.999999
-100442476.623718 5.000001
-100442494.623718 18.999999
-100442491.623718 11.999999
-100442485.623718 0.000000
-100442491.623718 0.000000
-100442509.623718 0.000001
-100442462.623718 8.999999
-100442475.623718 4.000000
-100442493.623718 8.000000
-100442501.623718 11.999999
-100442501.623718 4.000000
-100442496.623718 6.999999
-100442486.623718 7.000000
-100442473.623718 22.000000
-100442481.623718 10.000000
-100442489.623718 4.000000
-100442493.623718 3.999999
-100442483.623718 8.000000
-100442486.623718 3.500000
-100442492.623718 0.980000
-100442491.623718 1.000000
-100442490.623718 0.020000
-100442487.623718 8.000000
-100442489.123718 5.000000
-100442492.123718 0.280000
-100442491.913718 0.690000
-100442490.833718 0.970001
-100442490.623718 2.000000
-100442491.123718 1.240001
-100442491.823718 0.180000
-100442491.593718 0.230000
-100442491.453718 0.050000
-100442491.833718 0.410001
-100442491.853718 0.135000
-100442491.723718 0.091000
-100442491.613718 0.110000
-100442491.533718 0.018999
-100442491.393718 0.410001
-100442491.501218 0.262501
-100442491.673718 0.039999
-100442491.636118 0.052400
-100442491.561318 0.092400
-100442491.733718 0.201000
-100442491.703718 0.123249
-100442491.643718 0.016199
-100442491.619918 0.023800
-100442491.607518 0.007600
-100442491.586118 0.012399
-100442491.608018 0.019299
-100442491.627118 0.006600
-100442491.633718 0.013381
-100442491.610318 0.006782
-100442491.647518 0.039999
-100442491.640618 0.024049
-100442491.628240 0.000522
-100442491.628718 0.008617
-100442491.614196 0.009140
-100442491.617118 0.019982
-100442491.621268 0.011642
-100442491.625718 0.001880
-100442491.623599 0.002119
-100442491.621837 0.000238
-100442491.623240 0.008096
-100442491.624610 0.003918
-100442491.624718 0.000051
-100442491.624666 0.001947
-100442491.621770 0.002000
-100442491.625837 0.003998
-100442491.625278 0.002469
-100442491.624064 0.000055
-100442491.624218 0.000776
-100442491.622872 0.000723
-100442491.623666 0.001896
-100442491.623929 0.001435
-100442491.623918 0.000236
-100442491.623754 0.000164
-100442491.623482 0.000073
-100442491.623872 0.000830
-100442491.623920 0.000609
-100442491.623818 0.000126
-100442491.623745 0.000074
-100442491.623592 0.000054
-100442491.623882 0.000400
-100442491.623850 0.000259
-100442491.623768 0.000025
-100442491.623748 0.000070
-100442491.623638 0.000097
-100442491.623645 0.000200
-100442491.623688 0.000119
-100442491.623729 0.000010
-100442491.623738 0.000030
-100442491.623687 0.000022
-100442491.623698 0.000044
-100442491.623716 0.000039
-100442491.623728 0.000011
-100442491.623720 0.000009
-100442491.623706 0.000004
-100442491.623709 0.000040
-100442491.623716 0.000023
-100442491.623720 0.000003
-100442491.623723 0.000006
-100442491.623712 0.000004
-100442491.623710 0.000020
-100442491.623714 0.000013
-100442491.623720 0.000000
-100442491.623726 0.000003
-100442491.623720 0.000001
-100442491.623709 0.000010
-100442491.623714 0.000005
-100442491.623725 0.000004
-100442491.623719 0.000005
-100442491.623716 0.000002
-100442491.623718 0.000009
-100442491.623719 0.000004
-100442491.623720 0.000002
-100442491.623722 0.000002
-100442491.623718 0.000001
-100442491.623710 0.000011
-100442491.623715 0.000006
-100442491.623720 0.000001
-100442491.623720 0.000001
-100442491.623715 0.000006
-100442491.623717 0.000003
-100442491.623720 0.000001
-100442491.623720 0.000001
-100442491.623720 0.000000
-100442491.623720 0.000000
-100442491.623720 0.000000
-100442491.623720 0.000001
-100442491.623720 0.000000
-100442491.623720 0.000000
-100442491.623720 0.000000
-100442491.623720 0.000000
-100442491.623720 0.000000
-100442491.623720 0.000000
-100442491.623720 0.000001
-100442491.623720 0.000000
-100442491.623720 0.000000
-100442491.623720 0.000000
-100442491.623720 0.000000
-100442491.623720 0.000000
-100442491.623720 0.000000
-100442491.623720 0.000000
-100442491.623720 0.000000
-100442491.623720 0.000000
-100442491.623720 0.000000
-100442491.623720 0.000000
-100442491.623720 0.000000
