1.400000 0.000000
2.294427 -0.000000
0.505573 0.000000
-2.177709 0.000000
-10.227553 0.000000
-34.377088 0.000000
-106.825690 0.000000
-324.171498 0.000000
-976.208920 0.000000
10000000000.000000 0.000000
-1628.246342 0.000000
10000000000.000000 0.000000
-1302.674844 0.000000
-1953.817840 0.000000
10000000000.000000 0.000000
-1791.032091 0.000000
-2116.603588 0.000000
10000000000.000000 0.000000
10000000000.000000 0.000000
10000000000.000000 0.000000
-2112.131452 0.000000
10000000000.000000 0.000000
-2114.814734 0.000000
-2295.489026 0.000000
10000000000.000000 0.000000
10000000000.000000 0.000000
10000000000.000000 0.000000
10000000000.000000 0.000000
-2291.016891 0.000000
10000000000.000000 0.000000
10000000000.000000 0.000000
10000000000.000000 0.000000
10000000000.000000 0.000000
10000000000.000000 0.000000
-2250.767667 0.000000
10000000000.000000 0.000000
-2277.600483 0.000000
-2304.433298 0.000000
-2331.266114 0.000000
10000000000.000000 0.000000
10000000000.000000 0.000000
-2317.849706 0.000000
-2344.682522 0.000000
10000000000.000000 0.000000
10000000000.000000 0.000000
-2343.788095 0.000000
10000000000.000000 0.000000
-2389.403882 0.000000
-2523.567960 0.000000
10000000000.000000 0.000000
10000000000.000000 0.000000
-2456.485921 0.000000
10000000000.000000 0.000000
-2490.474154 0.000000
-2556.661766 0.000000
-2589.755572 0.000000
10000000000.000000 0.000000
10000000000.000000 0.000000
-2622.849378 0.000000
10000000000.000000 0.000000
10000000000.000000 0.000000
10000000000.000000 0.000000
10000000000.000000 0.000000
10000000000.000000 0.000000
10000000000.000000 0.000000
10000000000.000000 0.000000
10000000000.000000 0.000000
10000000000.000000 0.000000
10000000000.000000 0.000000
10000000000.000000 0.000000
10000000000.000000 0.000000
10000000000.000000 0.000000
10000000000.000000 0.000000
10000000000.000000 0.000000
10000000000.000000 0.000000
10000000000.000000 0.000000
-2623.028264 0.000000
10000000000.000000 0.000000
10000000000.000000 0.000000
10000000000.000000 0.000000
10000000000.000000 0.000000
10000000000.000000 0.000000
10000000000.000000 0.000000
10000000000.000000 0.000000
10000000000.000000 0.000000
10000000000.000000 0.000000
10000000000.000000 0.000000
-2623.010375 0.000000
10000000000.000000 0.000000
10000000000.000000 0.000000
10000000000.000000 0.000000
10000000000.000000 0.000000
10000000000.000000 0.000000
10000000000.000000 0.000000
10000000000.000000 0.000000
10000000000.000000 0.000000
10000000000.000000 0.000000
10000000000.000000 0.000000
-2623.028711 0.000000
10000000000.000000 0.000000
10000000000.000000 0.000000
10000000000.000000 0.000000
-2623.027817 0.000000
10000000000.000000 0.000000
10000000000.000000 0.000000
10000000000.000000 0.000000
10000000000.000000 0.000000
10000000000.000000 0.000000
10000000000.000000 0.000000
10000000000.000000 0.000000
10000000000.000000 0.000000
10000000000.000000 0.000000
10000000000.000000 0.000000
10000000000.000000 0.000000
10000000000.000000 0.000000
10000000000.000000 0.000000
10000000000.000000 0.000000
10000000000.000000 0.000000
-2623.028709 0.000000
-2623.028710 0.000000
10000000000.000000 0.000000
10000000000.000000 0.000000
-2623.028711 0.000000
-2623.028711 0.000000
10000000000.000000 0.000000
10000000000.000000 0.000000
10000000000.000000 0.000000
10000000000.000000 0.000000
10000000000.000000 0.000000
10000000000.000000 0.000000
10000000000.000000 0.000000
10000000000.000000 0.000000
10000000000.000000 0.000000
-2623.028711 0.000000
10000000000.000000 0.000000
10000000000.000000 0.000000
10000000000.000000 0.000000
10000000000.000000 0.000000
10000000000.000000 0.000000
10000000000.000000 0.000000
10000000000.000000 0.000000
10000000000.000000 0.000000
10000000000.000000 0.000000
10000000000.000000 0.000000
10000000000.000000 0.000000
10000000000.000000 0.000000
10000000000.000000 0.000000
10000000000.000000 0.000000
-2623.028711 0.000000
10000000000.000000 0.000000
10000000000.000000 0.000000
10000000000.000000 0.000000
-2623.028711 0.000000
10000000000.000000 0.000000
10000000000.000000 0.000000
-2623.028711 0.000000
10000000000.000000 0.000000
10000000000.000000 0.000000
10000000000.000000 0.000000
10000000000.000000 0.000000
10000000000.000000 0.000000
10000000000.000000 0.000000
10000000000.000000 0.000000
10000000000.000000 0.000000
10000000000.000000 0.000000
10000000000.000000 0.000000
10000000000.000000 0.000000
10000000000.000000 0.000000
-2623.028711 0.000000
10000000000.000000 0.000000
