149.438881 1.000000
222.316269 1.100000
209.408058 1.200000
206.509407 1.200000
173.646316 1.000000
66.107515 0.500000
27.318920 1.000000
115.435569 0.700000
153.959595 0.600000
147.506723 0.900000
144.410329 0.400000
131.881959 0.100000
77.063010 0.200000
247.201786 0.100000
68.070648 -0.000000
59.761989 0.500000
484.904237 0.400000
243.977422 0.100000
485.080154 0.200000
20.613770 0.300000
78.995676 0.500000
81.188748 0.600000
134.105975 0.300000
44.060823 0.100000
72.042904 0.100000
69.994706 0.100000
61.257119 0.600000
114.075564 0.750000
101.329247 0.713000
61.791537 0.043000
51.413917 0.008000
79.760682 0.090000
65.644140 0.048000
89.760658 0.009000
133.257824 0.200000
113.330211 0.175000
60.803307 0.036000
69.471321 0.024000
60.810432 0.002000
68.423692 0.018000
83.911647 0.004000
47.084682 0.138000
53.685232 0.081000
66.301434 0.010000
68.123953 0.010000
65.978911 0.017000
64.349915 0.001000
76.313944 0.018000
72.882355 0.056000
69.651517 0.033010
67.924720 0.005500
66.004038 0.006250
68.088464 0.006690
67.854041 0.000620
70.571480 0.008060
66.933149 0.006000
66.765056 0.002010
67.578335 0.000110
68.043911 0.001870
67.286615 0.001500
68.452138 0.004020
69.011013 0.000540
70.033443 0.005350
69.001018 0.002450
67.618382 0.001340
68.001538 0.001370
68.072327 0.001060
67.665466 0.001360
69.005997 0.002390
68.795142 0.002520
68.413917 0.001515
68.023818 0.000656
67.859032 0.000416
68.121384 0.000748
67.959096 0.000000
67.627092 0.000000
66.648597 0.000000
63.868081 0.000000
56.846526 0.001000
59.565979 0.044000
60.487330 0.021000
63.553628 0.010000
63.835313 0.010000
60.185775 0.010000
64.276592 0.010000
56.857447 0.000000
46.688483 0.000000
144.984497 0.000000
40.419235 0.142000
44.705010 0.108000
44.756383 0.015000
51.102075 0.044000
50.785889 0.000000
45.817428 0.024000
42.298752 0.005000
53.432558 0.026000
50.735407 0.015000
47.744675 0.010000
44.798891 0.015000
47.206018 0.008000
46.647014 0.007000
47.221985 0.020000
53.311845 0.025000
50.772166 0.015010
47.038119 0.001140
47.139969 0.009040
45.712836 0.005590
46.620015 0.004280
47.007550 0.001970
45.737337 0.002000
46.089289 0.000490
46.851642 0.001910
46.401421 0.003180
46.432506 0.002770
46.316047 0.000840
47.463337 0.003200
48.062114 0.007410
47.461009 0.004150
46.607999 0.000050
46.878527 0.000400
46.690029 0.000940
46.916335 0.002440
46.353323 0.001850
46.873132 0.002860
46.732644 0.001935
46.666830 0.000248
46.719163 0.000759
46.686844 0.000500
46.569503 0.000671
46.801161 0.000658
46.573413 0.000325
46.649267 0.000343
46.708845 0.000209
46.650328 0.000209
46.691741 0.000243
46.676488 0.000205
46.715105 0.000447
46.811420 0.000677
46.750817 0.000340
46.691592 0.000112
46.670878 0.000067
46.700701 0.000130
46.700924 0.000195
46.678358 0.000148
46.732495 0.000089
46.711934 0.000015
46.680886 0.000032
46.695984 0.000047
46.680581 0.000084
46.687913 0.000065
46.697063 0.000001
46.719987 0.000173
46.707704 0.000113
46.688651 0.000017
46.686021 0.000005
46.689338 0.000031
46.693658 0.000034
46.684751 0.000044
46.696053 0.000125
46.692185 0.000073
46.689966 0.000011
46.686824 0.000008
46.688343 0.000009
46.688229 0.000012
46.689055 0.000017
46.682590 0.000030
46.685356 0.000014
46.688082 0.000008
46.688215 0.000008
46.689502 0.000007
46.689857 0.000008
46.686761 0.000017
46.690687 0.000003
46.689721 0.000000
46.689857 0.000009
46.689479 0.000004
46.688684 0.000002
46.688182 0.000005
46.688117 0.000001
46.688477 0.000001
46.688957 0.000004
46.689857 0.000008
46.689447 0.000004
46.688543 0.000000
46.688320 0.000001
46.688457 0.000002
46.688696 0.000002
46.688401 0.000001
46.688469 0.000000
46.688465 0.000000
46.688153 0.000004
46.688285 0.000002
46.688453 0.000002
46.688521 0.000000
46.688426 0.000000
46.688368 0.000000
46.688371 0.000000
46.688353 0.000000
46.688288 0.000000
46.688277 0.000000
46.688181 0.000001
46.688188 0.000000
46.688049 0.000000
46.688120 0.000000
46.687999 0.000000
46.687814 0.000001
46.687935 0.000000
46.687758 0.000000
46.687686 0.000000
46.687390 0.000001
46.687626 0.000000
46.687378 0.000001
46.687485 0.000000
46.687203 0.000001
46.687278 0.000001
46.687819 0.000000
46.687458 0.000000
46.687278 0.000001
46.687370 0.000000
46.687176 0.000000
46.687187 0.000000
46.687027 0.000000
46.686728 0.000000
46.686789 0.000001
46.687311 0.000000
46.686743 0.000000
46.686605 0.000000
46.686253 0.000000
46.686263 0.000000
46.685818 0.000000
46.685140 0.000001
46.685788 0.000000
46.685311 0.000000
46.685095 0.000000
46.684279 0.000000
46.684567 0.000000
46.683736 0.000001
46.685623 0.000000
46.684073 0.000001
46.685381 0.000000
46.684147 0.000000
46.683409 0.000000
46.683402 0.000000
46.682413 0.000000
46.682024 0.000000
46.680383 0.000000
46.680675 0.000000
46.679164 0.000000
46.676613 0.000000
46.676638 0.000001
46.681713 0.000000
46.677281 0.000000
46.675767 0.000000
46.672802 0.000000
46.672869 0.000000
46.669417 0.000000
46.663963 0.000000
46.665849 0.000000
46.661158 0.000000
46.653490 0.000000
46.655202 0.000000
46.646542 0.000000
46.633581 0.000000
46.637324 0.000000
46.626019 0.000000
46.607413 0.000000
46.610849 0.000000
46.591631 0.000001
46.637777 0.000000
46.606848 0.000000
46.605154 0.000002
46.606468 0.000001
46.607196 0.000005
46.606934 0.000001
46.606826 0.000000
46.606760 0.000002
46.607542 0.000001
46.607274 0.000000
46.607246 0.000001
46.607168 0.000000
46.606645 0.000001
46.607221 0.000000
46.606757 0.000000
46.606499 0.000000
46.606450 0.000000
46.606064 0.000001
46.606144 0.000000
46.605631 0.000000
46.605855 0.000000
46.605392 0.000000
46.604675 0.000000
46.604807 0.000000
46.604035 0.000001
46.605846 0.000000
46.604624 0.000000
46.604009 0.000001
46.604023 0.000000
46.603112 0.000000
46.602978 0.000000
46.601652 0.000001
46.602888 0.000001
46.604327 0.000000
46.602846 0.000000
46.601931 0.000000
46.601550 0.000000
46.600014 0.000001
46.600460 0.000000
46.598527 0.000000
46.599382 0.000000
46.597719 0.000001
46.601663 0.000000
46.598629 0.000000
46.597382 0.000000
46.595244 0.000001
46.595412 0.000000
46.592346 0.000000
46.594061 0.000000
46.592530 0.000000
46.589636 0.000000
46.585197 0.000000
46.584691 0.000000
46.578359 0.000000
46.580159 0.000000
46.575509 0.000001
46.588269 0.000000
46.573662 0.000000
46.564350 -0.000000
46.565778 0.000000
46.559155 0.000001
46.578671 0.000000
46.563424 0.000000
46.555080 -0.000000
46.553134 0.000000
46.540421 0.000000
46.534543 0.000000
46.512800 0.000000
46.520575 0.000000
46.500255 0.000000
46.468555 0.000000
46.466400 0.000000
46.422755 0.000000
46.422380 0.000001
46.510602 0.000000
46.436873 0.000000
46.406982 0.000000
46.355071 0.000000
46.332534 0.000000
46.246408 -0.000000
46.263243 0.000000
46.208916 -0.000000
46.100009 0.000000
46.065913 0.000000
45.900543 0.000001
45.990092 0.000000
45.822052 0.000000
45.859066 0.000000
45.697108 0.000000
45.460637 0.000000
45.516932 0.000000
45.311212 0.000001
45.854417 0.000000
45.470880 0.000000
45.306833 0.000000
45.087784 0.000000
45.021131 0.000000
44.769855 0.000000
44.879466 0.000000
44.718957 0.000000
44.598898 0.000000
44.608826 0.000000
44.671776 0.000000
44.857479 0.000000
44.654230 0.000000
45.140713 0.000001
44.616537 0.000000
44.633567 0.000000
44.732401 0.000000
44.604125 0.000000
44.635205 0.000000
44.606320 0.000000
44.625978 0.000001
44.601167 0.000000
44.622599 0.000000
44.598853 0.000000
44.607538 0.000000
44.599307 0.000000
44.617546 0.000000
44.597819 0.000000
44.600099 0.000000
44.597801 0.000000
44.601913 0.000000
44.597504 0.000000
44.603688 0.000000
44.597302 0.000000
44.597590 0.000000
44.599174 0.000001
44.597176 0.000000
44.602865 0.000000
44.598990 0.000010
44.596665 0.000004
44.596069 0.000007
44.595742 0.000025
44.598414 0.000017
44.598217 0.000001
44.597680 0.000001
44.597452 0.000004
44.597231 0.000005
44.596668 0.000001
44.598072 0.000009
44.596456 0.000009
44.596606 0.000005
44.596813 0.000002
44.597274 0.000000
44.597438 0.000000
44.597575 0.000006
44.596780 0.000006
44.597553 0.000004
44.597472 0.000002
44.597241 0.000001
44.597175 0.000001
44.597046 0.000001
44.597319 0.000001
44.597098 0.000001
44.596775 0.000007
44.596975 0.000004
44.597191 0.000000
44.597075 0.000002
44.597263 0.000000
44.597188 0.000000
44.597189 0.000001
44.597161 0.000000
44.597114 0.000001
44.597138 0.000001
44.597095 0.000000
44.597011 0.000000
44.597076 0.000001
44.597163 0.000000
44.597067 0.000000
44.597025 0.000000
44.596969 0.000001
44.597114 0.000000
44.596948 0.000000
44.596841 0.000000
44.596858 0.000000
44.596800 0.000000
44.596667 0.000000
44.596664 0.000000
44.596484 0.000000
44.596414 0.000000
44.596116 0.000001
44.596346 0.000001
44.596730 0.000000
44.596306 0.000001
44.596708 0.000000
44.596407 0.000001
44.596649 0.000000
44.596399 0.000000
44.596245 0.000001
44.596306 0.000001
44.596577 0.000000
44.596288 0.000001
44.596559 0.000000
44.596351 0.000000
44.596238 0.000001
44.596265 0.000001
44.596485 0.000000
44.596339 0.000001
44.596449 0.000000
44.596323 0.000001
44.596444 0.000000
44.596355 0.000001
44.596425 0.000000
44.596206 0.000001
44.596370 0.000001
44.596351 0.000001
44.596421 0.000000
44.596403 0.000001
44.596248 0.000000
44.595940 0.000003
44.596228 0.000001
44.596286 0.000000
44.596228 0.000000
44.596136 0.000001
44.596158 0.000001
44.596339 0.000000
44.596200 0.000001
44.596313 0.000000
44.596199 0.000000
44.596129 0.000001
44.596168 0.000001
44.596277 0.000000
44.596190 0.000001
44.596262 0.000000
44.596192 0.000001
44.596256 0.000000
44.596111 0.000001
44.596168 0.000003
44.596204 0.000001
44.596247 0.000000
44.595731 0.000004
44.596137 0.000003
44.596044 0.000002
44.595860 0.000004
44.596760 0.000007
44.596184 0.000001
44.596206 0.000000
44.596082 0.000001
44.596058 0.000001
44.596139 0.000002
44.596192 0.000000
44.596172 0.000002
44.596188 0.000001
44.596165 0.000000
44.596124 0.000000
44.596132 0.000000
44.596118 0.000000
44.596074 0.000000
44.596063 0.000000
44.595994 0.000000
44.595970 0.000000
44.595859 0.000000
44.595894 0.000000
44.595786 0.000001
44.596040 0.000000
44.595819 0.000000
44.595692 0.000000
44.595680 0.000000
44.595500 0.000001
44.595568 0.000000
44.595355 0.000000
44.595400 0.000001
44.595770 0.000000
44.595389 0.000000
44.595288 0.000000
44.595047 0.000000
44.595043 0.000000
44.594719 0.000000
44.594575 0.000000
44.594023 0.000001
44.594459 0.000001
44.595157 0.000000
44.594394 0.000000
44.593913 0.000001
44.594211 0.000000
44.593738 0.000000
44.593666 0.000000
44.592976 0.000000
44.593123 0.000000
44.592540 0.000000
44.591523 0.000001
44.591795 0.000001
44.593744 0.000000
44.592445 0.000000
44.592158 0.000002
44.591876 0.000000
44.590980 0.000000
44.591348 0.000000
44.590680 0.000000
44.589532 0.000000
44.589612 0.000000
44.588292 0.000000
44.586215 0.000000
44.586822 0.000000
44.585111 0.000000
44.582177 0.000001
44.584229 0.000001
44.588266 0.000000
44.583675 0.000000
44.580747 0.000000
44.581182 0.000000
44.579806 0.000001
44.585068 0.000000
44.579839 0.000000
44.576652 0.000000
44.576714 0.000000
44.572581 0.000000
44.566339 0.000000
44.569044 0.000000
44.563629 0.000000
44.555073 0.000001
44.561119 0.000000
44.553325 0.000001
44.553418 0.000001
44.570841 0.000000
44.559225 0.000000
44.553418 0.000001
44.556113 0.000000
44.549649 -0.000000
44.550473 0.000001
44.562372 0.000000
44.552554 0.000000
44.548902 0.000000
44.542170 0.000000
44.540682 0.000000
44.530469 0.000000
44.528202 0.000000
44.512703 0.000001
44.522696 0.000000
44.507779 0.000000
44.504673 0.000000
44.482211 0.000000
44.482178 0.000001
44.527161 0.000000
44.492208 -0.000000
44.476490 0.000000
44.450667 0.000000
44.439322 0.000000
44.395501 0.000000
44.402560 0.000000
44.373338 0.000000
44.314083 0.000000
44.299397 0.000000
44.208415 0.000000
44.209896 0.000000
44.161674 0.000000
44.041972 0.000000
43.992745 0.000000
43.793441 0.000001
43.913482 0.000000
43.715239 0.000000
43.769871 0.000001
44.099263 0.000000
43.717520 0.000000
43.635542 0.000000
43.406463 0.000000
43.376371 0.000000
43.049321 0.000001
43.120786 0.000000
42.694710 0.000000
42.880124 0.000000
42.473928 0.000000
41.873621 0.000000
42.012855 0.000000
41.383941 0.000000
40.441218 0.000001
41.123063 0.000001
42.430013 0.000000
41.171955 0.000000
40.442547 0.000000
40.449290 0.000000
40.083293 0.000000
39.171554 0.000000
38.912746 0.000000
37.559438 0.000000
37.523107 0.000000
35.816300 0.000001
36.966938 0.000000
35.415084 0.000000
34.690981 0.000000
32.351784 0.000001
33.710585 0.000001
37.665782 0.000000
34.940100 0.000000
33.841447 0.000001
36.562381 -0.000000
33.469296 0.000000
31.748641 0.000000
32.004362 0.000000
31.390985 0.000001
34.315243 0.000000
31.512748 0.000001
34.014491 0.000000
31.433210 0.000000
30.043382 0.000001
30.467105 0.000000
28.896121 0.000000
28.480141 0.000000
26.537033 0.000001
28.372786 0.000000
26.962811 0.000001
27.202777 0.000000
25.644614 0.000000
25.233383 0.000001
29.415406 0.000000
26.327899 0.000001
28.528410 0.000000
26.557536 0.000000
26.007989 0.000000
25.134720 0.000000
24.208930 0.000000
23.974145 0.000001
26.740387 0.000000
24.534061 0.000000
24.051691 0.000000
23.828372 0.000000
23.835830 0.000001
24.995495 0.000000
23.837196 0.000000
24.097841 0.000001
24.304769 0.000000
23.932085 0.000000
24.370575 0.000001
23.939889 0.000000
24.484183 0.000000
23.893713 0.000000
24.115921 0.000000
23.830433 0.000000
29.296278 0.000001
23.828560 0.000005
23.828089 0.000008
23.828147 0.000005
23.828466 0.000001
23.828599 0.000008
23.828684 0.000007
23.828535 0.000003
23.828443 0.000002
23.828218 0.000004
23.828444 0.000000
23.828336 0.000001
23.828419 0.000002
23.828295 0.000001
23.828338 0.000000
23.828710 0.000008
23.828569 0.000004
23.828236 0.000002
23.828288 0.000002
23.828221 0.000002
23.828373 0.000002
23.828421 0.000002
23.828385 0.000001
23.828291 0.000002
23.828291 0.000001
23.828374 0.000001
23.828394 0.000001
23.828340 0.000000
23.828338 0.000000
23.828250 0.000000
23.828152 0.000000
23.827860 0.000001
23.828199 0.000000
23.828104 0.000000
23.827960 0.000002
23.828002 0.000003
23.828014 0.000000
23.827852 0.000000
23.827904 0.000000
23.827808 0.000000
23.827612 0.000000
23.827584 0.000000
23.827300 0.000001
23.827372 0.000000
23.827006 0.000000
23.827123 0.000000
23.826811 0.000000
23.826290 0.000000
23.826390 0.000000
23.825821 0.000001
23.827143 0.000000
23.826262 0.000000
23.826177 0.000001
23.826229 0.000001
23.825870 -0.000000
23.825302 0.000000
23.825312 0.000000
23.825193 0.000000
23.824595 0.000001
23.824744 0.000000
23.823972 0.000000
23.823628 0.000000
23.822313 0.000000
23.823078 0.000000
23.821977 0.000000
23.820316 0.000000
23.819650 0.000000
23.816884 0.000001
23.818709 0.000001
23.822655 0.000000
23.819389 0.000000
23.817548 0.000001
23.818181 0.000001
23.821535 0.000000
23.818134 0.000000
23.816049 0.000000
23.816169 0.000000
23.815314 0.000000
23.812818 0.000001
23.813814 0.000000
23.810903 0.000001
23.811292 0.000000
23.807256 0.000001
23.812066 0.000000
23.810197 0.000000
23.807279 0.000000
23.806918 0.000001
23.813211 0.000000
23.808111 0.000000
23.806167 0.000000
23.802655 0.000001
23.804364 0.000000
23.800526 0.000000
23.799763 0.000001
23.808403 0.000000
23.802638 0.000000
23.800198 0.000000
23.796254 0.000000
23.795526 -0.000000
23.789678 0.000000
23.788410 0.000001
23.801712 0.000000
23.791451 0.000000
23.787261 0.000000
23.780079 0.000000
23.778255 0.000000
23.767222 0.000000
23.768020 0.000000
23.761128 0.000000
23.746160 0.000000
23.741309 0.000000
23.717622 0.000000
23.719714 0.000001
23.764790 0.000000
23.729858 0.000000
23.712251 0.000000
23.685426 0.000000
23.675632 0.000000
23.632835 0.000000
23.637648 0.000000
23.608476 0.000000
23.551308 0.000000
23.539724 0.000001
23.671149 0.000000
23.562266 0.000000
23.523612 0.000000
23.455590 0.000000
23.465860 0.000000
23.394244 0.000000
23.292155 0.000001
23.376050 0.000001
23.512906 0.000000
23.368725 0.000000
23.288435 0.000000
23.295579 0.000000
23.257534 0.000001
23.409427 0.000000
23.246851 0.000000
23.160446 0.000000
23.169200 0.000000
23.090949 0.000000
22.991302 0.000000
23.021152 0.000000
22.945516 0.000000
22.896772 0.000001
22.927203 0.000001
23.086447 0.000000
22.917341 0.000001
23.074448 0.000000
22.943174 0.000001
23.041687 0.000000
22.898068 0.000001
22.945654 0.000005
22.944984 0.000012
22.946143 0.000015
22.945249 0.000009
22.945550 0.000003
22.945292 0.000007
22.945382 0.000004
22.945404 0.000002
22.945571 0.000001
22.945930 0.000011
22.945409 0.000003
22.945266 0.000005
22.945563 0.000002
22.945483 0.000001
22.945440 0.000001
22.945639 0.000004
22.945562 0.000001
22.945455 0.000001
22.945285 0.000005
22.945356 0.000004
22.945502 0.000000
22.945461 0.000001
22.945824 0.000010
22.945680 0.000005
22.945428 0.000002
22.945508 0.000001
22.945505 0.000000
22.945670 0.000004
22.945399 0.000003
22.945549 0.000000
22.945440 0.000001
22.945488 0.000000
22.945444 0.000002
22.945549 0.000001
22.945457 0.000000
22.945411 0.000000
22.945437 0.000000
22.945413 0.000000
22.945372 0.000000
22.945308 0.000001
22.945329 -0.000000
22.945250 0.000000
22.945286 0.000000
22.945246 0.000000
22.945163 0.000001
22.945167 0.000000
22.945045 0.000000
22.945042 0.000000
22.944877 0.000001
22.945005 0.000000
22.944865 0.000000
22.944849 0.000000
22.944649 0.000000
22.944555 0.000000
22.944210 0.000000
22.944338 0.000001
22.944868 0.000000
22.944255 0.000000
22.944122 0.000000
22.943750 0.000000
22.943568 0.000001
22.944540 0.000000
22.943729 0.000000
22.943270 0.000001
22.943433 0.000001
22.944262 0.000000
22.943709 0.000000
22.943433 0.000001
22.943445 0.000000
22.943041 0.000000
22.942907 0.000000
22.942260 0.000000
22.942619 0.000001
22.943466 0.000000
22.942510 0.000000
22.941933 0.000001
22.943263 0.000000
22.942072 0.000000
22.941380 0.000000
22.941336 0.000000
22.940382 0.000001
22.940709 0.000000
22.939557 0.000001
22.940338 0.000000
22.939264 0.000000
22.939097 0.000001
22.941463 0.000000
22.939881 0.000000
22.939219 0.000001
22.940837 0.000000
22.936089 0.000000
22.926984 0.000001
22.936497 0.000010
22.935647 0.000010
22.936483 0.000013
22.935601 0.000010
22.936217 0.000001
22.935414 0.000014
22.935684 0.000008
22.936107 0.000001
22.936138 0.000003
22.936426 0.000008
22.935926 0.000004
22.935848 0.000006
22.936226 0.000004
22.936100 0.000001
22.936195 0.000003
22.936121 0.000001
22.936179 0.000003
22.935849 0.000006
22.936183 0.000002
22.936164 0.000002
22.936047 0.000001
22.936136 0.000002
22.936078 0.000000
22.936046 0.000001
22.936294 0.000004
22.936074 0.000000
22.936343 0.000005
22.936158 0.000001
22.936062 0.000002
22.936715 0.000016
22.936448 0.000010
22.935937 0.000004
22.935908 0.000005
22.935919 0.000004
22.936183 0.000002
22.936425 0.000008
22.935914 0.000003
22.936132 0.000001
22.935978 0.000003
22.936091 0.000000
22.936034 0.000001
22.936137 0.000001
22.935740 0.000008
22.935912 0.000004
22.936061 0.000001
22.936072 0.000001
22.935993 0.000002
22.936075 0.000000
22.936169 0.000002
22.936075 0.000001
22.936065 0.000001
22.936088 0.000000
22.936059 0.000001
22.936086 0.000000
22.936060 0.000001
22.936050 0.000001
22.936089 0.000000
22.936076 0.000000
22.936068 0.000001
22.936083 0.000000
22.936068 0.000000
22.936060 0.000000
22.936060 0.000001
22.936077 0.000000
22.936066 0.000000
22.936061 0.000000
22.936055 0.000001
22.936070 0.000000
22.936054 0.000000
22.936044 0.000000
22.936045 0.000001
22.936064 0.000000
22.936049 0.000000
22.936043 0.000000
22.936032 0.000001
22.936037 0.000000
22.936025 0.000000
22.936020 0.000000
22.936001 0.000000
22.936007 0.000000
22.935994 0.000000
22.935969 0.000000
22.935958 0.000000
22.935915 0.000000
22.935921 0.000000
22.935896 0.000000
22.935840 0.000000
22.935822 0.000000
22.935733 0.000000
22.935736 0.000000
22.935691 0.000000
22.935575 0.000000
22.935526 0.000000
22.935332 0.000000
22.935348 0.000000
22.935259 0.000000
22.935020 0.000000
22.934905 0.000000
22.934492 0.000000
22.934521 0.000000
22.934334 0.000000
22.933828 0.000000
22.933599 0.000000
22.932735 0.000000
22.932769 0.000000
22.932392 0.000000
22.931330 0.000001
22.931374 0.000000
22.929821 0.000001
22.930811 0.000000
22.929308 0.000001
22.930887 0.000000
22.929999 0.000001
22.932050 0.000000
22.930170 0.000000
22.929062 0.000000
22.929020 0.000000
22.927510 0.000001
22.928518 0.000000
22.927095 0.000000
22.927110 0.000000
22.925344 0.000000
22.922630 0.000000
22.923867 0.000000
22.921350 0.000000
22.917553 0.000000
22.918474 0.000000
22.914227 0.000000
22.907901 0.000000
22.909452 0.000000
22.904173 0.000000
22.895174 0.000000
22.896665 0.000000
22.887390 0.000000
22.872944 0.000000
22.877082 0.000000
22.863775 0.000001
22.896507 0.000000
22.874218 0.000000
22.863591 0.000001
22.888072 0.000000
22.861492 0.000000
22.845519 0.000000
22.847337 0.000001
22.877557 0.000000
22.857189 0.000000
22.848004 0.000001
22.869640 0.000000
22.848529 0.000000
22.837986 0.000000
22.821536 0.000000
22.817907 0.000000
22.794413 0.000001
22.810443 0.000000
22.789099 0.000000
22.789729 0.000000
22.767355 0.000000
22.734853 0.000000
22.745784 0.000000
22.718688 -0.000000
22.682774 0.000000
22.690828 0.000000
22.659069 0.000000
22.631971 0.000000
22.636910 0.000001
22.706944 0.000000
22.635675 0.000000
22.629210 0.000001
22.676419 0.000000
22.630601 0.000001
22.668429 0.000000
22.630603 0.000000
22.628889 0.000000
22.631184 0.000001
22.650298 0.000000
22.632038 0.000001
22.645779 0.000000
22.628180 0.000000
22.639639 0.000001
22.635030 0.000001
22.633944 0.000000
22.629780 0.000000
22.637375 0.000000
22.628855 0.000000
22.637728 0.000000
22.628229 0.000000
22.629804 0.000000
22.628178 0.000000
22.629397 0.000001
22.627902 0.000000
22.630540 0.000000
22.627805 0.000000
22.630031 0.000000
22.627681 0.000000
22.627805 0.000000
22.628581 0.000000
22.627739 0.000000
22.628369 0.000000
22.627673 0.000000
22.629151 0.000000
22.627653 0.000000
22.627594 0.000001
22.627617 0.000001
22.627648 0.000000
22.627630 0.000001
22.627667 0.000000
22.627655 0.000000
22.627663 0.000000
22.627630 0.000001
22.627687 0.000001
22.627562 0.000002
22.627633 0.000001
22.627649 0.000000
22.627640 0.000000
22.627628 0.000001
22.627640 0.000000
22.627635 0.000001
22.627649 0.000000
22.627639 0.000000
22.627639 0.000001
22.627606 0.000001
22.627634 0.000001
22.627645 0.000000
22.627635 0.000001
22.627644 0.000000
22.627636 0.000000
22.627632 0.000001
22.627633 0.000001
22.627642 0.000000
22.627636 0.000000
22.627636 0.000001
22.627639 0.000000
22.627636 0.000001
22.627639 0.000000
22.627637 0.000000
22.627635 0.000001
22.627638 0.000000
22.627627 0.000001
22.627621 0.000001
22.627634 0.000001
22.627638 0.000000
22.627544 0.000003
22.627588 0.000002
22.627566 0.000002
22.627624 0.000001
22.627757 0.000002
22.627629 0.000001
22.627636 0.000001
22.627638 0.000000
22.627568 0.000002
22.627606 0.000001
22.627616 0.000001
22.627629 0.000001
22.627695 0.000001
22.627641 0.000000
22.627618 0.000001
22.627625 0.000001
22.627640 0.000000
22.627621 0.000001
22.627652 0.000000
22.627639 0.000000
22.627624 0.000001
22.627630 0.000001
22.627640 0.000000
22.627640 0.000000
22.627647 0.000000
22.627630 0.000001
22.627637 0.000000
22.627638 0.000000
22.627637 0.000000
22.627635 0.000001
22.627634 0.000001
22.627635 0.000001
22.627637 0.000000
22.627636 0.000001
22.627637 0.000000
22.627633 0.000001
22.627638 0.000000
22.627637 0.000000
22.627637 0.000000
22.627635 0.000001
22.627634 0.000001
22.627637 0.000000
22.627636 0.000001
22.627636 0.000000
22.627637 0.000000
22.627636 0.000000
22.627635 0.000001
22.627637 0.000000
22.627636 0.000000
22.627637 0.000000
22.627637 0.000000
22.627636 0.000000
22.627636 0.000001
22.627636 0.000000
22.627636 0.000000
22.627636 0.000000
22.627636 0.000000
22.627636 0.000000
22.627637 0.000000
22.627636 0.000000
22.627636 0.000000
22.627636 0.000000
22.627636 0.000000
22.627636 0.000000
22.627636 0.000000
22.627636 0.000000
22.627636 0.000000
22.627636 0.000000
22.627636 0.000000
22.627636 0.000000
22.627636 0.000000
22.627636 0.000000
22.627636 0.000000
22.627636 0.000000
22.627637 0.000000
22.627636 0.000000
22.627636 0.000000
22.627636 0.000000
22.627636 0.000000
22.627636 0.000000
22.627636 0.000000
22.627636 0.000000
22.627636 0.000000
22.627636 0.000000
22.627636 0.000000
22.627636 0.000000
22.627636 0.000000
22.627636 0.000000
22.627636 0.000000
22.627636 0.000000
22.627636 0.000000
22.627636 0.000000
22.627636 0.000000
22.627636 0.000000
22.627636 0.000000
22.627636 0.000000
22.627636 0.000000
22.627636 0.000000
22.627636 0.000000
22.627636 0.000000
22.627636 0.000000
22.627636 0.000000
22.627636 0.000000
22.627636 0.000000
22.627636 0.000000
22.627636 0.000000
22.627636 0.000000
22.627636 0.000000
22.627636 0.000000
22.627636 0.000000
22.627636 0.000000
22.627636 0.000000
22.627636 0.000000
22.627636 0.000000
22.627636 0.000000
22.627636 0.000000
22.627636 0.000000
22.627636 0.000000
22.627636 0.000000
22.627636 0.000000
22.627636 0.000000
22.627636 0.000000
22.627636 0.000000
22.627636 0.000000
22.627636 0.000000
22.627636 0.000000
22.627636 0.000000
22.627636 0.000000
22.627636 0.000000
22.627636 0.000000
22.627636 0.000000
22.627636 0.000000
22.627636 0.000000
22.627636 0.000000
22.627636 0.000000
22.627636 0.000000
22.627636 0.000000
22.627636 0.000000
22.627636 0.000000
22.627636 0.000000
22.627636 0.000000
22.627636 0.000000
22.627636 0.000000
22.627636 0.000000
22.627636 0.000000
22.627636 0.000000
22.627636 0.000000
22.627636 0.000000
22.627636 0.000000
22.627636 0.000000
22.627636 0.000000
22.627636 0.000000
22.627636 0.000000
