1	(   0        )	-10       
2	(   1        )	  2.946546
3	(   0.5      )	 -5.251099

BBE ( SOL ) OBJ
4	(   0.25     )	 -8.480026
5	(   0.13     )	 -9.457234
6	(   0.07     )	 -9.777293
7	(   0.04     )	 -9.8929  
8	(   0.02     )	 -9.953212
9	(   0.01     )	 -9.978301
10	(   0.2      )	 -8.9396  
11	(   0.1      )	 -9.631897
12	(   0.005    )	 -9.989575
13	(   0.0025   )	 -9.994894
14	(   0.0013   )	 -9.997371
15	(   0.0007   )	 -9.998592
16	(   0.0004   )	 -9.999197
17	(   0.05     )	 -9.857702
18	(   0.0002   )	 -9.999599
19	(   0.0001   )	 -9.9998  
20	(   0.00005  )	 -9.9999  
21	(   0.000025 )	 -9.99995 
22	(   0.000013 )	 -9.999974
23	(   0.002    )	 -9.995932
24	(   0.000007 )	 -9.999986
25	(   0.001    )	 -9.997983
26	(   0.000003 )	 -9.999993
27	(   0.0005   )	 -9.998996
28	(   0.000002 )	 -9.999996
29	(   0.000001 )	 -9.999998
30	(   0.0      )	 -9.999999
31	(   0.0      )	-10       
32	(   0.0      )	-10       
33	(   0.00002  )	 -9.99996 
34	(   0.00001  )	 -9.99998 
35	(   0.000005 )	 -9.99999 
36	(   0.000002 )	 -9.999996
37	(   0.000001 )	 -9.999998
38	(   0.0      )	 -9.999999
39	(   0.0      )	-10       
40	(   0.0      )	-10       
41	(   0.0      )	-10       
42	(   0.0      )	-10       
43	(   0.0      )	-10       

BBE ( SOL ) OBJ
44	(   0.0      )	-10       
45	(   0.0      )	-10       
46	(   0.0      )	-10       
47	(   0.0      )	-10       
48	(   0.0      )	-10       
49	(   0.0      )	-10       
50	(   0.0      )	-10       
51	(   0.0      )	-10       
52	(   0.0      )	-10       
53	(   0.0      )	-10       
54	(   0.0      )	-10       
55	(   0.0      )	-10       
56	(   0.0      )	-10       
57	(   0.0      )	-10       
58	(   0.0      )	-10       
59	(   0.0      )	-10       
60	(   0.0      )	-10       
61	(   0.0      )	-10       
62	(   0.0      )	-10       
63	(   0.0      )	-10       
A termination criterion is reached: No termination (all). Mesh minimum precision reached (Algo)

Best feasible solution:     #0 ( 0 )	Evaluation OK	 f = -10                     	 h =   0                     

Best infeasible solution:   Undefined.

Blackbox evaluations:         63
Total model evaluations:      4930
Cache hits:                   103
Total number of evaluations:  166
