1	(   0          0          0          0          0          0        )	  7       
2	(   0          1          1          0          1          0        )	  7       
3	(   0          0          0          1          0          1        )	  7       
4	(   0          1          0          0          0          0        )	  7       
5	(   1          0          1          0          0          0        )	 -4.023549
6	(   3.141593   0          3.141593   0          0          0        )	  7       
7	(   2         -0          1          1          1          1        )	 -2.235079
8	(   3          0          1          0          0          0        )	  7.299938
9	(   1          0          2          0          0          0        )	 -4.023549
10	(   1          0          2          0          0          1        )	 -4.023549
11	(   1          0          2          0          1          0        )	 -4.023549
12	(   1          1          1          0          0          0        )	 -7.499165
13	(   1          3.141593   1          0          0          0        )	 -0.38636 
14	(   2          3          3          0          0          0        )	 -4.871642
15	(  -0          1          3          0          0          0        )	  7       
16	(   2          2          1          0          0          1        )	  3.478715
17	(   2          1          1          0          1          0        )	 -7.084405

BBE ( SOL ) OBJ
18	(   2          1          0          0          0          0        )	 -4.274436
19	(   1          3          2          0          0          0        )	 -0.439341
20	(   2          2          1          1          0          0        )	 -0.117406
21	(   0          1          1          0          0          0        )	  7       
22	(   0          0          1          0          0          0        )	  7       
23	(   1          1          3          1          1          1        )	 -2.440819
24	(   1          1          2          0.5        0.58       0.58     )	-13.120874
25	(   2          2          1          0.17       0.53       0        )	  3.860547
26	(   1          1          2          0.04       0.13       0.55     )	-13.347685
27	(   2          3          2          0.18       0.57       0.38     )	 -3.077966
28	(   1          1          1          0.05       0.14       0.09     )	 -7.737074
29	(   1          2          3          0.2        0.62       0.41     )	 -3.743694
30	(   2          1          1          0.05       0.15       0.1      )	 -7.370948
31	(   1          0          0          0.21       0.67       0.44     )	 -4.023549
32	(   2          2          2          0.05       0.17       0.11     )	  3.840467
33	(   1          1          2          0          0          0.55     )	-13.164542
34	(   3          3          3          1.04       0.13       0.55     )	  6.484827
35	(  -0          0          0          0.04       0.13       0.55     )	  7       
36	(   2          2          2          0.04       0.13       0.55     )	  3.831584
37	(   1          1          2          0.04       1.13       0.55     )	-13.1109  
38	(   0          1          2          0.04       0.13       0.55     )	  7       
39	(   1          1          3          0.04       0.13       0.55     )	 -2.432082
40	(   1          1          2          0          0.13       0.55     )	-13.164542
41	(   1          1          2          0.04       0.13       1.55     )	-13.372172
42	(   1          1          2          0.04       0.13       4.55     )	-13.366246
43	(   0          3          0          1.04       1.13       4.55     )	  7       
44	(  -0          0         -0          0.04       0.13       2.55     )	  7       
45	(   1          1          2          1.04       0.13       1.55     )	-11.459818
46	(   1          1          2          0.04       0.13       3.55     )	-13.389296
47	(   1          1          2          0.04       0.13       6.283185 )	-13.340925
48	(   0          3          3          1.04       0.13       6.283185 )	  7       
49	(   2          1          2          0.04       0.13       5.55     )	 -2.400911
50	(   1          1          1          0.04       0.13       6.283185 )	 -7.694285
51	(   1          1          2          1.04       0.13       6.283185 )	-11.216606
52	(   1          1          2          0.04       1.13       3.55     )	-13.400256
53	(   1          1          2          0.04       3.141593   3.55     )	-12.943289
54	(   1          3          3          0.04       3.13       6.283185 )	 -1.891661
55	(  -0          0         -0          0.04       0.13       3.55     )	  7       
56	(   1          1          2          0.04       1.13       6.283185 )	-13.060543
57	(   1          1          2          0.04       3.13       4.55     )	-12.943136

BBE ( SOL ) OBJ
58	(   1          1          1          0.04       0.13       3.55     )	 -7.758307
59	(   1          2          2          1.04       1.13       2.55     )	 -2.78588 
60	(   1          0          2          0          1.13       4.55     )	 -4.023549
61	(   2          1          2          0.04       1.13       3.55     )	 -2.640316
62	(  -0          1          2          0          1.13       0.55     )	  7       
63	(   1.22       1.6        2.72       0.72       0.13       6.283185 )	 -2.682952
64	(   0.33       0          0.33       0.07       0.13       4.55     )	  4.408716
65	(   1.58       2          2.33       0.02       0.13       1.55     )	 -1.613811
66	(   1.02       0.98       1.98       0.06       0.13       3.55     )	-13.800218
67	(   1.02       0.98       1.98       0.06       0          3.55     )	-13.767907
68	(   1.02       1.98       2.98       0.06       3.13       6.283185 )	 -3.777124
69	(   0.02       0.98       2.98       0.06       0.13       5.55     )	  6.679084
70	(   1.02       0.98       0.98       0.06       0.13       1.55     )	 -8.019294
71	(   1.02       0.98       1.98       0.06       0.13       1.55     )	-13.771052
72	(   1.02       0.98       1.98       0          0.13       3.55     )	-13.453599
73	(   1.02       0.98       0.98       0.06       2.13       3.55     )	 -7.793766
74	(   1.02       0.98       2.98       0.06       0          3.55     )	 -2.645832
75	(   2.02       0.98       1.98       0.06       0.13       3.55     )	 -2.492987
76	(   1.02       0          0.98       0          0          2.55     )	 -4.223002
77	(   1.02       0.98       1.98       0.06       0          4.55     )	-13.767907
78	(   1.08       0.92       1.92       0.12       0          3.55     )	-14.866129
79	(   2.08       0          2.92       1.12       0          5.55     )	 -1.208149
80	(   0.08       0.92       2.92       0.12      -0          5.55     )	  5.698697
81	(   1.08       0.92       0.92       0.12      -0          1.55     )	 -8.873619
82	(   1.08       1.92       0.92       0.12       0          3.55     )	  4.432382
83	(   1.08       0.92       1.92       0.12       2          3.55     )	-14.383832
84	(   1.08       0.92       1.92       0          0          3.55     )	-14.203566
85	(   1.08       0.92       1.92       0.12       0          2.55     )	-14.866129
86	(   1.08       0          1.92       0.12       0          3.55     )	 -4.774811
87	(   0.08       0.92       2.92       0.12       0          3.55     )	  5.698697
88	(   1.26       0.74       1.74       0.3        0          3.55     )	-16.841526
89	(   2.26       0          0.74       1.3        0          3.55     )	  1.220272
90	(   2.26       1.74       1.74       1.3        0          1.55     )	  1.430273
91	(   0.26       0.74       2.74       0.3        1          5.55     )	  2.739789
92	(   1.26       0.74       1.74       0.3       -0          1.55     )	-16.841526
93	(   1.26       0.74       1.74       0.3        1          3.55     )	-17.403518
94	(   1.26       0.74       1.74       0.3        3.141593   3.55     )	-12.638614
95	(   0.26       1.74       1.74       0.3        0          1.55     )	  3.14043 
96	(   0.26       0.74       2.74       0.3       -0          5.55     )	  2.685171
97	(   1.26       0.74       1.74       1.3        1          3.55     )	-11.433128

BBE ( SOL ) OBJ
98	(   1.26       0.74       1.74       0.3        1          2.55     )	-16.984614
99	(   1.26       0.74       1.74       0.3        3          3.55     )	-12.916505
100	(   1.26       0.74       2.74       0.3        1          3.55     )	 -5.352995
101	(   0.26       0          1.74       0.3        1          3.55     )	  5.147064
102	(   2.26       1.74       1.74       0.3        1          3.55     )	  1.737857
103	(   2.26       1.74       0.74       1.3        1          4.55     )	 -6.749492
104	(   0.34       0.66       2.33       0.33       1          6        )	  0.922796
105	(   1.59       0.92       1.33       0.12      -0          1.58     )	-15.254832
106	(   1.43       0.74       2.54       0.26       1          4.56     )	 -6.581694
107	(   1.17       0.88       1.33       0.16      -0          2.3      )	-15.167826
108	(   1.46       0.73       1.35       0.43       1          2.14     )	-16.64109 
109	(   1.59       0.66       1.16       0.42       1          1.67     )	-13.956738
110	(   1.21       0.86       1.73       0.19      -0          3.08     )	-16.733871
111	(   1.51       0.7        1.88       0.39       1          3.18     )	-15.937274
112	(   1.06       0.58       2.06       0.52       1          4.44     )	-11.514619
113	(   1.46       0.84       1.51       0.22      -0          2.29     )	-17.27171 
114	(   1.13       0.85       1.39       0.19       0          2.54     )	-15.27646 
115	(   1.41       0.74       1.76       0.34       1          3.02     )	-17.536515
116	(   1.16       0.82       2.06       0.12       0          3.87     )	-14.162961
117	(   1.39       0.75       1.53       0.35       1          2.57     )	-17.883035
118	(   1.47       0.66       1.61       0.41       1          2.76     )	-17.209488
119	(   1.49       0.75       1.56       0.34       2          2.03     )	-14.009379
120	(   1.32       0.74       1.69       0.31      -0          3.17     )	-17.206066
121	(   1.51       0.75       1.54       0.34      -0          3.24     )	-17.281873
122	(   1.51       0.75       1.54       0.34       1          2.64     )	-17.547851
123	(   1.38       0.86       1.6        0.22      -0          3.01     )	-17.494408
124	(   1.36       0.69       1.73       0.41       1          3.72     )	-17.671508
125	(   1.26       0.76       1.76       0.31       2          2.93     )	-15.510488
126	(   1.45       0.75       1.6        0.33      -0          3.16     )	-17.429369
127	(   1.57       0.77       1.51       0.36      -0          2.49     )	-17.058514
128	(   1.34       0.75       1.68       0.32       1          3.29     )	-18.134447
129	(   1.35       0.76       1.68       0.33       2          2.92     )	-15.865077
130	(   1.42       0.75       1.62       0.33      -0          3.1      )	-17.482461
131	(   1.38       0.76       1.66       0.33       2          2.98     )	-15.95016 
132	(   1.41       0.75       1.63       0.33      -0          3.07     )	-17.481517
133	(   1.34       0.75       1.68       0.32       1          5.29     )	-15.390641
134	(   0.34       0.75       0.68       1.32       0          5.29     )	  6.3308  
135	(   1.34       0.75       1.68       0.32       2          3.29     )	-16.006361
136	(   1.34       0.75       1.68       0.32      -0          3.29     )	-17.359964
137	(   1.34       0.75       1.68       0.32       1          4.29     )	-17.47729 

BBE ( SOL ) OBJ
138	(   1.34       0.75       0.68       0.32       1          3.29     )	-11.126782
139	(   1.34       1.75       1.68       0.32       1          3.29     )	-11.124658
140	(   1.34       0.75       0.68       0          0          3.29     )	 -9.422936
141	(   2.34       0.75       1.68       1.32       0          3.29     )	 -0.69943 
142	(   0.34       0.75       1.68       0          2          3.29     )	  1.049547
143	(   1.19       0.75       2.13       0.23       1          5.45     )	-12.524748
144	(   1.51       1.52       2.06       0.62       0.38       2.29     )	 -9.325566
145	(   1.38       0.76       1.66       0.33       1.67       2.98     )	-16.906776
146	(   1.41       0.75       1.63       0.33       0.42       3.07     )	-18.230311
147	(   1.43       0.62       1.69       0.48       1.81       3.09     )	-15.002439
148	(   1.39       0.8        1.62       0.28       0.45       3.03     )	-18.315093
149	(   1.39       0.76       1.48       0.34       0.62       3.09     )	-18.709871
150	(   1.38       0.77       1.35       0.34       0.44       3.12     )	-18.306742
151	(   1.25       0.75       1.68       0.34       0.5        3.62     )	-17.876316
152	(   1.36       0.83       1.48       0.24       0.33       2.5      )	-17.824855
153	(   1.36       0.8        1.54       0.29       0.5        2.81     )	-18.388602
154	(   1.39       0.64       1.48       0.34       1.62       3.09     )	-16.358267
155	(   1.5        0.7        1.48       1.34       0          1.09     )	-13.761121
156	(   1.37       0.79       1.48       0.34       0.62       3.09     )	-18.881471
157	(   1.36       0.82       1.48       0.34       0          4.09     )	-17.973898
158	(   1.43       0.81       1.48       0.34       0          3.09     )	-17.929794
159	(   1.36       0.76       1.48       0.34       0.62       3.09     )	-18.652658
160	(   1.34       0.81       1.48       0.34       0.62       3.09     )	-18.91047 
161	(   1.31       0.84       1.48       0.34       0.62       3.09     )	-18.922845
162	(   1.31       0.84       0.48       1.34       0          4.09     )	 -5.780151
163	(   1.31       0.84       1.48       0.34       0          3.09     )	-17.886021
164	(   1.31       0.84       1.48       0          0.62       3.09     )	-15.687989
165	(   1.31       1.84       1.48       0.34       0.62       2.09     )	 -5.840095
166	(   1.31       0.84       2.48       0.34       0.62       3.09     )	 -9.125872
167	(   1.31       0          1.48       0.34       0.62       4.09     )	 -6.132197
168	(   0.31       0.84       1.48       0.34       0.62       3.09     )	  2.160691
169	(   1.31       1.84       0.48       0.34       1.62       2.09     )	  8.737737
170	(   1.22       0.93       1.48       0.34       0.62       3.09     )	-18.476291
171	(   1.86       1.3        1.16       1.34       1.62       4.09     )	-14.430809
172	(   1.31       0.85       1.35       0.31       0.66       3.01     )	-18.205417
173	(   1.38       0.78       1.56       0.33       0.48       3.05     )	-18.658796
174	(   1.19       1.12       1.82       0.84       0.66       3.37     )	-16.910427
175	(   1.27       0.93       1.59       0.5        0.39       2.59     )	-18.982552
176	(   1.15       0.93       1.59       0.5        0          1.59     )	-17.293153
177	(   1.45       0.93       1.59       0.5        2.39       4.59     )	-12.128775

BBE ( SOL ) OBJ
178	(   1.29       0.93       1.59       0.5        0.39       2.59     )	-19.094406
179	(   1.24       0.93       1.59       0.5        0.39       2.59     )	-18.774967
180	(   1.29       0.93       1.59       0.5        1.39       2.59     )	-17.597188
181	(   1.29       0.93       1.59       0.5        0          2.59     )	-18.454114
182	(   0.29       0          1.59       0          0.39       1.59     )	  4.840959
183	(   1.29       0.93       0.59       0.5        0.39       2.59     )	 -7.787872
184	(   2.29       0          1.59       1.5        0.39       1.59     )	  1.624482
185	(   2.29       1.93       1.59       0          0.39       1.59     )	  5.928267
186	(   2.29       1.93       1.59       1.5        0.39       3.59     )	 -0.779189
187	(   1.35       0.93       1.59       0.5        0.39       2.59     )	-19.300772
188	(   1.35       0.78       1.46       0.7        0.2        1.59     )	-17.69346 
189	(   1.35       0.94       1.56       0.55       0.33       2.86     )	-19.632911
190	(   1.35       1.01       1.57       0.68       0.25       2.88     )	-19.323065
191	(   1.35       0.81       1.5        0.35       0.94       3.17     )	-19.047979
192	(   1.35       0.97       1.51       0.53       0.62       2.75     )	-19.643298
193	(   1.35       1.07       1.48       0.63       0.69       2.6      )	-18.75028 
194	(   1.35       1          1.6        0.58       0.48       2.59     )	-19.306375
195	(   1.35       1.02       1.64       0.66       0.43       2.43     )	-18.731878
196	(   1.35       0.89       1.52       0.42       0.57       2.92     )	-19.555905
197	(   1.35       1.08       1.62       0.68       0          2.26     )	-18.129578
198	(   1.35       0.88       1.53       0.43       0.7        2.94     )	-19.625615
199	(   1.35       0.94       1.51       0.5        0.64       2.96     )	-19.983863
200	(   1.35       0.95       1.48       0.51       0.77       3.15     )	-20.297669
201	(   1.35       0.95       1.48       0.51       0.77       4.15     )	-20.281333
202	(   1.35       0.95       1.48       0.51       1.77       3.15     )	-17.646666
203	(   1.35       0.95       1.48       0.51       0.77       2.15     )	-17.938276
204	(   1.35       0.95       1.48       0          1.77       3.15     )	-15.619004
205	(   1.35       0.95       2.48       0          0.77       3.15     )	 -7.491395
206	(   1.35       0.95       1.48       1.51       0          3.15     )	-11.204189
207	(   1.35       0          0.48       0.51       0          3.15     )	 -6.231229
208	(   2.35       0.95       1.48       0.51       0.77       3.15     )	 -3.023665
209	(   1.35       0.98       1.39       0.54       1.16       3.72     )	-20.328796
210	(   1.35       1.07       1.39       0.63       2.16       5.72     )	 -4.74115 
211	(   1.89       1.12       1.39       1.51       0.16       5.72     )	 -9.774326
212	(   1.41       0.96       1.39       0.52       1.16       3.72     )	-20.587246
213	(   1.47       0.98       1.39       0.54       1.16       4.72     )	-17.624884
214	(   1.41       0.96       1.39       0.52       0.16       4.72     )	-18.665491
215	(   1.41       0.96       1.39       0.52       1.16       2.72     )	-18.512235
216	(   1.41       0.96       1.39       0          1.16       3.72     )	-15.180245
217	(   1.41       0.96       1.39       0.52       2.16       2.72     )	-14.461692

BBE ( SOL ) OBJ
218	(   1.41       0.96       2.39       0.52       1.16       2.72     )	 -9.087662
219	(   2.41       0.96       1.39       0.52       1.16       3.72     )	 -3.087651
220	(   1.41       0          1.39       0.52       1.16       3.72     )	 -6.298922
221	(   1.41       0.96       2.39       1.52       2.16       3.72     )	  1.432267
222	(   1.41       0.96       0.39       0.52       0          4.72     )	 -5.255729
223	(   1.59       0.9        1.39       0.46       1.16       3.72     )	-19.860046
224	(   1.48       1.11       1.26       0.73       0.18       3.47     )	-17.994479
225	(   1.37       1.04       1.41       0.62       0.9        3.84     )	-21.117356
226	(   1.38       1.12       1.35       0.72       1.01       4.3      )	-19.806443
227	(   1.25       1.04       1.47       0.62       0          3.84     )	-17.703135
228	(   1.52       1.04       1.36       0.62       0.9        3.84     )	-21.472029
229	(   1.52       2.04       1.36       0.62       0          5.84     )	 -1.721938
230	(   1.52       1.04       1.36       0.62       0.9        2.84     )	-19.057649
231	(   1.52       1.04       1.36       0.62       0.9        4.84     )	-17.721625
232	(   0.52       1.04       0.36       0          0.9        3.84     )	  7.225472
233	(   1.52       1.04       1.36       0.62       0          3.84     )	-17.851144
234	(   1.52       0.04       1.36       0.62       0.9        3.84     )	 -6.913856
235	(   2.52       1.04       2.36       1.62       0.9        3.84     )	  7.823253
236	(   0.52       2.04       2.36       0.62       0          3.84     )	 -0.571993
237	(   1.97       1.04       1.21       0.62       0.9        3.84     )	-15.91384 
238	(   1.45       1.51       1.8        0.96       0.75       4.84     )	-12.588018
239	(   1.4        0.85       1.49       0.39       0.88       3.17     )	-19.643188
240	(   1.39       1.05       1.38       0.64       0.98       4.02     )	-20.937304
241	(   1.47       1.08       1.36       0.62       0.4        3.79     )	-20.100368
242	(   1.55       1.02       1.86       0.62       0.9        3.87     )	-18.412725
243	(   1.52       1.04       1.36       1.12       0.9        3.84     )	-19.370483
244	(   1.65       1.42       1.4        0.62       0.96       3.34     )	-17.146445
245	(   1.02       1.41       1.4        0.62       0.96       4        )	-12.747537
246	(   1.02       0.57       1.4        0.62       0.96       3.35     )	-12.627677
247	(   1.53       1.03       1.35       0.62       0.93       3.85     )	-21.425856
248	(   1.54       1.05       1.35       0.64       1.16       3.55     )	-20.970028
249	(   1.57       1.08       1.36       0.68       0.85       3.89     )	-21.524702
250	(   1.68       1.13       1.34       0.75       0.7        3.97     )	-20.577772
251	(   1.56       1.14       1.35       0.75       0.75       3.94     )	-21.261208
252	(   1.64       1.08       1.35       0.67       0.85       3.62     )	-20.969951
253	(   1.58       1.07       1.36       0.66       0.88       3.72     )	-21.440757
254	(   1.5        1.08       1.38       0.68       0.58       4.14     )	-20.774614
255	(   1.53       1.06       1.36       0.65       1.01       3.7      )	-21.489387
256	(   1.73       1.1        1.3        0.71       0.87       3.81     )	-20.385253
257	(   1.46       1.06       1.38       0.64       0.89       3.83     )	-21.518328

BBE ( SOL ) OBJ
258	(   1.5        0.97       1.37       0.54       1.07       3.67     )	-20.969065
259	(   1.55       1.1        1.36       0.7        0.83       3.87     )	-21.54966 
260	(   1.54       1.11       1.38       0.7        0.86       3.77     )	-21.616152
261	(   1.55       1.15       1.39       0.74       0.82       3.73     )	-21.438357
262	(   1.48       1.08       1.37       0.67       0.9        3.91     )	-21.546904
263	(   1.52       1.12       1.38       0.73       0.88       3.82     )	-21.658268
264	(   1.53       1.17       1.39       0.78       0.87       3.81     )	-21.478257
265	(   1.51       1.12       1.38       0.72       0.73       4        )	-21.331273
266	(   1.53       1.08       1.37       0.67       0.94       3.77     )	-21.630918
267	(   1.6        1.13       1.36       0.74       0.86       3.85     )	-21.463637
268	(   1.5        1.08       1.38       0.67       0.88       3.83     )	-21.648618
269	(   1.47       1.11       1.39       0.7        0.91       3.77     )	-21.593148
270	(   1.56       1.12       1.38       0.72       0.87       3.7      )	-21.524895
271	(   1.5        1.09       1.37       0.68       0.89       3.86     )	-21.613026
272	(   1.47       1.1        1.4        0.68       0.96       3.74     )	-21.615798
273	(   1.55       1.08       1.37       0.68       0.89       3.83     )	-21.640213
274	(   1.54       1.1        1.39       0.7        0.91       3.73     )	-21.672993
275	(   1.56       1.11       1.4        0.71       0.93       3.66     )	-21.567956
276	(   1.59       1.09       1.36       0.7        0.83       3.84     )	-21.485142
277	(   1.5        1.1        1.39       0.69       0.93       3.77     )	-21.682433
278	(   1.51       1.08       1.38       0.68       0.95       3.81     )	-21.692661
279	(   1.49       1.06       1.38       0.67       1          3.84     )	-21.636016
280	(   1.51       1.11       1.39       0.71       0.87       3.83     )	-21.688974
281	(   1.48       1.12       1.4        0.71       0.92       3.77     )	-21.637823
282	(   1.53       1.09       1.38       0.69       0.9        3.81     )	-21.696088
283	(   1.54       1.12       1.39       0.73       0.93       3.76     )	-21.682255
284	(   1.52       1.08       1.39       0.67       0.95       3.75     )	-21.687722
285	(   1.5        1.09       1.38       0.69       0.93       3.85     )	-21.683451
286	(   1.59       1.12       1.38       0.72       0.75       3.81     )	-21.34234 
287	(   1.73       1.17       1.74       0.3        1.16       3.47     )	-14.654633
288	(   1.48       1.06       1.38       0.65       0.91       3.85     )	-21.596646
289	(   1.53       1.11       1.39       0.71       0.93       3.78     )	-21.71084 
290	(   1.53       1.17       1.42       0.77       1.02       3.69     )	-21.426787
291	(   1.46       0.74       1.59       0.78       0.99       3.97     )	-19.039711
292	(   1.53       1.09       1.38       0.69       0.91       3.84     )	-21.703635
293	(   1.57       1.12       1.37       0.91       1.03       3.94     )	-21.322526
294	(   1.33       1.05       1.49       0.8        0.46       3.83     )	-20.0168  
295	(   1.56       0.91       1.38       0.7        0.99       3.88     )	-21.23547 
296	(   1.58       1.12       1.59       0.69       1.05       3.96     )	-21.129585
297	(   1.71       1.07       1.46       0.77       0.61       3.28     )	-19.133479

BBE ( SOL ) OBJ
298	(   1.4        1.07       1.46       0.77       1.43       3.29     )	-18.769468
299	(   1.53       1.11       1.39       0.71       0.93       3.79     )	-21.716668
300	(   1.53       1.11       1.39       0.71       0.93       3.82     )	-21.729039
301	(   1.53       1.11       1.39       0.71       0.93       3.91     )	-21.718997
302	(   1.59       0.74       1.43       0.82       0          4.72     )	-17.187822
303	(   1.53       1.12       1.38       0.73       0.88       3.92     )	-21.658538
304	(   1.52       1.09       1.39       0.68       0.93       3.79     )	-21.711665
305	(   1.53       1.17       1.43       0.91       0.86       3.82     )	-21.093257
306	(   1.53       1.12       1.59       0.64       0.58       3.8      )	-20.729728
307	(   1.53       1.12       1.4        0.71       0.92       4.32     )	-20.741828
308	(   1.73       1.11       1.39       0.71       0.93       3.82     )	-20.608832
309	(   1.53       1.27       1.51       0.67       1.43       3.81     )	-19.990921
310	(   1.53       0.91       1.49       0.76       1.2        3.84     )	-20.74434 
311	(   1.73       0.91       1.59       0.91       0.58       4.15     )	-18.323669
312	(   1.54       1.08       1.38       0.68       0.98       3.83     )	-21.690829
313	(   1.53       1.09       1.38       0.69       0.95       3.83     )	-21.708925
314	(   1.55       1.01       1.39       0.72       0.92       3.85     )	-21.74532 
315	(   1.61       0.71       1.39       0.75       0.89       3.94     )	-19.124195
316	(   1.47       0.97       1.59       0.52       0.88       3.86     )	-20.96263 
317	(   1.55       1.09       1.39       0.72       0.91       3.87     )	-21.766218
318	(   1.58       1.09       1.4        0.74       0.89       3.9      )	-21.735398
319	(   1.54       1.08       1.4        0.72       0.95       3.85     )	-21.813747
320	(   1.55       1.07       1.41       0.74       0.97       3.86     )	-21.833809
321	(   1.55       1.07       1.41       0.74       0.91       3.87     )	-21.836194
322	(   1.56       1.06       1.42       0.76       0.9        3.89     )	-21.827204
323	(   1.57       1.06       1.4        0.77       0.93       3.94     )	-21.774795
324	(   1.57       1.03       1.41       0.76       0.93       3.83     )	-21.774376
325	(   1.58       1          1.41       0.77       0.93       3.92     )	-21.66907 
326	(   1.54       1.08       1.4        0.73       0.93       3.85     )	-21.82112 
327	(   1.56       1.12       1.42       0.77       0.94       3.89     )	-21.785819
328	(   1.56       1.05       1.43       0.78       0.96       3.88     )	-21.810742
329	(   1.54       1.12       1.41       0.75       0.95       3.93     )	-21.774628
330	(   1.55       1.1        1.41       0.75       0.95       3.91     )	-21.812406
331	(   1.53       1.1        1.43       0.73       0.96       3.81     )	-21.837611
332	(   1.52       1.13       1.44       0.72       0.97       3.75     )	-21.739378
333	(   1.53       1.04       1.41       0.72       0.95       3.84     )	-21.832341
334	(   1.52       1.1        1.39       0.69       0.93       3.83     )	-21.720177
335	(   1.55       1.06       1.42       0.76       0.95       3.87     )	-21.845668
336	(   1.53       1.04       1.42       0.72       0.94       3.79     )	-21.837189
337	(   1.54       1.05       1.43       0.74       0.96       3.83     )	-21.854861

BBE ( SOL ) OBJ
338	(   1.54       1.03       1.45       0.75       0.98       3.82     )	-21.811678
339	(   1.55       1.09       1.43       0.76       0.95       3.84     )	-21.843324
340	(   1.53       1.07       1.44       0.74       0.92       3.81     )	-21.870896
341	(   1.53       1.07       1.45       0.75       0.9        3.79     )	-21.853358
342	(   1.53       1.07       1.45       0.74       0.98       3.78     )	-21.841954
343	(   1.55       1.11       1.45       0.77       0.97       3.86     )	-21.820576
344	(   1.53       1.06       1.43       0.73       0.95       3.81     )	-21.863953
345	(   1.55       1.03       1.44       0.76       0.94       3.84     )	-21.819164
346	(   1.53       1.08       1.43       0.74       0.96       3.82     )	-21.860443
347	(   1.5        1.13       1.47       0.74       0.8        3.75     )	-21.633527
348	(   1.44       1.01       1.59       0.66       0.8        3.59     )	-21.348611
349	(   1.52       1.04       1.44       0.73       0.93       3.8      )	-21.861173
350	(   1.51       1.06       1.45       0.72       0.92       3.75     )	-21.848556
351	(   1.52       1.06       1.45       0.73       0.93       3.78     )	-21.865566
352	(   1.53       1.05       1.42       0.72       0.98       3.83     )	-21.839439
353	(   1.53       1.07       1.44       0.74       0.92       3.8      )	-21.866412
354	(   1.51       1.08       1.45       0.73       0.91       3.78     )	-21.856626
355	(   1.52       1.07       1.44       0.73       0.92       3.79     )	-21.86629 
356	(   1.52       1.04       1.45       0.73       0.9        3.78     )	-21.855373
357	(   1.53       1.07       1.44       0.74       0.94       3.81     )	-21.87053 
358	(   1.53       1.09       1.44       0.74       0.93       3.8      )	-21.854163
359	(   1.52       1.05       1.44       0.73       0.93       3.8      )	-21.86862 
360	(   1.52       1.07       1.45       0.74       0.9        3.79     )	-21.863203
361	(   1.53       1.06       1.44       0.73       0.94       3.8      )	-21.868284
362	(   1.53       1.07       1.43       0.74       0.93       3.82     )	-21.868649
363	(   1.54       1.06       1.44       0.74       0.94       3.82     )	-21.866812
364	(   1.53       1.06       1.44       0.73       0.95       3.82     )	-21.873147
365	(   1.53       1.05       1.44       0.73       0.96       3.83     )	-21.86671 
366	(   1.52       1.07       1.44       0.73       0.93       3.8      )	-21.871141
367	(   1.52       1.07       1.44       0.74       0.93       3.82     )	-21.875748
368	(   1.52       1.08       1.44       0.75       0.92       3.83     )	-21.868963
369	(   1.53       1.09       1.44       0.74       0.94       3.83     )	-21.866735
370	(   1.52       1.06       1.44       0.73       0.93       3.81     )	-21.875659
371	(   1.52       1.06       1.45       0.73       0.94       3.8      )	-21.87401 
372	(   1.49       1.1        1.44       0.77       0.87       3.82     )	-21.762311
373	(   1.47       0.96       1.46       0.69       0.74       3.8      )	-21.563495
374	(   1.52       1.07       1.44       0.64       0.92       3.83     )	-21.742674
375	(   1.46       1          1.53       0.74       0.55       3.32     )	-20.678153
376	(   1.55       0.87       1.4        0.74       1.1        3.69     )	-20.7619  
377	(   1.44       0.97       1.41       0.74       0.43       4.22     )	-20.301563

BBE ( SOL ) OBJ
378	(   1.45       0.99       1.54       0.74       1.22       4.17     )	-20.353329
379	(   1.72       1.04       1.47       0.74       0.8        3.92     )	-20.527723
380	(   1.52       1.07       1.44       0.74       0.94       3.82     )	-21.874797
381	(   1.51       1.06       1.4574     0.7233     0.91       3.86     )	-21.883528
382	(   1.48       1.03       1.5074     0.6733     0.85       3.98     )	-21.67192 
383	(   1.52       1.06       1.4474     0.7233     0.92       3.8      )	-21.876021
384	(   1.51       1.07       1.4474     0.7333     0.91       3.82     )	-21.877009
385	(   1.51       1.07       1.4374     0.7333     0.91       3.84     )	-21.874164
386	(   1.52       1.07       1.4474     0.7333     0.92       3.83     )	-21.883246
387	(   1.51       0.96       1.4674     0.7333     0.92       3.87     )	-21.639796
388	(   1.5        1.05       1.4074     0.6933     1.11       3.82     )	-21.614308
389	(   1.61       1.06       1.4274     0.7033     0.89       3.83     )	-21.603377
390	(   1.47       1.04       1.4174     0.6233     0.79       3.71     )	-21.559697
391	(   1.49       1.05       1.3574     0.8033     0.84       3.78     )	-21.495434
392	(   1.52       1.06       1.4774     0.7333     0.93       3.36     )	-20.975603
393	(   1.51       1.06       1.4574     0.7333     0.92       3.87     )	-21.881765
394	(   1.48       1.03       1.5096     0.6732     0.85       3.98     )	-21.668519
395	(   1.5167     1.0662     1.4575     0.727      0.92       3.85     )	-21.887003
396	(   1.5367     1.0862     1.4575     0.737      0.95       3.82     )	-21.864153
397	(   1.5067     1.0562     1.4675     0.717      0.9        3.86     )	-21.877614
398	(   1.5067     1.0662     1.4675     0.737      0.91       3.9      )	-21.868715
399	(   1.5167     1.0662     1.4475     0.727      0.92       3.82     )	-21.882211
400	(   1.5167     1.0562     1.4675     0.717      0.92       3.88     )	-21.874893
401	(   1.5067     1.0662     1.4475     0.727      0.91       3.83     )	-21.879275
402	(   1.5167     1.0762     1.4375     0.737      0.93       3.83     )	-21.874639
403	(   1.5067     1.0562     1.4575     0.727      0.91       3.85     )	-21.881812
404	(   1.5167     1.0562     1.4575     0.727      0.92       3.86     )	-21.884154
405	(   1.5167     1.0662     1.4475     0.717      0.91       3.82     )	-21.879949
406	(   1.5167     1.0662     1.4575     0.727      0.92       3.86     )	-21.886449
407	(   1.5267     1.0762     1.4475     0.727      0.93       3.84     )	-21.882043
408	(   1.5167     1.0662     1.4475     0.727      0.92       3.85     )	-21.885621
409	(   1.5167     1.0662     1.4575     0.727      0.82       3.85     )	-21.829728
410	(   1.5167     1.0662     1.4575     0.727      0.92       3.65     )	-21.728304
411	(   1.4867     1.0262     1.4675     0.627      0.92       3.85     )	-21.717521
412	(   1.4867     1.0262     1.3575     0.737      0.92       3.85     )	-21.621003
413	(   1.6167     1.0562     1.4275     0.697      0.92       3.85     )	-21.567513
414	(   1.5267     0.9662     1.4975     0.767      0.92       3.85     )	-21.571748
415	(   1.5368     1.0848     1.4578     0.7381     0.95       3.82     )	-21.864611
416	(   1.5174     1.0661     1.4572     0.7286     0.9224     3.85     )	-21.88709 
417	(   1.5174     1.0661     1.4572     0.7286     0.9324     3.85     )	-21.886735

BBE ( SOL ) OBJ
418	(   1.5274     1.0661     1.4572     0.7286     0.9324     3.85     )	-21.884192
419	(   1.5174     1.0761     1.4572     0.7286     0.9324     3.84     )	-21.884851
420	(   1.5074     1.0661     1.4572     0.7286     0.9124     3.85     )	-21.883665
421	(   1.5174     1.0661     1.4572     0.7086     0.8224     3.86     )	-21.82421 
422	(   1.5074     1.0661     1.4572     0.7786     0.9124     3.95     )	-21.807756
423	(   1.5174     1.0661     1.3572     0.7386     0.9224     3.85     )	-21.693739
424	(   1.5174     0.9661     1.4572     0.7386     0.9224     3.85     )	-21.673486
425	(   1.4174     1.0661     1.4572     0.6986     0.9224     3.86     )	-21.614218
426	(   1.5574     1.0561     1.4372     0.6286     0.9524     3.91     )	-21.590704
427	(   1.5195     1.0658     1.4563     0.7334     0.9296     3.85     )	-21.886485
428	(   1.518      1.0658     1.456      0.7285     0.9238     3.8489   )	-21.887167
429	(   1.5198     1.0649     1.4524     0.7282     0.928      3.8456   )	-21.886842
430	(   1.5182     1.0658     1.4558     0.7289     0.9241     3.8493   )	-21.887162
431	(   1.5181     1.0659     1.4662     0.7292     0.9276     3.8527   )	-21.884459
432	(   1.5171     1.0661     1.4522     0.7276     0.9219     3.8507   )	-21.8869  
433	(   1.5205     1.0633     1.406      0.7364     0.9184     3.8433   )	-21.84009 
434	(   1.4954     1.0881     1.444      0.7358     0.9719     3.8989   )	-21.832998
435	(   1.5129     1.0158     1.4533     0.7127     0.9346     3.8601   )	-21.829638
436	(   1.5341     1.0499     1.4645     0.7785     0.8896     3.8909   )	-21.82443 
437	(   1.568      1.0709     1.4533     0.7124     0.9348     3.8603   )	-21.803314
438	(   1.5341     1.0499     1.4645     0.7785     0.9702     3.8133   )	-21.800007
439	(   1.5175     1.0663     1.4565     0.7276     0.9229     3.848    )	-21.88716 
440	(   1.5179     1.0667     1.4555     0.7279     0.9243     3.8494   )	-21.887203
441	(   1.5176     1.0694     1.454      0.7261     0.9258     3.8509   )	-21.886885
442	(   1.518      1.0667     1.4554     0.7279     0.9243     3.8494   )	-21.887204
443	(   1.5183     1.0667     1.4551     0.7279     0.9243     3.8494   )	-21.8872  
444	(   1.519      1.0663     1.4546     0.7295     0.9273     3.8483   )	-21.88711 
445	(   1.5202     1.0645     1.4578     0.7267     0.9296     3.8694   )	-21.88467 
446	(   1.5204     1.0643     1.4581     0.7479     0.9302     3.8482   )	-21.879501
447	(   1.5232     1.0867     1.4611     0.725      0.937      3.8468   )	-21.877865
448	(   1.498      1.0615     1.4611     0.725      0.9369     3.8468   )	-21.875086
449	(   1.5241     1.0606     1.4354     0.7245     0.9391     3.8463   )	-21.87766 
450	(   1.4999     1.0849     1.4354     0.738      0.9163     3.8585   )	-21.852385
451	(   1.5182     1.0665     1.4556     0.7277     0.9237     3.8489   )	-21.887193
452	(   1.5179     1.0666     1.4554     0.728      0.9248     3.8488   )	-21.887203
453	(   1.5186     1.0664     1.4547     0.7287     0.9254     3.8502   )	-21.887186
454	(   1.5178     1.0663     1.4548     0.7262     0.9343     3.8498   )	-21.886626
455	(   1.5176     1.0657     1.4541     0.7238     0.9239     3.8394   )	-21.886619
456	(   1.5186     1.0682     1.4454     0.7342     0.925      3.848    )	-21.884866
457	(   1.5184     1.0567     1.4568     0.7323     0.9248     3.8484   )	-21.884469

BBE ( SOL ) OBJ
458	(   1.5203     1.0731     1.4639     0.7379     0.9271     3.8434   )	-21.882724
459	(   1.508      1.0671     1.4559     0.7294     0.9245     3.8491   )	-21.884187
460	(   1.5181     1.0667     1.4554     0.7278     0.9242     3.8497   )	-21.887201
461	(   1.517976   1.066499   1.455303   0.727877   0.924941   3.849809 )	-21.887201
462	(   1.517425   1.066833   1.456168   0.727026   0.923347   3.84847  )	-21.887172
463	(   1.518306   1.066508   1.455067   0.728281   0.924887   3.849767 )	-21.887201
464	(   1.518287   1.066571   1.455614   0.727733   0.924123   3.8444   )	-21.887099
465	(   1.519608   1.069719   1.4504     0.731796   0.92843    3.848925 )	-21.886454
466	(   1.515831   1.0617     1.453783   0.72916    0.925635   3.849246 )	-21.886438
467	(   1.521577   1.065091   1.458066   0.725823   0.9293     3.849653 )	-21.886207
468	(   1.521218   1.065252   1.457799   0.7329     0.922319   3.849628 )	-21.886255
469	(   1.513      1.06895    1.459989   0.730804   0.927378   3.849046 )	-21.885869
470	(   1.517973   1.066734   1.455359   0.727798   0.92417    3.849454 )	-21.887202
471	(   1.518087   1.067041   1.455405   0.728237   0.924464   3.84927  )	-21.887202
472	(   1.518011   1.066993   1.455518   0.728001   0.923804   3.848866 )	-21.887197
473	(   1.517985   1.066622   1.455357   0.727908   0.924657   3.849573 )	-21.887204
474	(   1.517848   1.066766   1.455407   0.728114   0.924697   3.848932 )	-21.887204
475	(   1.517782   1.066333   1.455403   0.727636   0.924511   3.84925  )	-21.887199
476	(   1.518011   1.066864   1.455404   0.728087   0.924476   3.849265 )	-21.887204
477	(   1.517908   1.066683   1.455464   0.728172   0.924907   3.849003 )	-21.887203
478	(   1.517925   1.066696   1.455437   0.728078   0.924723   3.849115 )	-21.887204
479	(   1.51799    1.066849   1.455435   0.727996   0.924251   3.849762 )	-21.887202
480	(   1.517922   1.066662   1.455409   0.727999   0.924663   3.84904  )	-21.887204
481	(   1.517997   1.066737   1.455305   0.728129   0.924872   3.849042 )	-21.887204
482	(   1.517973   1.066728   1.455353   0.728072   0.924729   3.849131 )	-21.887205
483	(   1.517992   1.066797   1.455377   0.728054   0.924531   3.849432 )	-21.887205
484	(   1.517892   1.066812   1.455212   0.728588   0.926016   3.848325 )	-21.887183
485	(   1.518023   1.066736   1.455296   0.728088   0.924627   3.849276 )	-21.887205
486	(   1.517929   1.066586   1.455326   0.727958   0.924704   3.849317 )	-21.887204
487	(   1.51795    1.066655   1.455345   0.727991   0.924647   3.849304 )	-21.887205
488	(   1.518371   1.068728   1.45509    0.72774    0.924525   3.848765 )	-21.887108
489	(   1.518677   1.06657    1.454887   0.727485   0.924367   3.854131 )	-21.887072
490	(   1.517612   1.066809   1.455592   0.728373   0.919729   3.849463 )	-21.887074
491	(   1.519973   1.066278   1.45403    0.729237   0.923702   3.847291 )	-21.887061
492	(   1.51754    1.066189   1.453766   0.726072   0.923497   3.846924 )	-21.887062
493	(   1.516192   1.067128   1.453353   0.729557   0.925643   3.85077  )	-21.886916
494	(   1.517942   1.06673    1.455453   0.728077   0.924906   3.84917  )	-21.887204
495	(   1.518029   1.066761   1.455316   0.728092   0.924715   3.849349 )	-21.887205
496	(   1.518004   1.066837   1.455339   0.728158   0.924526   3.849058 )	-21.887204
497	(   1.517999   1.066783   1.455343   0.728095   0.924559   3.849187 )	-21.887205

BBE ( SOL ) OBJ
498	(   1.518109   1.066613   1.455419   0.72798    0.924981   3.851131 )	-21.887188
499	(   1.518691   1.067644   1.454825   0.728805   0.922729   3.849605 )	-21.887146
500	(   1.517408   1.067208   1.455076   0.727072   0.923681   3.849379 )	-21.887165
501	(   1.517074   1.065728   1.454913   0.728683   0.923062   3.849526 )	-21.88714 
502	(   1.518317   1.066436   1.454353   0.727838   0.925366   3.84898  )	-21.887182
503	(   1.516973   1.067577   1.454863   0.728752   0.926467   3.84957  )	-21.887118
504	(   1.517987   1.066721   1.45538    0.728064   0.924753   3.849097 )	-21.887205
505	(   1.518691   1.066446   1.456      0.7289     0.922729   3.851131 )	-21.887136
506	(   1.518002   1.066766   1.455297   0.728067   0.924516   3.849463 )	-21.887205
507	(   1.517998   1.066755   1.455317   0.728066   0.924575   3.849371 )	-21.887205
508	(   1.517728   1.066334   1.454957   0.728331   0.925045   3.850131 )	-21.887191
509	(   1.51815    1.066612   1.455237   0.727572   0.924822   3.849425 )	-21.887198
510	(   1.518071   1.066663   1.455288   0.728114   0.923729   3.849295 )	-21.887201
511	(   1.517473   1.067056   1.455683   0.727856   0.924466   3.849987 )	-21.887192
512	(   1.518309   1.067228   1.455132   0.728217   0.924906   3.849691 )	-21.887199
513	(   1.518312   1.066506   1.455853   0.728218   0.924908   3.849696 )	-21.88719 
514	(   1.517978   1.066723   1.455316   0.728083   0.924738   3.849027 )	-21.887205
515	(   1.517728   1.067041   1.454957   0.727798   0.925045   3.8488   )	-21.887194
516	(   1.518002   1.066766   1.455297   0.728067   0.924516   3.849463 )	-21.887205
517	(   1.517998   1.066755   1.455317   0.728066   0.924575   3.849371 )	-21.887205
518	(   1.518151   1.066928   1.455313   0.728177   0.924959   3.849609 )	-21.887204
519	(   1.517878   1.066928   1.455182   0.728016   0.924606   3.848876 )	-21.887202
520	(   1.51806    1.066826   1.455509   0.728123   0.924841   3.848631 )	-21.887201
521	(   1.518173   1.066642   1.455216   0.728027   0.924631   3.848927 )	-21.887203
522	(   1.517937   1.066688   1.455288   0.728272   0.924683   3.849035 )	-21.887204
523	(   1.518004   1.066763   1.455408   0.72809    0.924229   3.849214 )	-21.887204
524	(   1.517962   1.066715   1.455341   0.72806    0.924723   3.849188 )	-21.887205
525	(   1.518173   1.066586   1.455268   0.728272   0.924476   3.8488   )	-21.887202
526	(   1.517991   1.066732   1.455359   0.728065   0.924694   3.849188 )	-21.887205
527	(   1.518073   1.06673    1.455355   0.728074   0.924727   3.849127 )	-21.887205
528	(   1.517975   1.066828   1.455294   0.728016   0.924794   3.849269 )	-21.887205
529	(   1.517974   1.066703   1.455323   0.728043   0.924529   3.849202 )	-21.887205
530	(   1.517977   1.066656   1.455451   0.727991   0.924824   3.849331 )	-21.887204
531	(   1.51797    1.066792   1.455429   0.727972   0.924645   3.848953 )	-21.887204
532	(   1.517977   1.066644   1.455253   0.727977   0.92484    3.848999 )	-21.887204
533	(   1.517972   1.066729   1.455352   0.728077   0.924728   3.849128 )	-21.887205
534	(   1.517973   1.066778   1.455352   0.728073   0.924732   3.849134 )	-21.887205
535	(   1.518023   1.066728   1.455353   0.728072   0.924728   3.849131 )	-21.887205
536	(   1.517973   1.06673    1.455398   0.728049   0.924763   3.849031 )	-21.887204
537	(   1.517973   1.06673    1.455393   0.728051   0.924629   3.849188 )	-21.887205

BBE ( SOL ) OBJ
538	(   1.517973   1.06673    1.455311   0.728051   0.924629   3.849042 )	-21.887205
539	(   1.517973   1.066729   1.455368   0.728122   0.924692   3.849098 )	-21.887205
540	(   1.517924   1.066672   1.455297   0.728087   0.92493    3.849295 )	-21.887204
541	(   1.517966   1.066724   1.455367   0.728064   0.924691   3.849143 )	-21.887205
542	(   1.517953   1.066742   1.455347   0.728076   0.92474    3.849126 )	-21.887205
543	(   1.517992   1.066737   1.455333   0.728084   0.924764   3.849114 )	-21.887205
544	(   1.51798    1.066743   1.455373   0.728076   0.924741   3.849125 )	-21.887205
545	(   1.517976   1.066736   1.45535    0.728052   0.924735   3.849128 )	-21.887205
546	(   1.517969   1.066719   1.455357   0.728069   0.924779   3.849135 )	-21.887205
547	(   1.517971   1.066724   1.455355   0.728071   0.924726   3.849081 )	-21.887205
548	(   1.51797    1.066695   1.455357   0.728075   0.924618   3.849209 )	-21.887205
549	(   1.517999   1.066723   1.45533    0.728067   0.924693   3.849175 )	-21.887205
550	(   1.517992   1.066724   1.455335   0.728069   0.924702   3.849163 )	-21.887205
551	(   1.51797    1.066718   1.455344   0.728075   0.924714   3.849132 )	-21.887205
552	(   1.517983   1.066726   1.455351   0.728073   0.924733   3.849132 )	-21.887205
553	(   1.517976   1.066724   1.455363   0.728069   0.92471    3.84913  )	-21.887205
554	(   1.51797    1.066718   1.455359   0.728075   0.924746   3.849132 )	-21.887205
555	(   1.517974   1.06673    1.455355   0.728082   0.924726   3.849131 )	-21.887205
556	(   1.517973   1.066728   1.455353   0.728072   0.924728   3.849151 )	-21.887205
557	(   1.517965   1.066752   1.455347   0.728059   0.924746   3.84911  )	-21.887205
558	(   1.51798    1.066718   1.455353   0.728082   0.92471    3.849151 )	-21.887205
559	(   1.517997   1.066708   1.455371   0.728058   0.924699   3.849166 )	-21.887205
560	(   1.517986   1.066716   1.455365   0.728062   0.924709   3.849156 )	-21.887205
561	(   1.517971   1.066733   1.455352   0.728074   0.924735   3.849128 )	-21.887205
562	(   1.517971   1.066726   1.455352   0.728067   0.924738   3.849126 )	-21.887205
563	(   1.517977   1.066732   1.455355   0.728067   0.924732   3.84914  )	-21.887205
564	(   1.517968   1.06673    1.455354   0.72807    0.924723   3.849135 )	-21.887205
565	(   1.517973   1.066728   1.455358   0.728073   0.924731   3.84913  )	-21.887205
566	(   1.517975   1.06673    1.455354   0.72807    0.924723   3.849121 )	-21.887205
567	(   1.517977   1.066719   1.455347   0.728084   0.924722   3.849139 )	-21.887205
568	(   1.517973   1.06672    1.45536    0.728061   0.92472    3.849134 )	-21.887205
569	(   1.517973   1.066722   1.455359   0.728066   0.924721   3.849133 )	-21.887205
570	(   1.517973   1.066728   1.455351   0.728072   0.92473    3.849133 )	-21.887205
571	(   1.517975   1.066728   1.455353   0.728072   0.924728   3.849127 )	-21.887205
572	(   1.517973   1.06673    1.455353   0.728072   0.92473    3.849133 )	-21.887205
573	(   1.517973   1.066728   1.455353   0.728074   0.92473    3.849133 )	-21.887205
574	(   1.517972   1.066728   1.455353   0.728072   0.924734   3.849128 )	-21.887205
575	(   1.517971   1.066729   1.455352   0.728073   0.924725   3.849128 )	-21.887205
576	(   1.517973   1.066724   1.455356   0.728069   0.924728   3.849136 )	-21.887205
577	(   1.517965   1.066726   1.455352   0.728077   0.924729   3.84912  )	-21.887205

BBE ( SOL ) OBJ
578	(   1.517968   1.066727   1.455353   0.728075   0.92473    3.849125 )	-21.887205
579	(   1.517974   1.066728   1.455353   0.728072   0.924729   3.849131 )	-21.887205
580	(   1.517973   1.066729   1.455353   0.728072   0.924729   3.849131 )	-21.887205
581	(   1.517973   1.066728   1.455354   0.728072   0.924729   3.849132 )	-21.887205
582	(   1.517973   1.066728   1.455353   0.728073   0.924729   3.849129 )	-21.887205
583	(   1.517973   1.066728   1.455353   0.728072   0.924731   3.849132 )	-21.887205
584	(   1.517973   1.066728   1.455353   0.728071   0.924729   3.84913  )	-21.887205
585	(   1.517973   1.066727   1.455351   0.728072   0.924726   3.849134 )	-21.887205
586	(   1.517974   1.066729   1.455354   0.728071   0.924731   3.849129 )	-21.887205
587	(   1.517976   1.066728   1.455353   0.728072   0.924735   3.849134 )	-21.887205
588	(   1.517975   1.066728   1.455353   0.728072   0.924732   3.849132 )	-21.887205
589	(   1.517973   1.066728   1.455353   0.728072   0.924728   3.849131 )	-21.887205
590	(   1.517974   1.066728   1.455353   0.728072   0.924729   3.849131 )	-21.887205
591	(   1.517973   1.066728   1.455353   0.728072   0.92473    3.849132 )	-21.887205
592	(   1.517973   1.066728   1.455353   0.728072   0.924729   3.849132 )	-21.887205
593	(   1.517973   1.066728   1.455353   0.728071   0.924729   3.849131 )	-21.887205
594	(   1.517973   1.066728   1.455353   0.728072   0.924729   3.84913  )	-21.887205
595	(   1.517973   1.066727   1.455353   0.728072   0.924729   3.849131 )	-21.887205
596	(   1.517974   1.066728   1.455353   0.728073   0.924729   3.849132 )	-21.887205
597	(   1.517973   1.066728   1.455353   0.728073   0.924729   3.849131 )	-21.887205
598	(   1.517973   1.066728   1.455353   0.728072   0.924729   3.849131 )	-21.887205
599	(   1.517973   1.066728   1.455353   0.728072   0.924729   3.849131 )	-21.887205
600	(   1.517973   1.066728   1.455353   0.728072   0.924729   3.849131 )	-21.887205
601	(   1.517973   1.066728   1.455353   0.728072   0.924729   3.849131 )	-21.887205
602	(   1.517973   1.066728   1.455353   0.728072   0.924729   3.849131 )	-21.887205
603	(   1.517973   1.066728   1.455353   0.728072   0.924729   3.849131 )	-21.887205
604	(   1.517973   1.066728   1.455353   0.728072   0.924729   3.849133 )	-21.887205
605	(   1.517973   1.066728   1.455353   0.728072   0.924729   3.849131 )	-21.887205
606	(   1.517973   1.066728   1.455353   0.728072   0.924729   3.849133 )	-21.887205
607	(   1.517973   1.066728   1.455353   0.728072   0.924729   3.849132 )	-21.887205
608	(   1.517973   1.066728   1.455353   0.728072   0.924729   3.849131 )	-21.887205
609	(   1.517973   1.066728   1.455353   0.728072   0.924729   3.849131 )	-21.887205
610	(   1.517973   1.066728   1.455353   0.728072   0.924729   3.849131 )	-21.887205
611	(   1.517973   1.066728   1.455353   0.728072   0.924729   3.849131 )	-21.887205
612	(   1.517973   1.066728   1.455353   0.728072   0.924729   3.849132 )	-21.887205
613	(   1.517973   1.066728   1.455353   0.728072   0.924729   3.849131 )	-21.887205
614	(   1.517973   1.066728   1.455353   0.728072   0.924729   3.849131 )	-21.887205
615	(   1.517973   1.066728   1.455353   0.728072   0.924729   3.849132 )	-21.887205
616	(   1.517973   1.066728   1.455353   0.728072   0.924729   3.849131 )	-21.887205
617	(   1.517973   1.066728   1.455353   0.728072   0.924729   3.849131 )	-21.887205

BBE ( SOL ) OBJ
618	(   1.517973   1.066728   1.455353   0.728072   0.924729   3.849131 )	-21.887205
619	(   1.517973   1.066728   1.455353   0.728072   0.924729   3.849131 )	-21.887205
620	(   1.517973   1.066728   1.455353   0.728072   0.924729   3.849131 )	-21.887205
621	(   1.517973   1.066728   1.455353   0.728072   0.924729   3.849131 )	-21.887205
622	(   1.517973   1.066728   1.455353   0.728072   0.924729   3.849131 )	-21.887205
623	(   1.517973   1.066728   1.455353   0.728072   0.924729   3.849131 )	-21.887205
624	(   1.517973   1.066728   1.455353   0.728072   0.924729   3.849131 )	-21.887205
625	(   1.517973   1.066728   1.455353   0.728072   0.924729   3.849131 )	-21.887205
626	(   1.517973   1.066728   1.455353   0.728072   0.924729   3.849131 )	-21.887205
627	(   1.517973   1.066728   1.455353   0.728072   0.924729   3.849131 )	-21.887205
628	(   1.517973   1.066728   1.455353   0.728072   0.924729   3.849131 )	-21.887205
629	(   1.517973   1.066728   1.455353   0.728072   0.924729   3.849131 )	-21.887205
630	(   1.517973   1.066728   1.455353   0.728072   0.924729   3.849131 )	-21.887205
631	(   1.517973   1.066728   1.455353   0.728072   0.924729   3.849131 )	-21.887205
632	(   1.517973   1.066728   1.455353   0.728072   0.924729   3.849131 )	-21.887205
633	(   1.517973   1.066728   1.455353   0.728072   0.924729   3.849131 )	-21.887205
634	(   1.517973   1.066728   1.455353   0.728072   0.924729   3.849131 )	-21.887205
635	(   1.517973   1.066728   1.455353   0.728072   0.924729   3.849131 )	-21.887205
636	(   1.517973   1.066728   1.455353   0.728072   0.924729   3.849131 )	-21.887205
637	(   1.517973   1.066728   1.455353   0.728072   0.924729   3.849131 )	-21.887205
638	(   1.517973   1.066728   1.455353   0.728072   0.924729   3.849131 )	-21.887205
639	(   1.517973   1.066728   1.455353   0.728072   0.924729   3.849131 )	-21.887205
640	(   1.517973   1.066728   1.455353   0.728072   0.924729   3.849131 )	-21.887205
641	(   1.517973   1.066728   1.455353   0.728072   0.924729   3.849131 )	-21.887205
642	(   1.517973   1.066728   1.455353   0.728072   0.924729   3.849131 )	-21.887205
643	(   1.517973   1.066728   1.455353   0.728072   0.924729   3.849131 )	-21.887205
644	(   1.517973   1.066728   1.455353   0.728072   0.924729   3.849131 )	-21.887205
645	(   1.517973   1.066728   1.455353   0.728072   0.924729   3.849131 )	-21.887205
646	(   1.517973   1.066728   1.455353   0.728072   0.924729   3.849131 )	-21.887205
647	(   1.517973   1.066728   1.455353   0.728072   0.924729   3.849131 )	-21.887205
648	(   1.517973   1.066728   1.455353   0.728072   0.924729   3.849131 )	-21.887205
649	(   1.517973   1.066728   1.455353   0.728072   0.924729   3.849131 )	-21.887205
650	(   1.517973   1.066728   1.455353   0.728072   0.924729   3.849131 )	-21.887205
651	(   1.517973   1.066728   1.455353   0.728072   0.924729   3.849131 )	-21.887205
652	(   1.517973   1.066728   1.455353   0.728072   0.924729   3.849131 )	-21.887205
653	(   1.517973   1.066728   1.455353   0.728072   0.924729   3.849131 )	-21.887205
654	(   1.517973   1.066728   1.455353   0.728072   0.924729   3.849131 )	-21.887205
655	(   1.517973   1.066728   1.455353   0.728072   0.924729   3.849131 )	-21.887205
656	(   1.517973   1.066728   1.455353   0.728072   0.924729   3.849131 )	-21.887205
657	(   1.517973   1.066728   1.455353   0.728072   0.924729   3.849131 )	-21.887205

BBE ( SOL ) OBJ
658	(   1.517973   1.066728   1.455353   0.728072   0.924729   3.849131 )	-21.887205
659	(   1.517973   1.066728   1.455353   0.728072   0.924729   3.849131 )	-21.887205
660	(   1.517973   1.066728   1.455353   0.728072   0.924729   3.849131 )	-21.887205
661	(   1.517973   1.066728   1.455353   0.728072   0.924729   3.849131 )	-21.887205
662	(   1.517973   1.066728   1.455353   0.728072   0.924729   3.849131 )	-21.887205
663	(   1.517973   1.066728   1.455353   0.728072   0.924729   3.849131 )	-21.887205
664	(   1.517973   1.066728   1.455353   0.728072   0.924729   3.849131 )	-21.887205
665	(   1.517973   1.066728   1.455353   0.728072   0.924729   3.849131 )	-21.887205
666	(   1.517973   1.066728   1.455353   0.728072   0.924729   3.849131 )	-21.887205
667	(   1.517973   1.066728   1.455353   0.728072   0.924729   3.849131 )	-21.887205
668	(   1.517973   1.066728   1.455353   0.728072   0.924729   3.849131 )	-21.887205
669	(   1.517973   1.066728   1.455353   0.728072   0.924729   3.849131 )	-21.887205
670	(   1.517973   1.066728   1.455353   0.728072   0.924729   3.849131 )	-21.887205
671	(   1.517973   1.066728   1.455353   0.728072   0.924729   3.849131 )	-21.887205
672	(   1.517973   1.066728   1.455353   0.728072   0.924729   3.849131 )	-21.887205
673	(   1.517973   1.066728   1.455353   0.728072   0.924729   3.849131 )	-21.887205
674	(   1.517973   1.066728   1.455353   0.728072   0.924729   3.849131 )	-21.887205
675	(   1.517973   1.066728   1.455353   0.728072   0.924729   3.849131 )	-21.887205
676	(   1.517973   1.066728   1.455353   0.728072   0.924729   3.849131 )	-21.887205
677	(   1.517973   1.066728   1.455353   0.728072   0.924729   3.849131 )	-21.887205
678	(   1.517973   1.066728   1.455353   0.728072   0.924729   3.849131 )	-21.887205
679	(   1.517973   1.066728   1.455353   0.728072   0.924729   3.849131 )	-21.887205
680	(   1.517973   1.066728   1.455353   0.728072   0.924729   3.849131 )	-21.887205
681	(   1.517973   1.066728   1.455353   0.728072   0.924729   3.849131 )	-21.887205
682	(   1.517973   1.066728   1.455353   0.728072   0.924729   3.849131 )	-21.887205
683	(   1.517973   1.066728   1.455353   0.728072   0.924729   3.849131 )	-21.887205
684	(   1.517973   1.066728   1.455353   0.728072   0.924729   3.849131 )	-21.887205
685	(   1.517973   1.066728   1.455353   0.728072   0.924729   3.849131 )	-21.887205
686	(   1.517973   1.066728   1.455353   0.728072   0.924729   3.849131 )	-21.887205
687	(   1.517973   1.066728   1.455353   0.728072   0.924729   3.849131 )	-21.887205
688	(   1.517973   1.066728   1.455353   0.728072   0.924729   3.849131 )	-21.887205
689	(   1.517973   1.066728   1.455353   0.728072   0.924729   3.849131 )	-21.887205
690	(   1.517973   1.066728   1.455353   0.728072   0.924729   3.849131 )	-21.887205
691	(   1.517973   1.066728   1.455353   0.728072   0.924729   3.849131 )	-21.887205
692	(   1.517973   1.066728   1.455353   0.728072   0.924729   3.849131 )	-21.887205
693	(   1.517973   1.066728   1.455353   0.728072   0.924729   3.849131 )	-21.887205
694	(   1.517973   1.066728   1.455353   0.728072   0.924729   3.849131 )	-21.887205
695	(   1.517973   1.066728   1.455353   0.728072   0.924729   3.849131 )	-21.887205
696	(   1.517973   1.066728   1.455353   0.728072   0.924729   3.849131 )	-21.887205
697	(   1.517973   1.066728   1.455353   0.728072   0.924729   3.849131 )	-21.887205

BBE ( SOL ) OBJ
698	(   1.517973   1.066728   1.455353   0.728072   0.924729   3.849131 )	-21.887205
699	(   1.517973   1.066728   1.455353   0.728072   0.924729   3.849131 )	-21.887205
700	(   1.517973   1.066728   1.455353   0.728072   0.924729   3.849131 )	-21.887205
701	(   1.517973   1.066728   1.455353   0.728072   0.924729   3.849131 )	-21.887205
702	(   1.517973   1.066728   1.455353   0.728072   0.924729   3.849131 )	-21.887205
703	(   1.517973   1.066728   1.455353   0.728072   0.924729   3.849131 )	-21.887205
704	(   1.517973   1.066728   1.455353   0.728072   0.924729   3.849131 )	-21.887205
705	(   1.517973   1.066728   1.455353   0.728072   0.924729   3.849131 )	-21.887205
706	(   1.517973   1.066728   1.455353   0.728072   0.924729   3.849131 )	-21.887205
707	(   1.517973   1.066728   1.455353   0.728072   0.924729   3.849131 )	-21.887205
708	(   1.517973   1.066728   1.455353   0.728072   0.924729   3.849131 )	-21.887205
709	(   1.517973   1.066728   1.455353   0.728072   0.924729   3.849131 )	-21.887205
710	(   1.517973   1.066728   1.455353   0.728072   0.924729   3.849131 )	-21.887205
711	(   1.517973   1.066728   1.455353   0.728072   0.924729   3.849131 )	-21.887205
712	(   1.517973   1.066728   1.455353   0.728072   0.924729   3.849131 )	-21.887205
713	(   1.517973   1.066728   1.455353   0.728072   0.924729   3.849131 )	-21.887205
714	(   1.517973   1.066728   1.455353   0.728072   0.924729   3.849131 )	-21.887205
715	(   1.517973   1.066728   1.455353   0.728072   0.924729   3.849131 )	-21.887205
716	(   1.517973   1.066728   1.455353   0.728072   0.924729   3.849131 )	-21.887205
717	(   1.517973   1.066728   1.455353   0.728072   0.924729   3.849131 )	-21.887205
718	(   1.517973   1.066728   1.455353   0.728072   0.924729   3.849131 )	-21.887205
719	(   1.517973   1.066728   1.455353   0.728072   0.924729   3.849131 )	-21.887205
720	(   1.517973   1.066728   1.455353   0.728072   0.924729   3.849131 )	-21.887205
721	(   1.517973   1.066728   1.455353   0.728072   0.924729   3.849131 )	-21.887205
722	(   1.517973   1.066728   1.455353   0.728072   0.924729   3.849131 )	-21.887205
723	(   1.517973   1.066728   1.455353   0.728072   0.924729   3.849131 )	-21.887205
724	(   1.517973   1.066728   1.455353   0.728072   0.924729   3.849131 )	-21.887205
725	(   1.517973   1.066728   1.455353   0.728072   0.924729   3.849131 )	-21.887205
726	(   1.517973   1.066728   1.455353   0.728072   0.924729   3.849131 )	-21.887205
727	(   1.517973   1.066728   1.455353   0.728072   0.924729   3.849131 )	-21.887205
728	(   1.517973   1.066728   1.455353   0.728072   0.924729   3.849131 )	-21.887205
729	(   1.517973   1.066728   1.455353   0.728072   0.924729   3.849131 )	-21.887205
730	(   1.517973   1.066728   1.455353   0.728072   0.924729   3.849131 )	-21.887205
731	(   1.517973   1.066728   1.455353   0.728072   0.924729   3.849131 )	-21.887205
732	(   1.517973   1.066728   1.455353   0.728072   0.924729   3.849131 )	-21.887205
733	(   1.517973   1.066728   1.455353   0.728072   0.924729   3.849131 )	-21.887205
734	(   1.517973   1.066728   1.455353   0.728072   0.924729   3.849131 )	-21.887205
735	(   1.517973   1.066728   1.455353   0.728072   0.924729   3.849131 )	-21.887205
736	(   1.517973   1.066728   1.455353   0.728072   0.924729   3.849131 )	-21.887205
737	(   1.517973   1.066728   1.455353   0.728072   0.924729   3.849131 )	-21.887205

BBE ( SOL ) OBJ
738	(   1.517973   1.066728   1.455353   0.728072   0.924729   3.849131 )	-21.887205
739	(   1.517973   1.066728   1.455353   0.728072   0.924729   3.849131 )	-21.887205
740	(   1.517973   1.066728   1.455353   0.728072   0.924729   3.849131 )	-21.887205
741	(   1.517973   1.066728   1.455353   0.728072   0.924729   3.849131 )	-21.887205
742	(   1.517973   1.066728   1.455353   0.728072   0.924729   3.849131 )	-21.887205
743	(   1.517973   1.066728   1.455353   0.728072   0.924729   3.849131 )	-21.887205
744	(   1.517973   1.066728   1.455353   0.728072   0.924729   3.849131 )	-21.887205
745	(   1.517973   1.066728   1.455353   0.728072   0.924729   3.849131 )	-21.887205
746	(   1.517973   1.066728   1.455353   0.728072   0.924729   3.849131 )	-21.887205
747	(   1.517973   1.066728   1.455353   0.728072   0.924729   3.849131 )	-21.887205
748	(   1.517973   1.066728   1.455353   0.728072   0.924729   3.849131 )	-21.887205
749	(   1.517973   1.066728   1.455353   0.728072   0.924729   3.849131 )	-21.887205
750	(   1.517973   1.066728   1.455353   0.728072   0.924729   3.849131 )	-21.887205
751	(   1.517973   1.066728   1.455353   0.728072   0.924729   3.849131 )	-21.887205
752	(   1.517973   1.066728   1.455353   0.728072   0.924729   3.849131 )	-21.887205
753	(   1.517973   1.066728   1.455353   0.728072   0.924729   3.849131 )	-21.887205
754	(   1.517973   1.066728   1.455353   0.728072   0.924729   3.849131 )	-21.887205
755	(   1.517973   1.066728   1.455353   0.728072   0.924729   3.849131 )	-21.887205
756	(   1.517973   1.066728   1.455353   0.728072   0.924729   3.849131 )	-21.887205
757	(   1.517973   1.066728   1.455353   0.728072   0.924729   3.849131 )	-21.887205
758	(   1.517973   1.066728   1.455353   0.728072   0.924729   3.849131 )	-21.887205
759	(   1.517973   1.066728   1.455353   0.728072   0.924729   3.849131 )	-21.887205
760	(   1.517973   1.066728   1.455353   0.728072   0.924729   3.849131 )	-21.887205
761	(   1.517973   1.066728   1.455353   0.728072   0.924729   3.849131 )	-21.887205
762	(   1.517973   1.066728   1.455353   0.728072   0.924729   3.849131 )	-21.887205
763	(   1.517973   1.066728   1.455353   0.728072   0.924729   3.849131 )	-21.887205
764	(   1.517973   1.066728   1.455353   0.728072   0.924729   3.849131 )	-21.887205
765	(   1.517973   1.066728   1.455353   0.728072   0.924729   3.849131 )	-21.887205
766	(   1.517973   1.066728   1.455353   0.728072   0.924729   3.849131 )	-21.887205
767	(   1.517973   1.066728   1.455353   0.728072   0.924729   3.849131 )	-21.887205
768	(   1.517973   1.066728   1.455353   0.728072   0.924729   3.849131 )	-21.887205
769	(   1.517973   1.066728   1.455353   0.728072   0.924729   3.849131 )	-21.887205
770	(   1.517973   1.066728   1.455353   0.728072   0.924729   3.849131 )	-21.887205
771	(   1.517973   1.066728   1.455353   0.728072   0.924729   3.849131 )	-21.887205
772	(   1.517973   1.066728   1.455353   0.728072   0.924729   3.849131 )	-21.887205
773	(   1.517973   1.066728   1.455353   0.728072   0.924729   3.849131 )	-21.887205
774	(   1.517973   1.066728   1.455353   0.728072   0.924729   3.849131 )	-21.887205
775	(   1.517973   1.066728   1.455353   0.728072   0.924729   3.849131 )	-21.887205
776	(   1.517973   1.066728   1.455353   0.728072   0.924729   3.849131 )	-21.887205
777	(   1.517973   1.066728   1.455353   0.728072   0.924729   3.849131 )	-21.887205

BBE ( SOL ) OBJ
778	(   1.517973   1.066728   1.455353   0.728072   0.924729   3.849131 )	-21.887205
779	(   1.517973   1.066728   1.455353   0.728072   0.924729   3.849131 )	-21.887205
780	(   1.517973   1.066728   1.455353   0.728072   0.924729   3.849131 )	-21.887205
781	(   1.517973   1.066728   1.455353   0.728072   0.924729   3.849131 )	-21.887205
782	(   1.517973   1.066728   1.455353   0.728072   0.924729   3.849131 )	-21.887205
783	(   1.517973   1.066728   1.455353   0.728072   0.924729   3.849131 )	-21.887205
784	(   1.517973   1.066728   1.455353   0.728072   0.924729   3.849131 )	-21.887205
785	(   1.517973   1.066728   1.455353   0.728072   0.924729   3.849131 )	-21.887205
786	(   1.517973   1.066728   1.455353   0.728072   0.924729   3.849131 )	-21.887205
787	(   1.517973   1.066728   1.455353   0.728072   0.924729   3.849131 )	-21.887205
788	(   1.517973   1.066728   1.455353   0.728072   0.924729   3.849131 )	-21.887205
789	(   1.517973   1.066728   1.455353   0.728072   0.924729   3.849131 )	-21.887205
790	(   1.517973   1.066728   1.455353   0.728072   0.924729   3.849131 )	-21.887205
791	(   1.517973   1.066728   1.455353   0.728072   0.924729   3.849131 )	-21.887205
792	(   1.517973   1.066728   1.455353   0.728072   0.924729   3.849131 )	-21.887205
A termination criterion is reached: No termination (all). Mesh minimum precision reached (Algo)

Best feasible solution:     #73855 ( 1.51797 1.06673 1.45535 0.728072 0.924729 3.84913 )	Evaluation OK	 f = -21.887205000000001576  	 h =   0                     

Best infeasible solution:   Undefined.

Blackbox evaluations:         792
Total model evaluations:      93645
Cache hits:                   81
Total number of evaluations:  873
