1	(   1.958393   1.991331   2.034444   2.094395   2.186276   2.356194 )	 -5.857143
2	(   1.958393   2.991331   3.034444   1.094395   3.141593   1.356194 )	 -5.547424
3	(   1.958393   0.991331   1.034444   3.094395   1.186276   3.356194 )	 -4.761849
4	(   1.958393   2.991331   2.034444   2.094395   2.186276   2.356194 )	 -6.881897
5	(   1.958393   3.141593   2.034444   2.094395   2.186276   2.356194 )	 -5.542566
6	(   1.958393   3.141593   2.034444   2.094395   2.186276   3.356194 )	 -5.542566
7	(   1.958393   3.141593   3.034444   2.094395   2.186276   1.356194 )	 -5.542566
8	(   1.958393   3.141593   1.034444   2.094395   2.186276   1.356194 )	 -5.542566
9	(   2.958393   2.991331   2.034444   2.094395   2.186276   2.356194 )	  5.896324
10	(   1.958393   2.991331   2.034444   3.094395   2.186276   2.356194 )	 -7.820205
11	(   1.958393   2.991331   2.034444   3.141593   2.186276   2.356194 )	 -7.81218 
12	(   1.958393   1.991331   1.034444   3.094395   1.186276   3.356194 )	-12.547015
13	(   1.958393   0          0          3.094395   0          6.283185 )	 -2.743149
14	(   1.958393   0.991331   0.034444   3.094395   0.186276   6.283185 )	 -4.291273
15	(   0.958393   1.991331   2.034444   3.094395   2.186276   2.356194 )	 -2.90566 
16	(   1.958393   2.991331   0.034444   3.094395   0.186276   1.356194 )	 -5.171984
17	(   1.958393   3.141593   1.034444   3.094395   0          4.356194 )	 -5.542566
18	(   1.958393   1.991331   1.034444   3.141593   1.186276   3.356194 )	-12.941147
19	(   1.958393   1.991331   3.034444   3.141593   0.186276   6.283185 )	  4.599541
20	(   2.958393   2.991331   2.034444   2.141593   2.186276   3.356194 )	  5.7427  
21	(   1.958393   1.991331   2.034444   3.141593   2.186276   2.356194 )	 -9.857143
22	(   1.958393   3.141593   0.034444   3.141593   0.186276   3.356194 )	 -5.542566
23	(   1.958393   0.991331   0          3.141593   1.186276   3.356194 )	 -4.308816
24	(   2.958393   3.141593   1.034444   3.141593   3.141593   3.356194 )	  5.85204 
25	(   1.958393   3.141593   1.034444   1.141593   1.186276   3.356194 )	 -5.542566

BBE ( SOL ) OBJ
26	(   1.958393   2.991331   3.034444   3.141593   1.186276   3.356194 )	 -5.805238
27	(   1.958393   2.991331   1.034444   3.141593   1.186276   5.356194 )	 -7.539275
28	(   1.958393   0.991331   2.034444   3.141593   1.186276   1.356194 )	  3.461359
29	(   2.108393   0.991331   0.034444   3.141593   0.186276   5.356194 )	 -4.191706
30	(   1.808393   3.141593   3.034444   3.141593   3.141593   1.356194 )	 -6.194849
31	(   1.908393   1.991331   0.034444   3.141593   2.186276   2.356194 )	  1.08525 
32	(   1.948393   2.991331   2.034444   3.141593   1.186276   3.356194 )	 -7.887466
33	(   2.108393   1.991331   0.034444   3.141593   0.186276   5.356194 )	 -0.734371
34	(   1.878393   2.991331   2.034444   3.141593   2.186276   2.356194 )	 -8.332846
35	(   1.928393   1.991331   2.034444   3.141593   2.186276   0.356194 )	-10.120879
36	(   1.918393   1.991331   1.034444   3.141593   1.186276   2.356194 )	-12.864152
37	(   1.918393   0.991331   1.034444   3.141593   2.186276   1.356194 )	 -4.764016
38	(   1.938393   2.991331   2.034444   3.141593   1.186276   3.356194 )	 -7.959891
39	(   1.928393   0.991331   1.034444   3.141593   2.186276   1.356194 )	 -4.798661
40	(   2.028393   1.991331   1.034444   2.141593   1.186276   3.356194 )	 -5.175415
41	(   1.458393   2.991331   1.034444   3.141593   2.186276   3.356194 )	 -6.395202
42	(   1.728393   3.141593   1.034444   3.141593   0.186276   3.356194 )	 -6.299788
43	(   2.008393   1.991331   1.034444   3.141593   1.186276   2.356194 )	-12.930946
44	(   1.888393   1.991331   1.034444   3.141593   1.186276   3.356194 )	-12.757014
45	(   1.858393   0.991331   0.034444   3.141593   1.186276   3.356194 )	 -4.001695
46	(   2.248393   1.991331   2.034444   3.141593   2.186276   4.356194 )	 -6.017647
47	(   2.098393   1.991331   0.034444   3.141593   0.356276   4.356194 )	 -0.668525
48	(   1.948393   0.991331   0.704444   3.121593   1.856276   1.356194 )	 -4.885528
49	(   1.938393   2.991331   1.704444   3.141593   1.356276   2.856194 )	 -8.174748
50	(   1.948393   0.991331   1.034444   3.121593   1.686276   1.856194 )	 -4.842274
51	(   1.938393   2.991331   1.534444   3.141593   1.436276   2.606194 )	 -8.162133
52	(   1.908393   1.991331   0.754444   3.121593   0.686276   3.386194 )	 -9.199031
53	(   1.758393   1.991331   1.374444   3.141593   1.046276   3.326194 )	-14.544108
54	(   1.158393   1.991331   2.374444   3.141593   1.046276   3.326194 )	 -5.068596
55	(   0.958393   2.991331   0.374444   1.141593   0.046276   4.326194 )	  2.47532 
56	(   1.968393   0.991331   0.374444   3.141593   0.046276   2.326194 )	 -4.500227
57	(   1.898393   2.991331   1.374444   3.141593   2.046276   2.326194 )	 -8.271158
58	(   1.748393   1.991331   2.374444   3.141593   1.046276   4.326194 )	 -6.179713
59	(   1.758393   1.991331   1.374444   3.141593   2.046276   3.326194 )	-14.544108
60	(   1.718393   2.991331   2.374444   2.141593   1.046276   2.326194 )	 -6.866982
61	(   1.768393   2.991331   1.374444   3.141593   1.046276   3.326194 )	 -8.57177 
62	(   1.258393   1.991331   1.374444   3.141593   1.046276   3.326194 )	 -6.639805
63	(   1.768393   1.991331   0.374444   2.141593   1.046276   3.326194 )	  0.259069
64	(   2.278393   0          1.374444   3.141593   1.046276   4.326194 )	  1.468494
65	(   1.158393   1.991331   2.394444   3.141593   0.626276   3.236194 )	 -4.978252

BBE ( SOL ) OBJ
66	(   2.028393   2.231331   0.374444   3.141593   2.046276   3.796194 )	 -5.164699
67	(   2.018393   0.991331   0.924444   3.121593   1.566276   2.696194 )	 -5.096204
68	(   1.828393   2.491331   1.264444   3.141593   1.176276   3.166194 )	-14.112143
69	(   1.788393   2.161331   1.334444   3.141593   1.426276   2.606194 )	-15.251436
70	(   1.698393   2.241331   1.494444   3.141593   1.546276   2.236194 )	-15.472415
71	(   1.428393   2.241331   1.494444   3.141593   1.546276   1.236194 )	-12.194421
72	(   0.958393   2.241331   3.141593   2.141593   3.141593   4.236194 )	 -4.149841
73	(   1.638393   2.241331   1.494444   3.141593   1.546276   2.236194 )	-15.015758
74	(   1.788393   2.241331   1.494444   2.641593   1.546276   2.236194 )	-11.810074
75	(   1.198393   2.241331   1.494444   3.011593   1.546276   1.236194 )	 -8.492027
76	(   1.608393   2.241331   1.494444   3.141593   1.546276   2.236194 )	-14.72564 
77	(   1.728393   2.241331   2.494444   3.141593   1.546276   2.236194 )	 -8.121899
78	(   1.678393   3.141593   1.494444   3.131593   1.546276   2.236194 )	 -6.277151
79	(   1.448393   2.241331   1.494444   3.141593   2.546276   3.236194 )	-12.537082
80	(   2.428393   2.241331   0.494444   3.141593   0.546276   2.236194 )	 -5.160748
81	(   1.428393   2.481331   1.974444   3.141593   1.906276   1.126194 )	-12.568144
82	(   2.008393   1.991331   1.794444   3.141593   1.446276   1.236194 )	-12.386128
83	(   1.528393   2.381331   1.744444   3.141593   1.746276   2.276194 )	-14.188994
84	(   1.728393   2.361331   1.224444   3.141593   2.046276   2.476194 )	-14.064604
85	(   1.768393   2.211331   1.574444   3.141593   1.406276   2.166194 )	-15.801483
86	(   1.978393   2.121331   1.574444   3.141593   1.406276   2.166194 )	-14.978823
87	(   0.958393   3.141331   0          3.011593   3.141593   4.166194 )	  0.180402
88	(   1.588393   2.331331   1.574444   3.141593   1.406276   1.166194 )	-14.730464
89	(   1.828393   1.711331   0.574444   2.991593   1.406276   1.166194 )	 -4.548562
90	(   1.768393   2.231331   1.574444   3.141593   0.406276   2.166194 )	-15.828362
91	(   1.768393   2.231331   1.574444   3.141593   0          2.166194 )	-15.828362
92	(   0.768393   1.231331   2.574444   2.141593   3.141593   4.166194 )	  0.416236
93	(   1.768393   2.231331   1.574444   3.141593   1.406276   1.166194 )	-15.828362
94	(   1.768393   2.231331   0.574444   3.141593   0.406276   2.166194 )	 -5.988997
95	(   1.768393   3.141593   1.574444   3.141593   1.406276   2.166194 )	 -6.268967
96	(   1.768393   1.231331   1.574444   3.131593   0          2.166194 )	 -4.35596 
97	(   2.768393   2.231331   1.574444   3.141593   2.406276   1.166194 )	  0.371613
98	(   0.768393   1.231331   1.574444   3.141593   0.406276   1.166194 )	  6.637836
99	(   0.768393   2.231331   1.574444   3.121593   0          3.166194 )	  2.253483
100	(   2.768393   3.141593   1.574444   3.141593   0          3.166194 )	  3.913901
101	(   1.768393   2.291331   1.574444   3.141593   0          2.166194 )	-15.834267
102	(   1.768393   3.141593   2.574444   2.141593   3          4.166194 )	 -6.268967
103	(   1.768393   2.291331   1.574444   3.141593  -0          1.166194 )	-15.834267
104	(   1.768393   2.291331   1.574444   3.101593   2          2.166194 )	-15.838345
105	(   1.768393   2.291331   1.574444   3.101593   3.141593   2.166194 )	-16.184167

BBE ( SOL ) OBJ
106	(   1.768393   2.291331   1.574444   3.101593   0.141593   0.166194 )	-15.527578
107	(   1.768393   2.291331   1.574444   3.101593   1.141593   1.166194 )	-15.891609
108	(   1.768393   2.291331   1.574444   3.101593   1.141593   3.166194 )	-15.312099
109	(   1.768393   2.291331   1.574444   3.101593   3.141593   1.166194 )	-16.184167
110	(   1.768393   2.291331   1.574444   2.101593   3.141593   2.166194 )	-16.600768
111	(   1.768393   2.291331   1.574444   0          3.141593   2.166194 )	  1.63676 
112	(   1.768393   1.291331   1.574444   3.101593   3.141593   4.166194 )	 -5.420831
113	(   1.768393   2.291331   1.574444   3.101593   2.141593   2.166194 )	-15.89368 
114	(   1.768393   2.291331   1.574444   2.101593   3.141593   3.166194 )	-16.600768
115	(   1.768393   2.291331   1.574444   2.101593   0          2.166194 )	 -4.825781
116	(   2.768393   2.291331   1.574444   3.101593   3.141593   2.166194 )	  0.406868
117	(   0.768393   1.291331   2.574444   3.141593   3.141593   2.166194 )	  2.668399
118	(   1.768393   3.141593   0.574444   3.101593   3.141593   2.166194 )	 -6.268967
119	(   2.768393   3.141593   2.574444   3.101593   0.141593   2.166194 )	  3.913901
120	(   0.768393   1.291331   0.574444   0          3.141593   2.166194 )	  5.249935
121	(   0.848393   1.291331   2.364444   2.101593   0.141593   3.166194 )	  2.299575
122	(   1.728393   2.381331   1.784444   2.101593   3.141593   2.086194 )	-16.471293
123	(   1.828393   2.351331   1.724444   2.101593   3.141593   2.406194 )	-16.12818 
124	(   1.778393   2.401331   1.694444   2.101593   3.141593   2.556194 )	-16.273132
125	(   1.778393   2.381331   1.734444   1.101593   3.141593   2.686194 )	 -5.434375
126	(   1.768393   2.311331   1.614444   3.101593   3.141593   2.296194 )	-16.142145
127	(   1.688393   1.791331   1.654444   2.101593   3.141593   2.146194 )	-13.602542
128	(   1.748393   2.311331   1.594444   2.101593   3.141593   2.666194 )	-16.657686
129	(   1.748393   2.311331   1.594444   2.101593   3.141593   4.666194 )	-16.657686
130	(   1.748393   2.311331   1.594444   3.101593   3.141593   1.666194 )	-16.118983
131	(   1.748393   2.311331   1.594444   1.101593   3.141593   3.666194 )	 -4.947944
132	(   1.748393   2.311331   1.594444   3.101593   3.141593   2.666194 )	-16.118983
133	(   1.748393   3.141593   1.594444   2.101593   3.141593   1.666194 )	 -6.289809
134	(   1.748393   2.311331   0.594444   2.101593   3.141593   2.666194 )	 -5.59763 
135	(   1.748393   2.311331   1.594444   3.101593   2.141593   2.666194 )	-15.694539
136	(   0.748393   1.311331   1.594444   2.101593   3.141593   3.666194 )	  2.708953
137	(   1.748393   3.141593   1.594444   2.101593   1.141593   2.666194 )	 -6.289809
138	(   1.748393   2.311331   2.594444   2.101593   1.141593   2.666194 )	 -1.713511
139	(   1.748393   1.311331   1.594444   1.101593   3.141593   2.666194 )	 -1.344224
140	(   1.688393   2.371331   1.654444   2.101593   3.141593   4.166194 )	-16.63688 
141	(   0.748393   3.141331   2.594444   3.101593   3.141593   3.666194 )	  2.972424
142	(   1.718393   2.401331   1.724444   1.431593   3.141593   3.936194 )	 -9.693858
143	(   1.758393   2.321331   1.614444   2.681593   3.141593   2.606194 )	-18.413942
144	(   1.758393   2.321331   1.614444   3.141593   3.141593   2.606194 )	-15.767474
145	(   1.758393   2.321331   1.614444   1.681593   3.141593   3.606194 )	-12.250233

BBE ( SOL ) OBJ
146	(   1.758393   3.141593   1.614444   2.681593   3.141593   2.606194 )	 -6.280744
147	(   1.758393   2.321331   1.614444   3.141593   2.141593   1.606194 )	-15.767474
148	(   1.758393   2.321331   1.614444   2.681593   1.141593   2.606194 )	 -9.812699
149	(   2.758393   2.321331   1.614444   3.141593   3.141593   3.606194 )	  0.408494
150	(   0.758393   2.321331   1.614444   3.141593   2.141593   3.606194 )	  1.90204 
151	(   1.758393   2.321331   2.614444   2.681593   3.141593   2.606194 )	 -8.684009
152	(   2.758393   2.321331   1.614444   2.681593   3.141593   1.606194 )	  0.396606
153	(   1.788393   2.351331   1.674444   3.141593   3.141593   2.426194 )	-15.647064
154	(   2.018393   1.861331   1.034444   3.141593   3.141593   2.256194 )	-12.31854 
155	(   1.718393   2.411331   1.734444   1.291593   3.141593   4.086194 )	 -8.093745
156	(   1.758393   2.321331   1.614444   2.651593   3.141593   2.646194 )	-18.469003
157	(   1.758393   2.321331   1.614444   2.651593   3.141593   0.646194 )	-18.469003
158	(   1.758393   2.321331   1.614444   1.651593   3.141593   2.646194 )	-11.879182
159	(   1.758393   2.321331   1.614444   2.651593   2.141593   2.646194 )	-13.737846
160	(   1.758393   2.321331   2.614444   2.651593   3.141593   3.646194 )	 -8.72587 
161	(   1.758393   3.141593   2.614444   1.651593   3.141593   1.646194 )	 -6.280744
162	(   1.758393   1.321331   0.614444   3.141593   3.141593   3.646194 )	 -3.408418
163	(   1.758393   3.141593   0.614444   2.651593   3.141593   2.646194 )	 -6.280744
164	(   0.758393   2.321331   1.614444   2.651593   3.141593   2.646194 )	 -0.181466
165	(   1.758393   2.321331   1.614444   2.561593   3.141593   2.766194 )	-18.537376
166	(   1.988393   2.641331   0.984444   3.141593   2.141593   4.766194 )	-10.990155
167	(   1.708393   2.381331   1.714444   1.561593   3.141593   2.766194 )	-11.250711
168	(   1.758393   2.311331   1.614444   2.561593   2.641593   2.766194 )	-16.172593
169	(   1.748393   2.311331   1.614444   3.141593   3.141593   2.766194 )	-15.761721
170	(   1.768393   2.331331   1.614444   1.561593   3.141593   2.766194 )	-10.702047
171	(   1.778393   2.341331   1.114444   2.561593   3.141593   2.766194 )	-15.275655
172	(   1.498393   2.081331   1.604444   2.561593   3.041593   3.766194 )	-16.089759
173	(   2.018393   2.561331   1.624444   2.561593   3.141593   1.766194 )	-14.628802
174	(   1.968393   2.511331   1.624444   2.561593   2.641593   2.766194 )	-14.265025
175	(   1.528393   2.111331   2.104444   2.561593   3.141593   2.766194 )	-14.913395
176	(   1.758393   2.321331   1.614444   2.291593   3.141593   3.126194 )	-17.862444
177	(   1.498393   2.351331   1.784444   2.551593   3.041593   3.766194 )	-16.615181
178	(   1.678393   2.281331   1.504444   2.771593   3.111593   3.466194 )	-17.766953
179	(   1.718393   2.361331   1.414444   2.621593   3.001593   2.556194 )	-17.289884
180	(   1.808393   2.271331   1.524444   2.471593   3.141593   2.306194 )	-18.392914
181	(   1.848393   2.221331   1.454444   2.411593   3.141593   3.266194 )	-17.950466
182	(   1.798393   2.281331   1.814444   2.501593   3.141593   2.976194 )	-17.944115
183	(   1.558393   2.301331   1.584444   2.531593   3.141593   2.856194 )	-17.719911
184	(   1.768393   2.311331   1.594444   3.061593   3.141593   2.826194 )	-16.480947
185	(   1.798393   2.351331   1.664444   2.541593   3.141593   2.746194 )	-18.270056

BBE ( SOL ) OBJ
186	(   1.908393   2.311331   1.724444   2.271593   3.141593   2.106194 )	-16.622645
187	(   1.738393   2.291331   1.564444   2.651593   3.131593   3.126194 )	-18.490792
188	(   1.768393   2.311331   1.334444   2.591593   3.141593   2.646194 )	-17.515995
189	(   1.788393   2.291331   1.694444   2.521593   3.141593   2.896194 )	-18.463909
190	(   1.698393   2.391331   1.774444   2.721593   3.141593   2.226194 )	-17.739955
191	(   1.808393   2.261331   1.534444   2.491593   3.141593   3.006194 )	-18.475613
192	(   1.758393   2.231331   1.514444   2.571593   3.141593   2.836194 )	-18.62544 
193	(   1.738393   2.181331   1.444444   2.591593   3.141593   2.886194 )	-18.344615
194	(   1.728393   2.301331   1.654444   2.681593   3.141593   3.456194 )	-18.462974
195	(   1.748393   2.291331   1.624444   2.631593   3.141593   3.166194 )	-18.6026  
196	(   1.738393   2.281331   1.464444   2.661593   3.141593   2.956194 )	-18.260676
197	(   1.778393   2.291331   1.634444   2.561593   3.141593   2.906194 )	-18.601201
198	(   1.768393   2.241331   1.544444   2.501593   3.141593   3.286194 )	-18.627087
199	(   1.778393   2.201331   1.514444   2.431593   3.141593   3.616194 )	-18.420753
200	(   1.708393   2.291331   1.634444   2.671593   3.141593   3.026194 )	-18.497424
201	(   1.768393   2.261331   1.624444   2.511593   3.141593   2.866194 )	-18.669243
202	(   1.788393   2.251331   1.654444   2.451593   3.141593   2.746194 )	-18.507626
203	(   1.768393   2.321331   1.864444   2.541593   3.141593   1.606194 )	-17.758467
204	(   1.908393   2.181331   1.484444   2.721593   3.141593   2.106194 )	-17.981984
205	(   1.788393   2.251331   1.624444   2.461593   3.141593   2.816194 )	-18.555989
206	(   1.748393   2.221331   1.594444   2.541593   3.141593   2.896194 )	-18.752382
207	(   1.688393   2.101331   1.504444   2.631593   3.141593   2.986194 )	-18.184548
208	(   2.018393   1.321331   2.104444   3.141593   3.001593   2.086194 )	  1.470169
209	(   1.788393   2.221331   1.614444   2.451593   3.141593   2.856194 )	-18.562672
210	(   1.778393   2.241331   1.604444   2.501593   3.141593   2.926194 )	-18.667815
211	(   1.868393   2.201331   1.474444   2.411593   3.141593   3.056194 )	-17.921555
212	(   1.588393   2.251331   1.754444   2.711593   3.141593   3.396194 )	-17.755995
213	(   1.628393   2.241331   1.714444   2.671593   3.041593   2.736194 )	-17.844275
214	(   1.858393   2.201331   1.484444   3.041593   3.121593   3.046194 )	-16.620539
215	(   1.708393   2.291331   1.974444   2.941593   3.141593   2.396194 )	-15.72099 
216	(   1.728393   1.721331   1.614444   2.561593   3.141593   2.876194 )	-14.417805
217	(   1.908393   2.191331   1.434444   2.361593   3.141593   2.396194 )	-17.317952
218	(   1.738393   2.201331   1.614444   2.571593   3.141593   3.226194 )	-18.754915
219	(   1.708393   2.141331   1.674444   2.661593   3.141593   4.216194 )	-18.409943
220	(   1.558393   2.401331   1.894444   2.371593   3.001593   2.436194 )	-16.787835
221	(   1.778393   2.171331   1.604444   2.411593   3.141593   2.886194 )	-18.452169
222	(   1.748393   2.261331   1.574444   2.591593   3.141593   3.066194 )	-18.687598
223	(   1.758393   2.181331   1.574444   2.741593   3.141593   2.726194 )	-18.420013
224	(   1.638393   2.231331   1.614444   2.591593   3.141593   3.166194 )	-18.459603
225	(   1.838393   2.171331   1.614444   2.551593   3.131593   3.286194 )	-18.418711

BBE ( SOL ) OBJ
226	(   1.728393   2.051331   1.634444   2.461593   3.141593   3.536194 )	-18.143846
227	(   1.738393   2.171331   1.414444   2.551593   3.131593   3.286194 )	-18.121461
228	(   1.718393   2.001331   1.644444   2.431593   3.081593   3.006194 )	-17.338771
229	(   1.738393   2.251331   1.614444   2.601593   3.141593   3.276194 )	-18.718474
230	(   1.732393   2.231331   1.614444   2.551593   3.141593   3.616194 )	-18.756209
231	(   1.712393   2.321331   1.614444   2.491593   3.141593   4.786194 )	-18.501253
232	(   1.742393   2.221331   1.624444   2.551593   3.141593   3.576194 )	-18.758749
233	(   1.772393   2.191331   1.654444   2.551593   3.141593   3.456194 )	-18.673857
234	(   1.782393   2.251331   1.584444   2.571593   3.041593   4.216194 )	-18.304646
235	(   1.742393   2.171331   1.644444   2.481593   3.141593   3.426194 )	-18.651145
236	(   1.742393   2.201331   1.624444   2.531593   3.141593   3.356194 )	-18.748976
237	(   1.712393   2.211331   1.604444   2.621593   3.141593   4.076194 )	-18.687269
238	(   1.712393   2.251331   1.684444   2.351593   3.141593   3.756194 )	-18.34632 
239	(   1.742393   2.221331   1.624444   2.561593   3.141593   3.566194 )	-18.758518
240	(   1.682393   2.201331   1.724444   2.681593   3.141593   3.456194 )	-18.326601
241	(   1.642393   2.191331   1.564444   2.511593   3.141593   3.386194 )	-18.409845
242	(   1.742393   2.221331   1.624444   2.541593   3.041593   3.586194 )	-18.191488
243	(   1.772393   2.231331   1.574444   2.491593   3.141593   3.626194 )	-18.660396
244	(   1.749193   2.191331   1.616044   2.621593   3.141593   3.756194 )	-18.706593
245	(   1.743693   2.141331   1.667744   2.451593   3.141593   3.616194 )	-18.489788
246	(   1.739693   2.251331   1.590244   2.601593   3.136593   3.246194 )	-18.686418
247	(   1.737593   2.211331   1.674444   2.551593   3.141593   3.586194 )	-18.705378
248	(   1.755493   2.251331   1.626144   2.551593   3.141593   3.556194 )	-18.726787
249	(   1.792393   2.231331   1.631044   2.541593   3.124893   3.506194 )	-18.575875
250	(   1.727593   2.181331   1.622544   2.551593   3.141593   3.376194 )	-18.732985
251	(   1.726593   2.321331   1.629844   2.541593   3.127893   3.516194 )	-18.485904
252	(   1.729293   2.191331   1.622744   2.551593   3.091593   3.596194 )	-18.457669
253	(   1.727293   2.251331   1.621844   2.561593   3.141593   3.816194 )	-18.735349
254	(   1.741093   2.202531   1.627844   2.539793   3.141593   3.756194 )	-18.751634
255	(   1.741993   2.181731   1.643144   2.504293   3.141593   3.636194 )	-18.696632
256	(   1.741393   2.199131   1.629944   2.528693   3.141593   3.536194 )	-18.74388 
257	(   1.722393   2.202231   1.612944   2.552493   3.141593   3.616194 )	-18.750438
258	(   1.727993   2.270631   1.622044   2.549293   3.136393   3.476194 )	-18.677433
259	(   1.740793   2.226931   1.627844   2.551293   3.141593   3.566194 )	-18.756554
260	(   1.743993   2.215731   1.621044   2.551893   3.121593   3.586194 )	-18.650835
261	(   1.742093   2.222231   1.625044   2.601593   3.141493   3.576194 )	-18.737212
262	(   1.732693   2.254531   1.644444   2.550093   3.138093   3.666194 )	-18.708716
263	(   1.757093   2.171931   1.626744   2.553393   3.141593   3.676194 )	-18.708379
264	(   1.755493   2.199131   1.644444   2.555193   3.141593   3.536194 )	-18.725902
265	(   1.737093   2.212731   1.619444   2.507593   3.141593   3.526194 )	-18.739494

BBE ( SOL ) OBJ
266	(   1.738293   2.215131   1.620844   2.531093   3.141593   3.538694 )	-18.755524
267	(   1.732393   2.221331   1.624344   2.551893   3.141593   3.577094 )	-18.759375
268	(   1.702393   2.221331   1.624044   2.552793   3.141593   3.579794 )	-18.729133
269	(   1.737893   2.212631   1.629944   2.561593   3.141593   3.616194 )	-18.756527
270	(   1.733993   2.222731   1.623444   2.508293   3.141593   3.596494 )	-18.73988 
271	(   1.735993   2.222631   1.623844   2.531593   3.141593   3.591394 )	-18.754925
272	(   1.731693   2.220531   1.624844   2.550493   3.141593   3.582894 )	-18.759175
273	(   1.733093   2.222131   1.623844   2.553293   3.131593   3.571294 )	-18.705194
274	(   1.728793   2.216931   1.614344   2.544193   3.140993   3.607894 )	-18.755049
275	(   1.738293   2.228431   1.619944   2.535493   3.141593   3.527094 )	-18.754825
276	(   1.741893   2.232631   1.617344   2.571893   3.141593   3.569294 )	-18.753859
277	(   1.735093   2.201331   1.622344   2.557593   3.141593   3.554294 )	-18.755427
278	(   1.732293   2.221431   1.624544   2.551893   3.141593   3.577594 )	-18.759295
279	(   1.742393   2.207931   1.629351   2.571893   3.139949   3.616194 )	-18.743178
280	(   1.745193   2.227331   1.635811   2.562093   3.141593   3.540794 )	-18.749815
281	(   1.732893   2.219531   1.619711   2.548693   3.141293   3.591094 )	-18.758627
282	(   1.732893   2.220131   1.622522   2.556793   3.141167   3.557094 )	-18.757555
283	(   1.732593   2.220831   1.623605   2.553893   3.141593   3.578594 )	-18.759634
284	(   1.733193   2.219331   1.621405   2.559893   3.141593   3.583094 )	-18.759884
285	(   1.734993   2.214831   1.614805   2.577893   3.141593   3.596594 )	-18.755911
286	(   1.741093   2.212231   1.612905   2.551493   3.141593   3.666194 )	-18.761359
287	(   1.764793   2.190931   1.587405   2.521493   3.141593   3.916194 )	-18.717877
288	(   1.739193   2.214631   1.611505   2.561493   3.141593   3.476194 )	-18.761536
289	(   1.733493   2.224631   1.611505   2.591493   3.141593   2.906194 )	-18.746108
290	(   1.741393   2.214631   1.611505   2.551493   3.141593   3.126194 )	-18.761541
291	(   1.751393   2.214631   1.611505   2.521493   3.141593   2.076194 )	-18.744357
292	(   1.741393   2.214631   1.611505   2.561493   3.141593   4.076194 )	-18.761558
293	(   1.741393   2.214631   1.611505   2.591493   3.141593   6.283185 )	-18.749845
294	(   1.741393   2.214631   1.601505   2.551493   3.141593   5.076194 )	-18.759964
295	(   1.741393   2.214631   1.601505   2.561493   3.141593   4.076194 )	-18.760236
296	(   1.731393   2.224631   1.611505   2.541493   3.141593   4.076194 )	-18.756983
297	(   1.751393   2.204631   1.611505   2.581493   3.131593   4.076194 )	-18.705778
298	(   1.681393   2.274631   1.641505   2.561493   3.139393   5.076194 )	-18.624984
299	(   1.691393   2.254631   1.631505   2.461493   3.139993   3.076194 )	-18.616974
300	(   1.731393   2.224631   1.511505   2.541493   3.141293   4.076194 )	-18.58802 
301	(   1.721393   2.114631   1.621505   2.511493   3.140693   4.076194 )	-18.533153
302	(   1.871393   2.214631   1.651505   2.711493   3.141593   4.076194 )	-18.08605 
303	(   1.737193   2.214631   1.611205   2.556393   3.141593   5.076194 )	-18.761634
304	(   1.724593   2.214631   1.610305   2.536393   3.141593   6.283185 )	-18.753135
305	(   1.740293   2.216131   1.612905   2.556393   3.141593   3.076194 )	-18.761855

BBE ( SOL ) OBJ
306	(   1.750293   2.216131   1.622905   2.556393   3.141593   0        )	-18.755918
307	(   1.740293   2.206131   1.582905   2.576393   3.141593   6.076194 )	-18.746417
308	(   1.750293   2.206131   1.602905   2.566393   3.141593   4.076194 )	-18.757447
309	(   1.740293   2.216131   1.612905   2.556393   3.141493   4.076194 )	-18.761388
310	(   1.760293   2.206131   1.612905   2.536393   3.141593   3.076194 )	-18.743114
311	(   1.720293   2.226131   1.612905   2.576393   3.121593   3.076194 )	-18.648822
312	(   1.790293   2.256131   1.622905   2.636393   3.141593   1.076194 )	-18.614211
313	(   1.750293   2.216131   1.712905   2.546393   3.141193   3.076194 )	-18.597768
314	(   1.780293   2.316131   1.612905   2.516393   3.139593   4.076194 )	-18.486887
315	(   1.700293   2.236131   1.612905   2.356393   3.141593   2.076194 )	-18.369353
316	(   1.680293   2.056131   1.602905   2.546393   3.141593   4.076194 )	-18.171176
317	(   1.749593   2.220631   1.618005   2.556393   3.141593   0        )	-18.757742
318	(   1.736793   2.217131   1.612005   2.556393   3.141593   1.076194 )	-18.761599
319	(   1.738493   2.214431   1.610605   2.556393   3.141593   2.076194 )	-18.761745
320	(   1.739693   2.217331   1.605505   2.566393   3.141593   3.076194 )	-18.760206
321	(   1.742593   2.211731   1.574505   2.526393   3.141593   2.076194 )	-18.730414
322	(   1.737993   2.220531   1.651305   2.586393   3.139693   4.076194 )	-18.720265
323	(   1.740593   2.266131   1.616305   2.556393   3.141593   3.076194 )	-18.713716
324	(   1.744493   2.208031   1.662905   2.506393   3.141593   2.076194 )	-18.698536
325	(   1.690293   2.215831   1.614705   2.556393   3.141593   3.076194 )	-18.698537
326	(   1.788293   2.169631   1.652605   2.576393   3.141593   4.076194 )	-18.601706
327	(   1.739593   2.215931   1.612605   2.555993   3.141593   3.066194 )	-18.761875
328	(   1.737493   2.215331   1.611705   2.554793   3.141593   3.036194 )	-18.761722
329	(   1.739993   2.216131   1.612405   2.556493   3.141593   2.466194 )	-18.761868
330	(   1.737193   2.215331   1.611005   2.556293   3.141593   1.536194 )	-18.761639
331	(   1.737093   2.210831   1.614905   2.566593   3.141593   2.966194 )	-18.759793
332	(   1.743193   2.223431   1.632605   2.540293   3.141593   3.206194 )	-18.752377
333	(   1.719593   2.224131   1.608905   2.538693   3.141593   3.216194 )	-18.747637
334	(   1.735993   2.208431   1.592605   2.571693   3.140393   2.926194 )	-18.747364
335	(   1.749293   2.235931   1.603605   2.597893   3.141593   3.436194 )	-18.736848
336	(   1.748193   2.233731   1.604605   2.518693   3.141593   2.566194 )	-18.7362  
337	(   1.737793   2.162531   1.613505   2.584093   3.141593   2.906194 )	-18.697802
338	(   1.740593   2.213031   1.617205   2.550493   3.141593   2.966194 )	-18.761005
339	(   1.738693   2.214731   1.610805   2.557993   3.141593   1.356194 )	-18.761743
340	(   1.741193   2.225931   1.612205   2.554693   3.141593   3.156194 )	-18.759729
341	(   1.729993   2.223531   1.615005   2.563793   3.136593   2.896194 )	-18.736455
342	(   1.737193   2.217831   1.613205   2.557893   3.141593   2.936194 )	-18.761597
343	(   1.741993   2.214031   1.612005   2.554093   3.136593   3.196194 )	-18.736349
344	(   1.740093   2.215531   1.622605   2.555593   3.141593   3.096194 )	-18.760282
345	(   1.740393   2.215331   1.612405   2.575993   3.141593   3.106194 )	-18.75802 

BBE ( SOL ) OBJ
346	(   1.749193   2.197031   1.610105   2.527593   3.141593   3.236194 )	-18.744161
347	(   1.739526   2.216195   1.611876   2.555993   3.141593   2.986194 )	-18.761865
348	(   1.746437   2.212752   1.605123   2.562693   3.141593   2.296194 )	-18.760395
349	(   1.743051   2.214447   1.60877    2.559193   3.141593   2.616194 )	-18.76152 
350	(   1.739572   2.215937   1.612704   2.555893   3.139593   3.066194 )	-18.752369
351	(   1.739614   2.215925   1.612506   2.556093   3.141593   3.066194 )	-18.761875
352	(   1.740047   2.215791   1.61048    2.557393   3.141583   2.966194 )	-18.761773
353	(   1.739477   2.210931   1.613149   2.555593   3.141593   3.066194 )	-18.761415
354	(   1.734593   2.215806   1.610711   2.557293   3.141584   3.076194 )	-18.760958
355	(   1.742324   2.215089   1.607605   2.564593   3.141531   3.126194 )	-18.760724
356	(   1.744224   2.221206   1.61615    2.553593   3.141593   3.156194 )	-18.760294
357	(   1.737493   2.216195   1.612905   2.557393   3.141593   3.126194 )	-18.761723
358	(   1.741662   2.214225   1.611221   2.555193   3.14159    3.159494 )	-18.761721
359	(   1.740545   2.215127   1.611717   2.555868   3.141591   3.103694 )	-18.761843
360	(   1.739569   2.216072   1.612495   2.555837   3.140593   3.063594 )	-18.757131
361	(   1.740025   2.216427   1.614605   2.558817   3.141486   3.113494 )	-18.761184
362	(   1.739931   2.213931   1.611114   2.558201   3.141509   3.103094 )	-18.761364
363	(   1.739931   2.213931   1.614169   2.558201   3.141509   3.022394 )	-18.761301
364	(   1.739742   2.215047   1.613296   2.550993   3.141556   3.082494 )	-18.761439
365	(   1.737593   2.215641   1.612832   2.556313   3.141581   3.071594 )	-18.761709
366	(   1.740695   2.218488   1.611272   2.555775   3.141593   2.963294 )	-18.761669
367	(   1.740545   2.213931   1.611114   2.555837   3.14125    3.103694 )	-18.760138
368	(   1.74238    2.215505   1.611125   2.555185   3.141589   2.961994 )	-18.761662
369	(   1.738715   2.216023   1.61246    2.556841   3.141592   3.085194 )	-18.761836
370	(   1.739274   2.216931   1.612484   2.556295   3.141593   3.059094 )	-18.761843
371	(   1.740055   2.215548   1.612261   2.556848   3.141593   3.046194 )	-18.761868
372	(   1.739984   2.216097   1.612754   2.555623   3.141593   3.074894 )	-18.761866
373	(   1.739225   2.215775   1.612465   2.553993   3.141593   3.057994 )	-18.761837
374	(   1.739961   2.216087   1.612745   2.557993   3.141502   3.074394 )	-18.761399
375	(   1.740593   2.216355   1.612986   2.555046   3.141345   3.061094 )	-18.760651
376	(   1.738142   2.214221   1.612057   2.555029   3.141593   3.061594 )	-18.761764
377	(   1.738715   2.215548   1.612986   2.555107   3.141593   3.085194 )	-18.761851
378	(   1.739143   2.216815   1.613252   2.556446   3.141593   3.001594 )	-18.761842
379	(   1.740195   2.215549   1.612101   2.556013   3.141592   3.078194 )	-18.761865
380	(   1.739666   2.215431   1.612599   2.555941   3.14159    3.065794 )	-18.761863
381	(   1.739366   2.215911   1.612623   2.556156   3.141593   3.056194 )	-18.761873
382	(   1.739661   2.215937   1.6126     2.555944   3.141593   3.065894 )	-18.761875
383	(   1.739527   2.215925   1.612105   2.55604    3.141593   3.066494 )	-18.761873
384	(   1.739218   2.215898   1.612635   2.554993   3.141593   3.068094 )	-18.761864
385	(   1.739659   2.215936   1.613105   2.555946   3.14159    3.065894 )	-18.761859

BBE ( SOL ) OBJ
386	(   1.739392   2.21642    1.612121   2.556149   3.141593   3.067294 )	-18.761861
387	(   1.739722   2.215898   1.612579   2.556156   3.141593   3.056194 )	-18.761875
388	(   1.738966   2.216293   1.612905   2.556114   3.141593   3.047527 )	-18.761859
389	(   1.739888   2.215735   1.612302   2.556038   3.141592   3.070527 )	-18.761873
390	(   1.739793   2.215934   1.612615   2.555911   3.141544   3.0651   )	-18.761646
391	(   1.73959    2.215731   1.612606   2.555984   3.141588   3.066081 )	-18.761852
392	(   1.739584   2.215932   1.612405   2.555967   3.141578   3.065857 )	-18.761805
393	(   1.739559   2.215935   1.612617   2.556493   3.141536   3.0649   )	-18.761602
394	(   1.739461   2.215946   1.612651   2.555618   3.141529   3.061194 )	-18.761573
395	(   1.739539   2.215937   1.612624   2.55584    3.141503   3.071194 )	-18.761447
396	(   1.739758   2.215913   1.612549   2.55587    3.141593   3.072453 )	-18.761875
397	(   1.739626   2.215937   1.612615   2.555911   3.141593   3.066194 )	-18.761875
398	(   1.739437   2.216112   1.612849   2.55595    3.141593   3.060514 )	-18.761871
399	(   1.739775   2.215829   1.612439   2.556016   3.141592   3.068024 )	-18.761875
400	(   1.739578   2.215919   1.612623   2.556193   3.141593   3.065604 )	-18.761875
401	(   1.739567   2.216031   1.612635   2.555967   3.141593   3.065191 )	-18.761874
402	(   1.739693   2.215899   1.612653   2.555952   3.141593   3.064596 )	-18.761875
403	(   1.739505   2.215865   1.612705   2.555907   3.141593   3.065963 )	-18.761875
404	(   1.739599   2.215935   1.612598   2.555999   3.141593   3.066439 )	-18.761875
405	(   1.739681   2.215996   1.612505   2.556078   3.141583   3.066425 )	-18.76183 
406	(   1.739644   2.216022   1.612463   2.555899   3.141593   3.06785  )	-18.761874
407	(   1.739505   2.215865   1.612505   2.556193   3.141593   3.066439 )	-18.761875
408	(   1.739649   2.215924   1.612452   2.55599    3.141593   3.070388 )	-18.761875
409	(   1.73966    2.215918   1.612502   2.55598    3.141593   3.06894  )	-18.761875
410	(   1.739643   2.21593    1.612604   2.555993   3.141593   3.066208 )	-18.761875
411	(   1.739543   2.215931   1.612605   2.555993   3.141593   3.06618  )	-18.761875
412	(   1.739592   2.215957   1.61257    2.555986   3.141593   3.067194 )	-18.761875
413	(   1.739592   2.215889   1.612652   2.555986   3.141593   3.067194 )	-18.761875
414	(   1.739593   2.215928   1.612603   2.556093   3.141593   3.06625  )	-18.761875
415	(   1.739593   2.215943   1.612615   2.555995   3.141593   3.065902 )	-18.761875
416	(   1.73961    2.215911   1.612609   2.555893   3.141593   3.066062 )	-18.761875
417	(   1.739595   2.215931   1.612698   2.556048   3.141593   3.062619 )	-18.761875
418	(   1.739611   2.215928   1.612649   2.556031   3.141593   3.064199 )	-18.761875
419	(   1.739613   2.215918   1.612594   2.555967   3.141593   3.06637  )	-18.761875
420	(   1.739573   2.215944   1.612616   2.556019   3.141592   3.066019 )	-18.761871
421	(   1.739576   2.215944   1.612585   2.555945   3.141593   3.066514 )	-18.761875
422	(   1.739579   2.215911   1.612625   2.555954   3.141593   3.066455 )	-18.761875
423	(   1.739581   2.215914   1.612591   2.556043   3.141593   3.066422 )	-18.761875
424	(   1.739594   2.215932   1.612606   2.555996   3.141593   3.066171 )	-18.761875
425	(   1.739634   2.215952   1.612618   2.556025   3.141593   3.06541  )	-18.761875

BBE ( SOL ) OBJ
426	(   1.73963    2.21591    1.612639   2.555957   3.141593   3.065176 )	-18.761875
427	(   1.73962    2.215922   1.612622   2.555965   3.141593   3.065681 )	-18.761875
428	(   1.739603   2.215933   1.612607   2.555992   3.141592   3.066234 )	-18.761874
429	(   1.739583   2.215929   1.612603   2.555993   3.141593   3.066155 )	-18.761875
430	(   1.739596   2.215936   1.612595   2.555996   3.141593   3.066001 )	-18.761875
431	(   1.739596   2.215921   1.612611   2.555996   3.141593   3.066002 )	-18.761875
432	(   1.739593   2.215932   1.612606   2.556013   3.141592   3.066215 )	-18.761874
433	(   1.739592   2.215933   1.612607   2.555992   3.141593   3.066235 )	-18.761875
434	(   1.739577   2.215932   1.612606   2.555967   3.141593   3.066521 )	-18.761875
435	(   1.739593   2.215921   1.612603   2.556002   3.141592   3.066118 )	-18.761875
436	(   1.739565   2.215939   1.612585   2.555986   3.141593   3.066945 )	-18.761875
437	(   1.739578   2.215935   1.612594   2.555981   3.141593   3.066629 )	-18.761875
438	(   1.739594   2.215929   1.6126     2.555991   3.141593   3.066179 )	-18.761875
439	(   1.739591   2.215933   1.612604   2.555996   3.141593   3.06623  )	-18.761875
440	(   1.739588   2.215927   1.612606   2.555989   3.141593   3.066148 )	-18.761875
441	(   1.739595   2.215928   1.612606   2.556003   3.141593   3.066156 )	-18.761875
442	(   1.739598   2.215932   1.612607   2.555984   3.141593   3.066094 )	-18.761875
443	(   1.739598   2.215934   1.612604   2.555996   3.141592   3.066241 )	-18.761872
444	(   1.739581   2.21593    1.612608   2.555988   3.141593   3.066303 )	-18.761875
445	(   1.739588   2.215927   1.6126     2.555985   3.141593   3.066241 )	-18.761875
446	(   1.739593   2.215948   1.612604   2.555988   3.141593   3.06617  )	-18.761875
447	(   1.739593   2.215941   1.612604   2.555992   3.141593   3.066157 )	-18.761875
448	(   1.739595   2.21593    1.612605   2.555993   3.141593   3.066193 )	-18.761875
449	(   1.739591   2.215931   1.612605   2.555993   3.141593   3.066196 )	-18.761875
450	(   1.739593   2.215932   1.612607   2.555993   3.141593   3.066205 )	-18.761875
451	(   1.739593   2.215931   1.612605   2.555988   3.141593   3.066202 )	-18.761875
452	(   1.739593   2.215929   1.612605   2.555992   3.141593   3.066179 )	-18.761875
453	(   1.739593   2.215932   1.612604   2.555994   3.141593   3.066144 )	-18.761875
454	(   1.739593   2.215929   1.612603   2.555997   3.141593   3.066242 )	-18.761875
455	(   1.739598   2.215934   1.61261    2.555997   3.141593   3.0661   )	-18.761875
456	(   1.739596   2.215933   1.612608   2.555994   3.141593   3.066135 )	-18.761875
457	(   1.739593   2.21593    1.612606   2.555992   3.141593   3.066197 )	-18.761875
458	(   1.739593   2.215932   1.612604   2.555993   3.141592   3.066192 )	-18.761873
459	(   1.739592   2.215932   1.612605   2.555992   3.141593   3.066196 )	-18.761875
460	(   1.739594   2.215931   1.612606   2.555993   3.141593   3.066193 )	-18.761874
461	(   1.739593   2.21593    1.612605   2.555995   3.141593   3.066195 )	-18.761875
462	(   1.739594   2.215931   1.612605   2.555993   3.141593   3.066194 )	-18.761875
463	(   1.739592   2.215929   1.612605   2.55599    3.141593   3.066198 )	-18.761875
464	(   1.739594   2.21593    1.612604   2.555992   3.141593   3.066193 )	-18.761875
465	(   1.739593   2.215932   1.612604   2.555994   3.141593   3.066201 )	-18.761875

BBE ( SOL ) OBJ
466	(   1.739593   2.215932   1.612605   2.555994   3.141593   3.066202 )	-18.761875
467	(   1.739594   2.215931   1.612605   2.555993   3.141593   3.066194 )	-18.761875
468	(   1.739593   2.215931   1.612605   2.555993   3.141593   3.066195 )	-18.761875
469	(   1.739593   2.215931   1.612604   2.555992   3.141593   3.066189 )	-18.761875
470	(   1.739593   2.215931   1.612605   2.555994   3.141593   3.066191 )	-18.761875
471	(   1.739593   2.215931   1.612605   2.555992   3.141593   3.066184 )	-18.761875
472	(   1.739593   2.215931   1.612605   2.555993   3.141593   3.066197 )	-18.761875
473	(   1.739593   2.21593    1.612605   2.555993   3.141593   3.066199 )	-18.761875
474	(   1.739593   2.215929   1.612607   2.555991   3.141593   3.066184 )	-18.761875
475	(   1.739593   2.21593    1.612606   2.555992   3.141593   3.066188 )	-18.761875
476	(   1.739593   2.215931   1.612605   2.555993   3.141593   3.066196 )	-18.761875
477	(   1.739593   2.215931   1.612605   2.555992   3.141593   3.066193 )	-18.761875
478	(   1.739593   2.215931   1.612605   2.555992   3.141593   3.066194 )	-18.761875
479	(   1.739593   2.215931   1.612605   2.555992   3.141593   3.066193 )	-18.761875
480	(   1.739593   2.215931   1.612605   2.555993   3.141593   3.066192 )	-18.761875
481	(   1.739593   2.215931   1.612605   2.555993   3.141593   3.066195 )	-18.761875
482	(   1.739593   2.215931   1.612605   2.555993   3.141593   3.066198 )	-18.761875
483	(   1.739593   2.215931   1.612604   2.555992   3.141593   3.066196 )	-18.761875
484	(   1.739593   2.215931   1.612605   2.555992   3.141593   3.066195 )	-18.761875
485	(   1.739593   2.215931   1.612605   2.555993   3.141593   3.066192 )	-18.761875
486	(   1.739593   2.215931   1.612605   2.555993   3.141593   3.066196 )	-18.761875
487	(   1.739593   2.215931   1.612605   2.555993   3.141593   3.066194 )	-18.761875
488	(   1.739593   2.215931   1.612605   2.555993   3.141593   3.066196 )	-18.761875
489	(   1.739593   2.215931   1.612605   2.555993   3.141593   3.066195 )	-18.761875
490	(   1.739593   2.215931   1.612605   2.555993   3.141593   3.066194 )	-18.761875
491	(   1.739593   2.215931   1.612605   2.555992   3.141593   3.066193 )	-18.761875
492	(   1.739593   2.215931   1.612605   2.555992   3.141593   3.066192 )	-18.761875
493	(   1.739593   2.215931   1.612605   2.555992   3.141593   3.066193 )	-18.761875
494	(   1.739593   2.215931   1.612605   2.555993   3.141593   3.066195 )	-18.761875
495	(   1.739593   2.215931   1.612605   2.555993   3.141593   3.066193 )	-18.761875
496	(   1.739593   2.215931   1.612605   2.555993   3.141593   3.066194 )	-18.761875
497	(   1.739593   2.215931   1.612605   2.555993   3.141593   3.066195 )	-18.761875
498	(   1.739593   2.215931   1.612605   2.555993   3.141593   3.066195 )	-18.761875
499	(   1.739593   2.215931   1.612605   2.555993   3.141593   3.066195 )	-18.761875
500	(   1.739593   2.215931   1.612605   2.555993   3.141593   3.066194 )	-18.761875
501	(   1.739593   2.215931   1.612605   2.555993   3.141593   3.066195 )	-18.761875
502	(   1.739593   2.215931   1.612605   2.555993   3.141593   3.066195 )	-18.761875
503	(   1.739593   2.215931   1.612605   2.555993   3.141593   3.066194 )	-18.761875
504	(   1.739593   2.215931   1.612605   2.555993   3.141593   3.066195 )	-18.761875
505	(   1.739593   2.215931   1.612605   2.555993   3.141593   3.066195 )	-18.761875

BBE ( SOL ) OBJ
506	(   1.739593   2.215931   1.612605   2.555993   3.141593   3.066194 )	-18.761875
507	(   1.739593   2.215931   1.612605   2.555993   3.141593   3.066194 )	-18.761875
508	(   1.739593   2.215931   1.612605   2.555993   3.141593   3.066195 )	-18.761875
509	(   1.739593   2.215931   1.612605   2.555993   3.141593   3.066194 )	-18.761875
510	(   1.739593   2.215931   1.612605   2.555993   3.141593   3.066194 )	-18.761875
511	(   1.739593   2.215931   1.612605   2.555993   3.141593   3.066194 )	-18.761875
512	(   1.739593   2.215931   1.612605   2.555993   3.141593   3.066195 )	-18.761875
513	(   1.739593   2.215931   1.612605   2.555993   3.141593   3.066194 )	-18.761875
514	(   1.739593   2.215931   1.612605   2.555993   3.141593   3.066195 )	-18.761875
515	(   1.739593   2.215931   1.612605   2.555993   3.141593   3.066194 )	-18.761875
516	(   1.739593   2.215931   1.612605   2.555993   3.141593   3.066195 )	-18.761875
517	(   1.739593   2.215931   1.612605   2.555993   3.141593   3.066195 )	-18.761875
518	(   1.739593   2.215931   1.612605   2.555993   3.141593   3.066194 )	-18.761875
519	(   1.739593   2.215931   1.612605   2.555993   3.141593   3.066195 )	-18.761875
520	(   1.739593   2.215931   1.612605   2.555993   3.141593   3.066195 )	-18.761875
521	(   1.739593   2.215931   1.612605   2.555993   3.141593   3.066194 )	-18.761875
522	(   1.739593   2.215931   1.612605   2.555993   3.141593   3.066194 )	-18.761875
523	(   1.739593   2.215931   1.612605   2.555993   3.141593   3.066194 )	-18.761875
524	(   1.739593   2.215931   1.612605   2.555993   3.141593   3.066194 )	-18.761875
525	(   1.739593   2.215931   1.612605   2.555993   3.141593   3.066194 )	-18.761875
526	(   1.739593   2.215931   1.612605   2.555993   3.141593   3.066194 )	-18.761875
527	(   1.739593   2.215931   1.612605   2.555993   3.141593   3.066194 )	-18.761875
528	(   1.739593   2.215931   1.612605   2.555993   3.141593   3.066194 )	-18.761875
529	(   1.739593   2.215931   1.612605   2.555993   3.141593   3.066195 )	-18.761875
530	(   1.739593   2.215931   1.612605   2.555993   3.141593   3.066194 )	-18.761875
531	(   1.739593   2.215931   1.612605   2.555993   3.141593   3.066194 )	-18.761875
532	(   1.739593   2.215931   1.612605   2.555993   3.141593   3.066194 )	-18.761875
533	(   1.739593   2.215931   1.612605   2.555993   3.141593   3.066195 )	-18.761875
534	(   1.739593   2.215931   1.612605   2.555993   3.141593   3.066194 )	-18.761875
535	(   1.739593   2.215931   1.612605   2.555993   3.141593   3.066194 )	-18.761875
536	(   1.739593   2.215931   1.612605   2.555993   3.141593   3.066194 )	-18.761875
537	(   1.739593   2.215931   1.612605   2.555993   3.141593   3.066194 )	-18.761875
538	(   1.739593   2.215931   1.612605   2.555993   3.141593   3.066194 )	-18.761875
539	(   1.739593   2.215931   1.612605   2.555993   3.141593   3.066194 )	-18.761875
540	(   1.739593   2.215931   1.612605   2.555993   3.141593   3.066194 )	-18.761875
541	(   1.739593   2.215931   1.612605   2.555993   3.141593   3.066194 )	-18.761875
542	(   1.739593   2.215931   1.612605   2.555993   3.141593   3.066194 )	-18.761875
543	(   1.739593   2.215931   1.612605   2.555993   3.141593   3.066194 )	-18.761875
544	(   1.739593   2.215931   1.612605   2.555993   3.141593   3.066194 )	-18.761875
545	(   1.739593   2.215931   1.612605   2.555993   3.141593   3.066194 )	-18.761875

BBE ( SOL ) OBJ
546	(   1.739593   2.215931   1.612605   2.555993   3.141593   3.066195 )	-18.761875
547	(   1.739593   2.215931   1.612605   2.555993   3.141593   3.066194 )	-18.761875
548	(   1.739593   2.215931   1.612605   2.555993   3.141593   3.066194 )	-18.761875
549	(   1.739593   2.215931   1.612605   2.555993   3.141593   3.066194 )	-18.761875
550	(   1.739593   2.215931   1.612605   2.555993   3.141593   3.066194 )	-18.761875
551	(   1.739593   2.215931   1.612605   2.555993   3.141593   3.066194 )	-18.761875
552	(   1.739593   2.215931   1.612605   2.555993   3.141593   3.066194 )	-18.761875
553	(   1.739593   2.215931   1.612605   2.555993   3.141593   3.066194 )	-18.761875
554	(   1.739593   2.215931   1.612605   2.555993   3.141593   3.066194 )	-18.761875
555	(   1.739593   2.215931   1.612605   2.555993   3.141593   3.066194 )	-18.761875
556	(   1.739593   2.215931   1.612605   2.555993   3.141593   3.066194 )	-18.761875
557	(   1.739593   2.215931   1.612605   2.555993   3.141593   3.066194 )	-18.761875
558	(   1.739593   2.215931   1.612605   2.555993   3.141593   3.066194 )	-18.761875
559	(   1.739593   2.215931   1.612605   2.555993   3.141593   3.066194 )	-18.761875
560	(   1.739593   2.215931   1.612605   2.555993   3.141593   3.066194 )	-18.761875
561	(   1.739593   2.215931   1.612605   2.555993   3.141593   3.066194 )	-18.761875
562	(   1.739593   2.215931   1.612605   2.555993   3.141593   3.066194 )	-18.761875
563	(   1.739593   2.215931   1.612605   2.555993   3.141593   3.066194 )	-18.761875
564	(   1.739593   2.215931   1.612605   2.555993   3.141593   3.066194 )	-18.761875
565	(   1.739593   2.215931   1.612605   2.555993   3.141593   3.066194 )	-18.761875
566	(   1.739593   2.215931   1.612605   2.555993   3.141593   3.066194 )	-18.761875
567	(   1.739593   2.215931   1.612605   2.555993   3.141593   3.066194 )	-18.761875
568	(   1.739593   2.215931   1.612605   2.555993   3.141593   3.066194 )	-18.761875
569	(   1.739593   2.215931   1.612605   2.555993   3.141593   3.066194 )	-18.761875
570	(   1.739593   2.215931   1.612605   2.555993   3.141593   3.066194 )	-18.761875
571	(   1.739593   2.215931   1.612605   2.555993   3.141593   3.066194 )	-18.761875
572	(   1.739593   2.215931   1.612605   2.555993   3.141593   3.066194 )	-18.761875
573	(   1.739593   2.215931   1.612605   2.555993   3.141593   3.066194 )	-18.761875
574	(   1.739593   2.215931   1.612605   2.555993   3.141593   3.066194 )	-18.761875
575	(   1.739593   2.215931   1.612605   2.555993   3.141593   3.066194 )	-18.761875
576	(   1.739593   2.215931   1.612605   2.555993   3.141593   3.066194 )	-18.761875
577	(   1.739593   2.215931   1.612605   2.555993   3.141593   3.066194 )	-18.761875
578	(   1.739593   2.215931   1.612605   2.555993   3.141593   3.066194 )	-18.761875
579	(   1.739593   2.215931   1.612605   2.555993   3.141593   3.066194 )	-18.761875
580	(   1.739593   2.215931   1.612605   2.555993   3.141593   3.066194 )	-18.761875
581	(   1.739593   2.215931   1.612605   2.555993   3.141593   3.066194 )	-18.761875
582	(   1.739593   2.215931   1.612605   2.555993   3.141593   3.066194 )	-18.761875
583	(   1.739593   2.215931   1.612605   2.555993   3.141593   3.066194 )	-18.761875
584	(   1.739593   2.215931   1.612605   2.555993   3.141593   3.066194 )	-18.761875
585	(   1.739593   2.215931   1.612605   2.555993   3.141593   3.066194 )	-18.761875

BBE ( SOL ) OBJ
586	(   1.739593   2.215931   1.612605   2.555993   3.141593   3.066194 )	-18.761875
587	(   1.739593   2.215931   1.612605   2.555993   3.141593   3.066194 )	-18.761875
588	(   1.739593   2.215931   1.612605   2.555993   3.141593   3.066194 )	-18.761875
589	(   1.739593   2.215931   1.612605   2.555993   3.141593   3.066194 )	-18.761875
590	(   1.739593   2.215931   1.612605   2.555993   3.141593   3.066194 )	-18.761875
591	(   1.739593   2.215931   1.612605   2.555993   3.141593   3.066194 )	-18.761875
592	(   1.739593   2.215931   1.612605   2.555993   3.141593   3.066194 )	-18.761875
593	(   1.739593   2.215931   1.612605   2.555993   3.141593   3.066194 )	-18.761875
594	(   1.739593   2.215931   1.612605   2.555993   3.141593   3.066194 )	-18.761875
595	(   1.739593   2.215931   1.612605   2.555993   3.141593   3.066194 )	-18.761875
596	(   1.739593   2.215931   1.612605   2.555993   3.141593   3.066194 )	-18.761875
597	(   1.739593   2.215931   1.612605   2.555993   3.141593   3.066194 )	-18.761875
598	(   1.739593   2.215931   1.612605   2.555993   3.141593   3.066194 )	-18.761875
599	(   1.739593   2.215931   1.612605   2.555993   3.141593   3.066194 )	-18.761875
600	(   1.739593   2.215931   1.612605   2.555993   3.141593   3.066194 )	-18.761875
601	(   1.739593   2.215931   1.612605   2.555993   3.141593   3.066194 )	-18.761875
602	(   1.739593   2.215931   1.612605   2.555993   3.141593   3.066194 )	-18.761875
603	(   1.739593   2.215931   1.612605   2.555993   3.141593   3.066194 )	-18.761875
604	(   1.739593   2.215931   1.612605   2.555993   3.141593   3.066194 )	-18.761875
605	(   1.739593   2.215931   1.612605   2.555993   3.141593   3.066194 )	-18.761875
606	(   1.739593   2.215931   1.612605   2.555993   3.141593   3.066194 )	-18.761875
607	(   1.739593   2.215931   1.612605   2.555993   3.141593   3.066194 )	-18.761875
608	(   1.739593   2.215931   1.612605   2.555993   3.141593   3.066194 )	-18.761875
609	(   1.739593   2.215931   1.612605   2.555993   3.141593   3.066194 )	-18.761875
610	(   1.739593   2.215931   1.612605   2.555993   3.141593   3.066194 )	-18.761875
611	(   1.739593   2.215931   1.612605   2.555993   3.141593   3.066194 )	-18.761875
612	(   1.739593   2.215931   1.612605   2.555993   3.141593   3.066194 )	-18.761875
613	(   1.739593   2.215931   1.612605   2.555993   3.141593   3.066194 )	-18.761875
614	(   1.739593   2.215931   1.612605   2.555993   3.141593   3.066194 )	-18.761875
615	(   1.739593   2.215931   1.612605   2.555993   3.141593   3.066194 )	-18.761875
616	(   1.739593   2.215931   1.612605   2.555993   3.141593   3.066194 )	-18.761875
617	(   1.739593   2.215931   1.612605   2.555993   3.141593   3.066194 )	-18.761875
618	(   1.739593   2.215931   1.612605   2.555993   3.141593   3.066194 )	-18.761875
619	(   1.739593   2.215931   1.612605   2.555993   3.141593   3.066194 )	-18.761875
620	(   1.739593   2.215931   1.612605   2.555993   3.141593   3.066194 )	-18.761875
621	(   1.739593   2.215931   1.612605   2.555993   3.141593   3.066194 )	-18.761875
622	(   1.739593   2.215931   1.612605   2.555993   3.141593   3.066194 )	-18.761875
623	(   1.739593   2.215931   1.612605   2.555993   3.141593   3.066194 )	-18.761875
624	(   1.739593   2.215931   1.612605   2.555993   3.141593   3.066194 )	-18.761875
625	(   1.739593   2.215931   1.612605   2.555993   3.141593   3.066194 )	-18.761875

BBE ( SOL ) OBJ
626	(   1.739593   2.215931   1.612605   2.555993   3.141593   3.066194 )	-18.761875
627	(   1.739593   2.215931   1.612605   2.555993   3.141593   3.066194 )	-18.761875
628	(   1.739593   2.215931   1.612605   2.555993   3.141593   3.066194 )	-18.761875
629	(   1.739593   2.215931   1.612605   2.555993   3.141593   3.066194 )	-18.761875
630	(   1.739593   2.215931   1.612605   2.555993   3.141593   3.066194 )	-18.761875
631	(   1.739593   2.215931   1.612605   2.555993   3.141593   3.066194 )	-18.761875
632	(   1.739593   2.215931   1.612605   2.555993   3.141593   3.066194 )	-18.761875
633	(   1.739593   2.215931   1.612605   2.555993   3.141593   3.066194 )	-18.761875
634	(   1.739593   2.215931   1.612605   2.555993   3.141593   3.066194 )	-18.761875
635	(   1.739593   2.215931   1.612605   2.555993   3.141593   3.066194 )	-18.761875
636	(   1.739593   2.215931   1.612605   2.555993   3.141593   3.066194 )	-18.761875
637	(   1.739593   2.215931   1.612605   2.555993   3.141593   3.066194 )	-18.761875
638	(   1.739593   2.215931   1.612605   2.555993   3.141593   3.066194 )	-18.761875
639	(   1.739593   2.215931   1.612605   2.555993   3.141593   3.066194 )	-18.761875
640	(   1.739593   2.215931   1.612605   2.555993   3.141593   3.066194 )	-18.761875
641	(   1.739593   2.215931   1.612605   2.555993   3.141593   3.066194 )	-18.761875
642	(   1.739593   2.215931   1.612605   2.555993   3.141593   3.066194 )	-18.761875
643	(   1.739593   2.215931   1.612605   2.555993   3.141593   3.066194 )	-18.761875
644	(   1.739593   2.215931   1.612605   2.555993   3.141593   3.066194 )	-18.761875
645	(   1.739593   2.215931   1.612605   2.555993   3.141593   3.066194 )	-18.761875
646	(   1.739593   2.215931   1.612605   2.555993   3.141593   3.066194 )	-18.761875
647	(   1.739593   2.215931   1.612605   2.555993   3.141593   3.066194 )	-18.761875
648	(   1.739593   2.215931   1.612605   2.555993   3.141593   3.066194 )	-18.761875
649	(   1.739593   2.215931   1.612605   2.555993   3.141593   3.066194 )	-18.761875
650	(   1.739593   2.215931   1.612605   2.555993   3.141593   3.066194 )	-18.761875
651	(   1.739593   2.215931   1.612605   2.555993   3.141593   3.066194 )	-18.761875
652	(   1.739593   2.215931   1.612605   2.555993   3.141593   3.066194 )	-18.761875
653	(   1.739593   2.215931   1.612605   2.555993   3.141593   3.066194 )	-18.761875
654	(   1.739593   2.215931   1.612605   2.555993   3.141593   3.066194 )	-18.761875
655	(   1.739593   2.215931   1.612605   2.555993   3.141593   3.066194 )	-18.761875
656	(   1.739593   2.215931   1.612605   2.555993   3.141593   3.066194 )	-18.761875
657	(   1.739593   2.215931   1.612605   2.555993   3.141593   3.066194 )	-18.761875
658	(   1.739593   2.215931   1.612605   2.555993   3.141593   3.066194 )	-18.761875
659	(   1.739593   2.215931   1.612605   2.555993   3.141593   3.066194 )	-18.761875
660	(   1.739593   2.215931   1.612605   2.555993   3.141593   3.066194 )	-18.761875
661	(   1.739593   2.215931   1.612605   2.555993   3.141593   3.066194 )	-18.761875
662	(   1.739593   2.215931   1.612605   2.555993   3.141593   3.066194 )	-18.761875
663	(   1.739593   2.215931   1.612605   2.555993   3.141593   3.066194 )	-18.761875
664	(   1.739593   2.215931   1.612605   2.555993   3.141593   3.066194 )	-18.761875
665	(   1.739593   2.215931   1.612605   2.555993   3.141593   3.066194 )	-18.761875

BBE ( SOL ) OBJ
666	(   1.739593   2.215931   1.612605   2.555993   3.141593   3.066194 )	-18.761875
667	(   1.739593   2.215931   1.612605   2.555993   3.141593   3.066194 )	-18.761875
A termination criterion is reached: No termination (all). Mesh minimum precision reached (Algo)

Best feasible solution:     #66155 ( 1.73959 2.21593 1.6126 2.55599 3.14159 3.06619 )	Evaluation OK	 f = -18.761874999999999858  	 h =   0                     

Best infeasible solution:   Undefined.

Blackbox evaluations:         667
Total model evaluations:      92195
Cache hits:                   63
Total number of evaluations:  730
