1	(   0          0          0          0          0          0        )	 -7       
2	(   0          1          1          0          1          0        )	 -7       
3	(   0          0          0          1          0          1        )	 -7       
4	(   0          1          0          0          0          0        )	 -7       
5	(   1          0          1          0          0          0        )	  4.023549
6	(   0          0          0          1          0          0        )	 -7       
7	(   1          0          0          0          0          0        )	  4.023549
8	(   0          0.67       0.67       0.67       0.33       0.33     )	 -7       
9	(   0          0.89       0          0.89       0.44       0.44     )	 -7       
10	(   0          0.67       0          0.67       0.33       0.33     )	 -7       
11	(   0          0          0          0.35       0          0.06     )	 -7       
12	(   0.06       0.5        0          0.08       0          0.01     )	 -7.170578
13	(   0.06       2.5        0          0.08       0          0.04     )	 -7.710361
14	(   0.06       3.141593   0          0.08       0          0.04     )	 -7.192681
15	(   1.06       3.141593   0          1.08       0          1.04     )	  1.187172
16	(   0.06       1.5        0          0.08      -0          0.04     )	 -7.869237
17	(   0.06       2.5        0          0          0          0.04     )	 -7.710361
18	(   0.06       0          0          0.08       0          0.04     )	 -6.713832
19	(   1.06       3.141593   0          0.08       0          0.04     )	  1.187172
20	(   0.06       1.5        0          0         -0          0.04     )	 -7.869237
21	(   0.06       1.5        0          0.08       0          1.04     )	 -7.869237
22	(   1.06       0          0          0          1          0.04     )	  4.598934
23	(   0          3.141593   0          1.08       0          0.04     )	 -7       
24	(   0.06       0.5        0          0.08      -0          0.04     )	 -7.170578
25	(   0          0          0          0          0          0.04     )	 -7       
26	(   0.06       2.5        1          0.08       0          0.04     )	 -7.140939
27	(   0          2.5        0          0          0          0        )	 -7       
28	(   0          3.141593   0          1.08       0          1.04     )	 -7       
29	(   0.1        2.5        0          0.11       0          0.4      )	 -8.15799 
30	(   0.15       2.5        0          0.16       0          0.6      )	 -8.683292
31	(   0.15       2.5        0          0.16       0          1.6      )	 -8.683292
32	(   1.15       3.141593   0          0.16       0          1.6      )	  2.339384
33	(   0.15       3.141593   0          0.16       0          0.6      )	 -7.300728
34	(   0.15       3.141593   0          0.16       0          1.6      )	 -7.300728
35	(   0.15       1.5        0          0.16       0          0.6      )	 -9.110542
36	(   0.15       0          0          0.16       0          0.6      )	 -6.118647
37	(   0.15       1.5        1          1.16       1          1.6      )	 -6.72705 
38	(   0.15       1.5        1          0.16       1          0.6      )	 -6.457739

BBE ( SOL ) OBJ
39	(   0.15       3.141593   0          0          0          0.6      )	 -7.300728
40	(   0.15       0.5        0          0          0          1.6      )	 -7.234896
41	(   0          0.5        0          0.16       0          0.6      )	 -7       
42	(   0.15       0.5        1          0.16       0          0.6      )	 -5.967624
43	(   0.15       0          0          1.16       0          0.6      )	 -6.118647
44	(   0.15       2.5        0          1.16       1          0        )	 -8.683292
45	(   0.15       2.5        0          0          0          0.6      )	 -8.683292
46	(   0.24       1.5        1          1.16       1          0        )	 -6.976881
47	(   0.22       2.5        0          0.5        0.33       1.23     )	 -9.345514
48	(   0.31       2.5        0          0.72       0.5        1.82     )	-10.052795
49	(   0.31       2.5        0          1.72       1.5        3.82     )	-10.052795
50	(   0.31       3.141593   0          0          1.5        3.82     )	 -6.95228 
51	(   0.31       2.5        0          0.72       0.5        2.82     )	-10.052795
52	(   0.31       3.141593   0          0.72       1.5        1.82     )	 -6.95228 
53	(   0.31       3.141593   0          1.72       0.5        1.82     )	 -6.95228 
54	(   0.31       3.141593   0          0.72       0.5        1.82     )	 -6.95228 
55	(   0.31       1.5        0          0.72       0.5        2.82     )	-11.020871
56	(   0.31       0          0          0.72       0.5        5.82     )	 -4.62814 
57	(   0.31       1.5        0          0.72       1.5        4.82     )	-11.020871
58	(   0.31       1.5        0          1.72       1.5        5.82     )	-11.020871
59	(   0.31       1.5        0          0.72       1.5        2.82     )	-11.020871
60	(   0.31       2.5        0          0          0.5        2.82     )	-10.052795
61	(   0.31       3.141593   0          0.72       0.5        2.82     )	 -6.95228 
62	(   0.31       1.5        0          0.72       0.5        0.82     )	-11.020871
63	(   0          0          1          0          1.5        1.82     )	 -7       
64	(   0          1.5        0          0.72       0.5        2.82     )	 -7       
65	(   0.31       0.5        0          1.72       0          3.82     )	 -6.781678
66	(   1.15       0.5        0          0          0          4.82     )	  3.156096
67	(   0.53       1.5        0          1.62       1.94       6.283185 )	-12.733405
68	(   0.77       0.5        0          2.39       2.92       6.283185 )	 -2.13392 
69	(   1.53       1.5        0          3.141593   3.141593   6.283185 )	 -4.98304 
70	(   1.53       3.141593   0          0          2.94       3.283185 )	  5.815371
71	(   0.53       0.5        0          1.62       2.94       6.283185 )	 -5.069215
72	(   0.53       2.5        1          0.62       0.94       2.283185 )	 -7.432613
73	(   0.53       0.5        0          1.62       1.94       6.283185 )	 -5.069215
74	(   0.53       2.5        1          0.62       0.94       3.283185 )	 -7.90287 
75	(   0.53       0.5        0          1.62       1.94       5.283185 )	 -5.069215
76	(   0.53       3.141593   0          1.62       1.94       6.283185 )	 -5.422379
77	(   0.53       1.5        0          2.62       2.94       6.283185 )	-12.733405
78	(   0.53       1.5        0          0.62       2.94       6.283185 )	-12.733405

BBE ( SOL ) OBJ
79	(   0.53       1.5        0          0.62       2.94       4.283185 )	-12.733405
80	(   0.53       1.5        1          1.62       1.94       6.283185 )	 -7.536244
81	(   0          1.5        0          1.62       1.94       6.283185 )	 -7       
82	(   1.53       1.5        0          2.62       0.94       6.283185 )	 -4.98304 
83	(   1.19       1.5        0          3.141593   3.141593   6.283185 )	 -9.807286
84	(   0.78       1.5        0          0.62       0.94       6.283185 )	-13.04369 
85	(   1.78       1.5        0          0          0          6.283185 )	 -1.511285
86	(   0          0.5        1          0.62       0          4.283185 )	 -7       
87	(   0.78       0.5        0          1.62       2.94       6.283185 )	 -1.996342
88	(   0.78       2.5        1          0.62       1.94       4.283185 )	 -6.422801
89	(   0.78       1.5        0          1.62       1.94       6.283185 )	-13.04369 
90	(   0.78       1.5        0          0          0          6.283185 )	-13.04369 
91	(   0.78       0.5        0          0          0.94       6.283185 )	 -1.996342
92	(   0.78       1.5        0          0.62       0.94       5.283185 )	-13.04369 
93	(   0.78       1.5        1          0.62       0.94       6.283185 )	 -2.824283
94	(   0          1.5        0          0.62       0.94       6.283185 )	 -7       
95	(   1.78       1.5        0          0.62       0.94       6.283185 )	 -1.511285
96	(   1.53       1.5        0          0          0          6.283185 )	 -4.98304 
97	(   0.76       1.5        0          0          0          5.283185 )	-13.087013
98	(   0.7        1.5        0          0          0          2.283185 )	-13.145798
99	(   0.7        1.5        0          0          0          0        )	-13.145798
100	(   0.7        2.5        0          1          0          6.283185 )	-10.833975
101	(   0.7        0.5        0         -0         -0          5.283185 )	 -3.070937
102	(   0.7        2.5        1          1          1          4.283185 )	 -7.991836
103	(   0.7        0.5        0         -0          0          4.283185 )	 -3.070937
104	(   0.7        1.5        0          0          1          2.283185 )	-13.145798
105	(   0.7        1.5        0          0          0          4.283185 )	-13.145798
106	(   0.7        1.5        1          0          0          2.283185 )	 -1.707626
107	(   0          0.5        0          1          0          3.283185 )	 -7       
108	(   0          2.5        0          1          0          1.283185 )	 -7       
109	(   0          1.5        0          0          0          3.283185 )	 -7       
110	(   1.7        2.5        0          0          0          1.283185 )	 -0.305829
111	(   0.52       1.5        0          0          0          0        )	-12.683088
112	(   1.02       2.5        0         -0          0.48       0.283185 )	 -8.639177
113	(   0.75       0.83       0          0          0          3.283185 )	 -6.066035
114	(   0.71       2.08       0.5        0.64       0.66       4.283185 )	-11.707274
115	(   0.75       0.69       0.17       0          0.87       0.283185 )	 -3.241392
116	(   0.71       2.05       0.04       0.61       0.22       5.283185 )	-14.013901
117	(   0.74       1.1        0          0          0.06       3.283185 )	 -9.344345
118	(   0.72       1.84       0.25       0.42       0.51       4.283185 )	-13.271611

BBE ( SOL ) OBJ
119	(   0.65       1.8        0.1        0          0          0.283185 )	-13.809584
120	(   0.63       1.9        0.13       0.34       0.58       0        )	-13.698118
121	(   0.67       2.03       0.17       0.46       0          1.283185 )	-13.615574
122	(   0.66       2.21       0.23       0.61       0.44       4.283185 )	-12.907792
123	(   0.69       1.68       0.06       0.15       0.11       1.283185 )	-13.775555
124	(   0.66       2.27       0.25       0.66       0.47       2.283185 )	-12.457448
125	(   0.69       1.69       0.06       0.17       0.12       2.283185 )	-13.812762
126	(   0.63       1.88       0          0.16       0          0        )	-14.138646
127	(   0.58       1.9        0          0.03       0          0        )	-13.888662
128	(   0.66       1.64       0          0.02       0.34       2        )	-13.817799
129	(   0.71       1.68       0          0.03       0          4        )	-14.049179
130	(   0.66       1.9        0.01       0.18       0.12       3        )	-14.215237
131	(   0.65       2.01       0          0.2        0.12       4        )	-14.026953
132	(   0.7        1.81       0          0.39       0.27       5        )	-14.325332
133	(   0.73       1.82       0          0.59       0.4        6.283185 )	-14.377345
134	(   0.68       1.97       0          0.36       0.24       4.283185 )	-14.202422
135	(   0.71       2.13       0.02       0.62       0          5.283185 )	-13.697266
136	(   0.67       1.76      -0          0.17       0.25       3.283185 )	-14.185587
137	(   0.73       1.82       0          1.59       0.4        6.283185 )	-14.377345
138	(   1.73       2.82       0          0          2.4        2.283185 )	  3.599375
139	(   0.73       1.82      -0          0.59       0.4        2.283185 )	-14.377345
140	(   0.73       1.82       0          1.59       1.4        5.283185 )	-14.377345
141	(   0.73       1.82       0          0.59       1.4        6.283185 )	-14.377345
142	(   0.73       1.82       0          0          0.4        4.283185 )	-14.377345
143	(   0.73       2.82       0          0.59       0.4        6.283185 )	 -7.016175
144	(   1.73       1.82       0          0.59       0.4        6.283185 )	 -3.832234
145	(   0.73       1.82       1          0.59       0          4.283185 )	 -4.200747
146	(   0.73       0.82       0          0.59       0          6.283185 )	 -6.153061
147	(   0.82       1.85       0          1.19       0.79       6.283185 )	-14.359357
148	(   1.52       2.82       1          0          1.4        6.283185 )	  0.409616
149	(   0.79       1.71      -0          1.22       0.93       6.283185 )	-14.143273
150	(   0.71       1.9       -0          0.57       0.41       4.283185 )	-14.357576
151	(   0.82       1.78       0          1.53       1.15       6.283185 )	-14.279309
152	(   0.78       1.81       0          1.19       0.89       6.283185 )	-14.376034
153	(   0.51       2.2        0          0.34       0.9        6.283185 )	-12.692469
154	(   0.78       1.73       0          0.65       0.28       6.283185 )	-14.215177
155	(   0.8        1.71       0          0.09       0.25       6.283185 )	-14.129192
156	(   0.9        1.52       0          0.79       0.75       6.283185 )	-12.702019
157	(   0.68       1.91       0.15       0.53       0.52       5.283185 )	-13.877754
158	(   0.95       1.44       0.12       0.84       0          6.283185 )	-10.897454

BBE ( SOL ) OBJ
159	(   0.44       2.33       0          0.26       0.26       6.283185 )	-11.670452
160	(   0.68       1.44       0          0.53       0.27       6.283185 )	-12.742512
161	(   0.85       1.75       0          1.73       1.31       6.283185 )	-14.137758
162	(   0.71       1.86       0.01       0.57       0.42       4.313185 )	-14.356138
163	(   0.8        1.79       0          1.34       1.01       6.283185 )	-14.329052
164	(   0.73       1.84       0.01       0.76       0.57       4.963185 )	-14.380382
165	(   0.66       1.79      -0          0.58       0.56       4.513185 )	-14.203753
166	(   0.78       1.84      -0          1.04       0.73       5.843185 )	-14.401759
167	(   0.7        1.84      -0          0.53       0.41       4.363185 )	-14.347136
168	(   0.76       1.82      -0          1.03       0.77       5.803185 )	-14.392293
169	(   0.76       1.83      -0          1.28       0          4.203185 )	-14.400542
170	(   0.77       1.84      -0          1.51       0.56       6.283185 )	-14.405799
171	(   0.79       1.85       0.01       1.97       0.64       6.283185 )	-14.405168
172	(   0.74       1.84       0          2.92       0.05       6.283185 )	-14.399275
173	(   0.74       1.89       0.15       1.97       1.4        4.283185 )	-14.595278
174	(   0.65       2.04       0.6        2.97       3.141593   0        )	-12.164514
175	(   0.42       1.8        0.1        2.97       0.4        0.283185 )	-12.88016 
176	(   0.77       1.88       0.05       2.97       0.4        5.283185 )	-14.483213
177	(   0.8        1.87       0.07       0.97       1.4        4.283185 )	-14.345317
178	(   0.75       1.85       0.02       1.97       0.4        6.283185 )	-14.423527
179	(   0.74       1.89       0.15       1.97       2.4        4.283185 )	-14.436981
180	(   0.58       2.06       0.24       0.97       1.4        5.283185 )	-13.220804
181	(   0.7        1.93       0.17       0.97       1.4        2.283185 )	-13.819591
182	(   0.73       1.9        0          1.97       1.4        4.283185 )	-14.384048
183	(   1.24       1.91       0.16       1.97       1.4        4.283185 )	-10.319655
184	(   0.76       2.39       0.14       1.97       1.4        4.283185 )	-11.884227
185	(   0.7        1.53       0.19       3.141593   1.4        5.283185 )	-13.848987
186	(   0.65       2.04       0.6        3.141593   3.141593   0        )	-12.413258
187	(   0.77       1.89       0.24       2.97       0.4        6.283185 )	-14.282235
188	(   0.74       1.89       0.13       3.08       1.2        5.283185 )	-14.50102 
189	(   0.67       1.69       0.34       2.29       1.88       3.283185 )	-14.466695
190	(   0.71       1.97       0.23       2.11       1.61       5.283185 )	-14.206755
191	(   0.77       1.8        0.06       2.47       1.18       4.283185 )	-14.511224
192	(   0.94       1.93       0.19       2.03       1.5        4.283185 )	-13.662065
193	(   0.81       1.69       0          1.63       1.89       5.283185 )	-14.040068
194	(   0.81       2.09       0          1.65       0.92       5.283185 )	-13.832949
195	(   0.57       1.77       0          1.78       1.1        3.283185 )	-13.783648
196	(   0.64       1.94       0.23       2.11       1.1        3.283185 )	-14.486374
197	(   0.7        1.81       0.17       2.99       0          4.283185 )	-14.533285
198	(   0.78       2.05       0          2.91       0          5.613185 )	-14.049992

BBE ( SOL ) OBJ
199	(   0.7        1.78       0.24       2.44       1.38       3.863185 )	-14.766266
200	(   0.58       1.45       0.51       3.141593   1.32       2.863185 )	-13.248346
201	(   0.61       1.97       0.51       3.14       1.61       2.863185 )	-13.257822
202	(   0.66       1.82       0.28       2.05       1.69       2.863185 )	-14.316529
203	(   0.74       1.87       0.11       2.74       0.72       4.863185 )	-14.574149
204	(   0.82       1.74       0.06       3.12       0.86       5.863185 )	-14.297543
205	(   0.69       1.89       0.19       2.36       1.04       3.863185 )	-14.6957  
206	(   0.71       1.79       0.18       1.91       0.71       2.863185 )	-14.367232
207	(   0.73       1.87       0.14       2.79       1.08       4.863185 )	-14.589249
208	(   0.75       1.66       0.36       2.36       1.58       2.863185 )	-14.223856
209	(   0.76       1.63       0.39       2.34       1.32       4.863185 )	-14.003985
210	(   0.67       1.58       0.16       2.49       1.25       2.863185 )	-13.960977
211	(   0.71       1.76       0.26       2.94       1.41       3.863185 )	-14.583244
212	(   0.66       1.86       0.44       2.5        1.24       2.863185 )	-14.40856 
213	(   0.9        1.81       0.21       2.46       1.34       3.863185 )	-14.099279
214	(   0.56       1.89       0.13       1.81       1.66       5.863185 )	-13.725541
215	(   0.58       1.45       0.51       3.141593   1.32       2.603185 )	-13.248346
216	(   0.66       1.86       0.06       2.49       1.58       4.863185 )	-14.406018
217	(   0.67       1.89       0.3        2.61       1.16       4.253185 )	-14.657904
218	(   0.67       1.82       0.32       2.3        1.77       3.463185 )	-14.667649
219	(   0.69       1.95       0.19       1.88       1.2        4.333185 )	-14.49191 
220	(   0.71       1.81       0.24       2.68       1.36       3.983185 )	-14.735919
221	(   0.66       1.82       0.34       2          1.62       3.043185 )	-14.350622
222	(   0.71       1.86       0.19       2.59       1.22       4.403185 )	-14.690884
223	(   0.64       1.79       0.34       3.02       1.24       3.663185 )	-14.38222 
224	(   0.72       1.87       0.2        2.23       1.36       4.123185 )	-14.7071  
225	(   0.73       1.79       0.16       2.26       1.55       3.643185 )	-14.650372
226	(   0.69       1.86       0.27       2.52       1.26       4.103185 )	-14.75383 
227	(   0.74       1.87       0.12       2.64       0.77       4.653185 )	-14.601146
228	(   0.69       1.83       0.27       2.39       1.52       3.763185 )	-14.778857
229	(   0.69       1.82       0.28       2.28       1.42       3.493185 )	-14.754242
230	(   0.71       1.77       0.31       2.49       1.73       3.913185 )	-14.733725
231	(   0.68       1.75       0.34       2.7        1.53       3.583185 )	-14.691247
232	(   0.71       1.84       0.23       2.35       1.4        3.993185 )	-14.761369
233	(   0.69       1.88       0.2        2.4        1.05       3.823185 )	-14.714761
234	(   0.7        1.8        0.28       2.47       1.56       3.893185 )	-14.780086
235	(   0.68       1.83       0.28       2.14       1.49       3.723185 )	-14.707244
236	(   0.7        1.82       0.25       2.54       1.39       3.913185 )	-14.776409
237	(   0.71       1.77       0.25       2.3        1.63       3.533185 )	-14.699636
238	(   0.69       1.84       0.26       2.47       1.35       3.963185 )	-14.781093

BBE ( SOL ) OBJ
239	(   0.71       1.82       0.23       2.61       1.45       4.303185 )	-14.723858
240	(   0.69       1.82       0.27       2.36       1.43       3.693185 )	-14.78456 
241	(   0.68       1.79       0.29       2.54       1.48       3.703185 )	-14.779077
242	(   0.68       1.85       0.3        2.48       1.53       3.783185 )	-14.766556
243	(   0.69       1.84       0.29       2.47       1.49       3.803185 )	-14.782291
244	(   0.68       1.82       0.3        2.36       1.55       3.693185 )	-14.776675
245	(   0.69       1.82       0.29       2.41       1.51       3.753185 )	-14.789641
246	(   0.69       1.81       0.29       2.52       1.42       3.843185 )	-14.793534
247	(   0.69       1.8        0.3        2.58       1.37       3.883185 )	-14.783846
248	(   0.7        1.85       0.27       2.36       1.44       3.943185 )	-14.773226
249	(   0.69       1.81       0.29       2.5        1.47       3.763185 )	-14.79195 
250	(   0.68       1.85       0.28       2.44       1.33       3.713185 )	-14.785368
251	(   0.69       1.81       0.31       2.43       1.53       3.563185 )	-14.778706
252	(   0.69       1.83       0.27       2.46       1.4        3.863185 )	-14.790841
253	(   0.69       1.81       0.27       2.43       1.36       3.743185 )	-14.795134
254	(   0.69       1.79       0.27       2.41       1.3        3.713185 )	-14.787436
255	(   0.69       1.81       0.21       2.16       1.18       3.743185 )	-14.687073
256	(   0.57       1.63       0.51       1.59       1.04       5.743185 )	-12.082733
257	(   0.7        1.77       0.28       2.47       1.49       3.743185 )	-14.776983
258	(   0.69       1.83       0.28       2.45       1.37       3.743185 )	-14.796833
259	(   0.69       1.89       0.31       2.45       1.4        3.743185 )	-14.744866
260	(   0.7        1.79       0.2        2.45       1.1        3.743185 )	-14.722961
261	(   0.7        1.79       0.28       2.45       1.51       3.743185 )	-14.784746
262	(   0.69       1.83       0.28       2.45       1.38       3.743185 )	-14.796233
263	(   0.76       1.82       0.19       2.45       0.87       3.743185 )	-14.679255
264	(   0.69       1.83       0.28       2.45       1.37       4.743185 )	-14.632515
265	(   0.67       1.83       0.31       3.141593   1.36       3.743185 )	-14.28954 
266	(   0.71       1.83       0.25       1.45       1.38       3.743185 )	-14.119772
267	(   0.81       1.75       0          2.45       1.58       3.743185 )	-14.230573
268	(   0.62       1.63       0.36       2.45       1.34       3.743185 )	-14.53138 
269	(   0.71       1.83       0.25       1.45       1.38       2.743185 )	-13.921326
270	(   0.69       1.89       0.31       2.51       1.4        3.743185 )	-14.730817
271	(   0.81       1.97       0.51       1.62       1.04       3.503185 )	-13.182482
272	(   0.7        1.79       0.28       2.5        1.47       3.853185 )	-14.787235
273	(   0.7        1.81       0.28       2.48       1.44       3.823185 )	-14.793767
274	(   0.69       1.82       0.48       2.4        1.4        3.733185 )	-14.718981
275	(   0.79       1.84       0.29       2.52       1.33       3.763185 )	-14.606244
276	(   0.67       1.9        0.31       2.04       1.17       3.823185 )	-14.625811
277	(   0.72       1.73       0.24       1.95       1.38       3.623185 )	-14.44216 
278	(   0.69       1.82       0.28       2.39       1.4        4.243185 )	-14.75582 

BBE ( SOL ) OBJ
279	(   0.71       1.91       0.25       2.12       1.57       3.663185 )	-14.639252
280	(   0.69       1.82       0.28       2.5        1.38       3.733185 )	-14.793626
281	(   0.7738     1.7833     0.37       2.12       1.18       4.093185 )	-14.370334
282	(   0.6933     1.8267     0.27       2.44       1.31       3.783185 )	-14.797363
283	(   0.695      1.835      0.26       2.42       1.24       3.793185 )	-14.791553
284	(   0.7033     1.8167     0.24       2.41       1.13       3.903185 )	-14.774098
285	(   0.6233     1.7867     0.38       2.58       1.38       4.043185 )	-14.709609
286	(   0.6933     1.8367     0.26       2.4        1.33       3.683185 )	-14.786592
287	(   0.6933     1.8167     0.28       2.49       1.4        3.803185 )	-14.795852
288	(   0.5933     1.8267     0.27       2.45       1.3        3.833185 )	-14.596338
289	(   0.6933     1.8267     0.37       2.39       1.36       3.623185 )	-14.798687
290	(   0.6933     1.8267     0.67       2.24       1.51       3.623185 )	-14.296939
291	(   0.5733     1.7667     0.32       2.14       0.4        3.623185 )	-14.095324
292	(   0.6833     1.8367     0.3        2.4        1.29       3.623185 )	-14.798262
293	(   0.6833     1.7967     0.17       2.56       1.21       3.623185 )	-14.670438
294	(   0.6533     1.7267     0.46       2.89       1.8        3.623185 )	-14.29496 
295	(   0.7933     1.7967     0.39       2.53       1.24       3.623185 )	-14.509277
296	(   0.6933     1.8267     0.37       2.38       1.37       4.623185 )	-14.557836
297	(   0.7333     1.7667     0.28       1.89       1.79       3.623185 )	-14.382586
298	(   0.6533     1.7267     0.46       2.12       0.91       3.623185 )	-14.400597
299	(   0.6933     1.8267     0.67       2.24       1.51       3.143185 )	-14.160415
300	(   0.6166     1.75       0.48       2.22       1.04       3.833185 )	-14.553952
301	(   0.6911     1.8456     0.32       2.44       1.34       3.693185 )	-14.798215
302	(   0.6951     1.8141     0.32       2.4        1.16       3.573185 )	-14.800654
303	(   0.7051     1.7741     0.17       2.43       0.56       3.423185 )	-14.578988
304	(   0.6851     1.8141     0.33       2.45       1.36       3.913185 )	-14.804056
305	(   0.6551     1.8141     0.36       2.6        2.36       4.913185 )	-14.195696
306	(   0.7451     1.8941     0.52       3.14       0.36       2.913185 )	-13.008367
307	(   0.6951     1.8241     0.36       2.39       1.36       3.913185 )	-14.787484
308	(   0.6951     1.8241     0.3        2.44       1.36       3.913185 )	-14.800218
309	(   0.6851     1.8241     0.38       2.4        1.36       3.913185 )	-14.785259
310	(   0.6951     1.8241     0.3        2.43       1.36       3.913185 )	-14.800366
311	(   0.7051     1.7141     0.32       2.71       1.36       3.913185 )	-14.673601
312	(   0.5851     1.7941     0.33       2.49       1.36       3.913185 )	-14.621069
313	(   0.6851     1.8241     0.13       2.43       1.36       3.913185 )	-14.635433
314	(   0.6851     1.8341     0.33       2.41       1.36       4.913185 )	-14.498473
315	(   0.6951     1.7341     0.32       1.95       2.36       3.913185 )	-14.184194
316	(   0.7051     1.8141     0.32       2.79       2.36       3.913185 )	-14.418436
317	(   0.6851     1.8141     0.33       2.44       1.36       3.913185 )	-14.804406
318	(   0.7151     1.8041     0          1.44       0.36       4.913185 )	-14.343623

BBE ( SOL ) OBJ
319	(   0.6851     1.7941     0.33       2.44       1.36       3.913185 )	-14.805035
320	(   0.6851     1.7741     0.34       2.44       1.36       3.913185 )	-14.798936
321	(   0.6851     1.7341     0.33       2.44       1.36       3.913185 )	-14.765983
322	(   0.6351     1.8841     0.33       2.44       0.36       4.913185 )	-14.331112
323	(   0.6851     1.7841     0.33       2.44       1.36       3.913185 )	-14.802788
324	(   0.6851     1.7941     0.33       2.44       1.36       4.913185 )	-14.518616
325	(   0.9051     2.0041     0          1.44       0.36       3.913185 )	-13.877604
326	(   0.6051     2.2941     0.33       2.44       1.36       3.913185 )	-12.909954
327	(   0.4051     1.5241     0.33       3.141593   0.36       3.913185 )	-12.668403
328	(   0.1851     1.8841     0.33       2.44       1.36       3.913185 )	-10.325541
329	(   0.9651     2.0641     0.33       1.44       2.36       3.913185 )	-12.044893
330	(   1.5051     1.4341     0.33       1.44       2.36       3.913185 )	 -2.961379
331	(   0.7151     1.8241     0          2.23       0.36       4.503185 )	-14.362854
332	(   0.6851     1.7841     0.28       2.48       1.29       4.093185 )	-14.777304
333	(   0.6951     1.8141     0.35       2.41       1.34       3.743185 )	-14.809033
334	(   0.7251     1.8741     0.41       2.32       1.28       2.743185 )	-14.333836
335	(   0.7251     1.8041     0.11       2.32       1.05       4.743185 )	-14.581388
336	(   0.6951     1.8541     0.31       2.42       1.29       3.743185 )	-14.795983
337	(   0.6851     1.7941     0.33       2.43       1.34       3.743185 )	-14.812363
338	(   0.6851     1.7941     0.36       2.43       1.28       3.743185 )	-14.813494
339	(   0.6751     1.7741     0.4        2.43       1.24       3.743185 )	-14.801433
340	(   0.7151     1.7741     0.36       3.141593   1.28       4.743185 )	-14.146956
341	(   0.6951     1.8341     0.36       2.43       1.28       3.743185 )	-14.80167 
342	(   0.6951     1.8241     0.36       2.43       1.28       3.743185 )	-14.806132
343	(   0.6951     1.7741     0.36       2.43       1.28       4.743185 )	-14.53915 
344	(   0.7151     1.6741     0.36       2.43       2.28       3.743185 )	-14.368055
345	(   0.6751     1.8141     0.36       3.141593   1.28       3.743185 )	-14.165608
346	(   0.6851     1.8041     0          2.43       1.28       3.743185 )	-14.287907
347	(   0.6951     1.7741     0.36       1.43       1.28       3.743185 )	-13.511896
348	(   0.6851     1.2941     0.36       2.43       1.28       3.743185 )	-12.727582
349	(   0.6451     2.4341     0.36       2.43       0.28       2.743185 )	-11.553962
350	(   0.6851     1.7941     0.45       2.43       1.1        3.743185 )	-14.757427
351	(   0.6951     1.8241     0.29       2.39       1.24       3.893185 )	-14.800112
352	(   0.6951     1.7941     0.36       2.41       1.29       3.683185 )	-14.809081
353	(   0.6651     1.8141     0.23       2.44       0.78       3.753185 )	-14.683743
354	(   0.6951     1.7841     0.44       2.42       1.27       4.243185 )	-14.635057
355	(   0.6751     1.8041     0.3        1.93       1.29       3.753185 )	-14.529757
356	(   0.8851     1.8541     0          2.47       1.36       3.793185 )	-14.179556
357	(   0.4851     1.7341     0.81       2.39       1.2        3.693185 )	-13.921376
358	(   0.6351     1.5941     0.07       2.45       1.33       3.773185 )	-13.831854

BBE ( SOL ) OBJ
359	(   0.7951     1.9841     0.63       2.41       1.74       3.703185 )	-13.182048
360	(   0.6751     1.8041     0.36       2.46       1.3        3.683185 )	-14.811739
361	(   0.6951     1.8141     0.38       2.42       1.25       3.533185 )	-14.796926
362	(   0.6851     1.8041     0.34       2.43       1.33       3.823185 )	-14.812353
363	(   0.6851     1.8041     0.35       2.41       1.48       3.753185 )	-14.799467
364	(   0.6351     1.7341     0.43       2.61       1.3        3.943185 )	-14.700375
365	(   0.6051     1.6941     0.48       2.37       1.31       3.543185 )	-14.623958
366	(   0.6351     1.8941     0.43       2.61       1.3        3.623185 )	-14.588298
367	(   0.6651     1.7641     0.16       2.51       1.29       3.693185 )	-14.603068
368	(   0.5851     1.8341     0.31       2.3        1.27       3.833185 )	-14.584858
369	(   0.6875     1.8036     0.34       2.43       1.29       3.713185 )	-14.814826
370	(   0.6975     1.8336     0.28       2.43       1.32       3.623185 )	-14.793988
371	(   0.6875     1.8136     0.35       2.39       1.25       3.743185 )	-14.812662
372	(   0.6775     1.8136     0.33       2.45       1.31       3.803185 )	-14.811658
373	(   0.6775     1.8036     0.34       2.44       1.3        3.773185 )	-14.814254
374	(   0.6975     1.8036     0.33       2.39       1.3        3.833185 )	-14.806043
375	(   0.6775     1.8036     0.35       2.44       1.3        3.723185 )	-14.814739
376	(   0.6775     1.8036     0.35       2.42       1.26       3.653185 )	-14.812954
377	(   0.6775     1.8136     0.37       2.42       1.22       3.703185 )	-14.811937
378	(   0.6875     1.8036     0.34       2.43       1.31       3.733185 )	-14.814672
379	(   0.6775     1.7936     0.34       2.47       1.33       3.703185 )	-14.81056 
380	(   0.6875     1.8036     0.35       2.41       1.27       3.733185 )	-14.814319
381	(   0.6875     1.8036     0.34       2.44       1.32       3.823185 )	-14.812069
382	(   0.6775     1.8036     0.35       2.43       1.28       3.693185 )	-14.814597
383	(   0.6775     1.8136     0.33       2.43       1.3        3.713185 )	-14.812713
384	(   0.6875     1.8036     0.35       2.43       1.29       3.733185 )	-14.814669
385	(   0.6875     1.8036     0.33       2.43       1.29       3.913185 )	-14.806527
386	(   0.6575     1.8036     0.4        2.33       1.27       3.713185 )	-14.789652
387	(   0.6875     1.9036     0.34       2.43       1.29       3.713185 )	-14.733807
388	(   0.6075     1.8036     0.49       2.46       1.39       3.723185 )	-14.694127
389	(   0.5875     1.8036     0.28       2.46       1.23       3.723185 )	-14.576792
390	(   0.6575     1.8036     0.14       2.4        1.36       3.703185 )	-14.581609
391	(   0.6875     1.8036     0.34       2.43       1.29       3.703185 )	-14.814684
392	(   0.6947     1.8321     0.28       2.43       1.32       3.623185 )	-14.794258
393	(   0.6829     1.805      0.34       2.4261     1.2753     3.733185 )	-14.815316
394	(   0.6729     1.805      0.34       2.4161     1.2353     3.793185 )	-14.811263
395	(   0.6829     1.805      0.34       2.4161     1.2953     3.733185 )	-14.815128
396	(   0.6829     1.805      0.33       2.4261     1.2953     3.713185 )	-14.814145
397	(   0.6829     1.805      0.35       2.4261     1.2953     3.733185 )	-14.815354
398	(   0.6829     1.805      0.38       2.4261     1.3553     3.733185 )	-14.808158

BBE ( SOL ) OBJ
399	(   0.6829     1.805      0.34       2.4061     1.2753     3.743185 )	-14.814663
400	(   0.6829     1.805      0.35       2.4261     1.2753     3.713185 )	-14.815386
401	(   0.6729     1.805      0.35       2.4261     1.2553     3.703185 )	-14.813326
402	(   0.6829     1.805      0.35       2.4261     1.2153     3.653185 )	-14.81233 
403	(   0.6829     1.805      0.34       2.4161     1.2753     3.743185 )	-14.815116
404	(   0.6929     1.805      0.34       2.4061     1.2653     3.733185 )	-14.812941
405	(   0.6829     1.805      0.35       2.4361     1.2953     3.723185 )	-14.815176
406	(   0.6929     1.805      0.35       2.4261     1.2953     3.913185 )	-14.801114
407	(   0.6629     1.795      0.25       2.4061     1.2253     3.713185 )	-14.747611
408	(   0.6529     1.905      0.36       2.3961     1.1953     3.723185 )	-14.721549
409	(   0.6129     1.775      0.37       2.5261     1.1053     3.733185 )	-14.700604
410	(   0.6229     1.845      0.32       2.4861     1.4753     3.693185 )	-14.699978
411	(   0.5829     1.755      0.38       2.3461     1.3153     3.733185 )	-14.613741
412	(   0.6829     1.805      0.35       2.4261     1.2753     3.703185 )	-14.815276
413	(   0.6826     1.8052     0.3446     2.4235     1.2953     3.723185 )	-14.815388
414	(   0.6826     1.8052     0.3246     2.4135     1.3553     3.753185 )	-14.811841
415	(   0.6826     1.8052     0.3446     2.4035     1.2853     3.733185 )	-14.814776
416	(   0.6826     1.8052     0.3546     2.4235     1.2853     3.733185 )	-14.815225
417	(   0.6826     1.8052     0.3546     2.4435     1.0953     3.683185 )	-14.801252
418	(   0.6926     1.8052     0.3746     2.3435     1.3553     3.623185 )	-14.796477
419	(   0.6726     1.8052     0.2946     2.3235     1.1953     3.773185 )	-14.781737
420	(   0.6826     1.8052     0.2446     2.4435     1.3153     3.683185 )	-14.770736
421	(   0.6826     1.7052     0.3446     2.4235     1.2953     3.723185 )	-14.728916
422	(   0.7826     1.8052     0.3446     2.4135     1.2853     3.733185 )	-14.619404
423	(   0.6826     1.8052     0.3446     2.4235     1.3053     3.733185 )	-14.815278
424	(   0.6817     1.8058     0.3284     2.4157     1.3553     3.753185 )	-14.812347
425	(   0.6816     1.8055     0.3465     2.4293     1.2853     3.734985 )	-14.815476
426	(   0.6816     1.8055     0.3565     2.4493     1.2553     3.774985 )	-14.813291
427	(   0.6816     1.8055     0.3365     2.4293     1.2853     3.744985 )	-14.815069
428	(   0.6816     1.8055     0.3465     2.4193     1.2753     3.724985 )	-14.81542 
429	(   0.6716     1.8055     0.3465     2.4293     1.1853     3.734985 )	-14.809437
430	(   0.6816     1.8055     0.2465     2.4293     1.2853     3.734985 )	-14.774072
431	(   0.7316     1.7455     0.3365     2.5293     1.2753     3.834985 )	-14.727888
432	(   0.7216     1.9055     0.3465     2.4493     1.2853     3.754985 )	-14.690874
433	(   0.7616     1.7855     0.3465     2.3293     1.2853     3.774985 )	-14.666742
434	(   0.7716     1.7755     0.3465     2.4693     1.2853     3.634985 )	-14.650996
435	(   0.6786     1.8064     0.3522     2.4467     1.2553     3.770385 )	-14.813906
436	(   0.6818     1.8053     0.3463     2.4268     1.2855     3.734085 )	-14.815494
437	(   0.6824     1.8047     0.3457     2.4193     1.2861     3.731385 )	-14.81542 
438	(   0.6821     1.8054     0.3463     2.4268     1.2835     3.732885 )	-14.815502

BBE ( SOL ) OBJ
439	(   0.683      1.8057     0.3463     2.4268     1.2775     3.729285 )	-14.815491
440	(   0.682      1.8052     0.3467     2.427      1.2858     3.730585 )	-14.815497
441	(   0.681      1.8057     0.3423     2.4248     1.2949     3.747085 )	-14.815287
442	(   0.6824     1.8052     0.3481     2.4258     1.2802     3.721685 )	-14.815484
443	(   0.6803     1.7974     0.352      2.4108     1.2794     3.682885 )	-14.813842
444	(   0.68       1.796      0.353      2.4081     1.3335     3.737085 )	-14.813371
445	(   0.6853     1.8197     0.3963     2.4553     1.2908     3.726485 )	-14.79738 
446	(   0.6765     1.8554     0.3641     2.377      1.2707     3.744085 )	-14.792636
447	(   0.6932     1.8554     0.3106     2.4513     1.3092     3.710385 )	-14.791411
448	(   0.6321     1.8092     0.3436     2.4343     1.2854     3.731185 )	-14.764972
449	(   0.6826     1.8045     0.3458     2.4273     1.2829     3.734285 )	-14.815483
450	(   0.6822     1.8061     0.3467     2.4252     1.2808     3.729785 )	-14.815509
451	(   0.6825     1.8082     0.3479     2.4204     1.2727     3.720485 )	-14.815421
452	(   0.6822     1.806      0.3463     2.4251     1.2818     3.731885 )	-14.815508
453	(   0.6816     1.8066     0.3477     2.4249     1.283      3.725985 )	-14.815492
454	(   0.6807     1.8058     0.3464     2.4052     1.2898     3.743885 )	-14.814805
455	(   0.6767     1.8052     0.3457     2.4293     1.2529     3.779785 )	-14.81396 
456	(   0.6826     1.8062     0.3267     2.4249     1.2787     3.726385 )	-14.813919
457	(   0.6736     1.8047     0.3451     2.4316     1.3308     3.748185 )	-14.813249
458	(   0.6825     1.7861     0.3468     2.425      1.2789     3.726785 )	-14.812095
459	(   0.7022     1.8057     0.3463     2.4268     1.2935     3.749685 )	-14.807136
460	(   0.6818     1.8063     0.3469     2.4253     1.2802     3.728485 )	-14.815505
461	(   0.6821     1.806      0.3469     2.4254     1.2807     3.730385 )	-14.815509
462	(   0.6823     1.8064     0.347      2.4248     1.2788     3.727285 )	-14.815505
463	(   0.681      1.8049     0.3473     2.4297     1.2608     3.725185 )	-14.815276
464	(   0.6795     1.8034     0.348      2.4352     1.2868     3.748885 )	-14.815212
465	(   0.6833     1.7961     0.3462     2.4213     1.2784     3.733885 )	-14.81452 
466	(   0.6827     1.8066     0.3567     2.4234     1.2797     3.731585 )	-14.815053
467	(   0.677      1.8009     0.3493     2.4299     1.2924     3.709785 )	-14.814693
468	(   0.6722     1.8072     0.3462     2.4213     1.2784     3.733885 )	-14.813477
469	(   0.6824     1.8063     0.3463     2.4252     1.2809     3.729685 )	-14.815508
470	(   0.682183   1.8059     0.346785   2.425363   1.2811     3.729785 )	-14.81551 
471	(   0.682132   1.8053     0.34704    2.425852   1.282      3.729785 )	-14.815507
472	(   0.682193   1.805878   0.346679   2.425395   1.2809     3.729285 )	-14.815509
473	(   0.682625   1.805759   0.346321   2.425253   1.2819     3.731785 )	-14.815505
474	(   0.682419   1.805895   0.346466   2.425265   1.2815     3.730985 )	-14.815508
475	(   0.682006   1.806164   0.346755   2.425288   1.2806     3.729285 )	-14.815508
476	(   0.68211    1.806097   0.346683   2.425282   1.2808     3.729685 )	-14.815509
477	(   0.681929   1.805692   0.347049   2.42538    1.2811     3.730585 )	-14.815508
478	(   0.682047   1.805844   0.346862   2.425335   1.2811     3.730385 )	-14.815509

BBE ( SOL ) OBJ
479	(   0.682078   1.80594    0.347236   2.425558   1.28       3.727885 )	-14.815508
480	(   0.682108   1.805955   0.347002   2.425444   1.2805     3.728885 )	-14.815509
481	(   0.68217    1.805985   0.346534   2.425214   1.2813     3.730885 )	-14.815509
482	(   0.682154   1.805977   0.346651   2.425272   1.2811     3.730385 )	-14.815509
483	(   0.682068   1.805967   0.346771   2.425168   1.2805     3.719785 )	-14.815478
484	(   0.68229    1.805837   0.341785   2.425545   1.2817     3.729785 )	-14.815413
485	(   0.685125   1.804185   0.347155   2.430363   1.2846     3.728985 )	-14.815277
486	(   0.684009   1.804835   0.347015   2.422149   1.2911     3.729285 )	-14.815379
487	(   0.681657   1.8009     0.346719   2.424469   1.2782     3.729885 )	-14.815266
488	(   0.677183   1.805303   0.346914   2.427104   1.2867     3.729485 )	-14.815019
489	(   0.682168   1.805997   0.346826   2.425298   1.2809     3.730085 )	-14.81551 
490	(   0.683932   1.8045     0.3481     2.422149   1.278135   3.734985 )	-14.815368
491	(   0.682271   1.806147   0.346662   2.425311   1.280633   3.729285 )	-14.815509
492	(   0.682215   1.806071   0.346712   2.425317   1.28075    3.72956  )	-14.815509
493	(   0.682859   1.806093   0.348785   2.425303   1.281829   3.729539 )	-14.815474
494	(   0.682631   1.806028   0.34669    2.425323   1.281583   3.734785 )	-14.815497
495	(   0.681216   1.8079     0.34699    2.425448   1.280056   3.730137 )	-14.815457
496	(   0.681917   1.805824   0.346841   2.423363   1.280813   3.729882 )	-14.815503
497	(   0.680402   1.805392   0.347162   2.42552    1.2861     3.730432 )	-14.815447
498	(   0.68371    1.807221   0.345804   2.424954   1.2861     3.7281   )	-14.815447
499	(   0.682727   1.805915   0.344614   2.427376   1.27505    3.724575 )	-14.815462
500	(   0.681835   1.8053     0.348785   2.423363   1.279536   3.732885 )	-14.815485
501	(   0.682103   1.80592    0.346812   2.425329   1.280983   3.73011  )	-14.81551 
502	(   0.682174   1.805833   0.347785   2.425417   1.281119   3.729828 )	-14.815506
503	(   0.682205   1.806063   0.346795   2.425231   1.2831     3.729681 )	-14.815508
504	(   0.683183   1.805748   0.346776   2.425487   1.281144   3.729882 )	-14.81549 
505	(   0.682237   1.8063     0.346809   2.425038   1.280985   3.731785 )	-14.815507
506	(   0.682317   1.8069     0.346845   2.425661   1.280813   3.729145 )	-14.8155  
507	(   0.682349   1.80602    0.346859   2.424363   1.280747   3.728997 )	-14.815508
508	(   0.682169   1.805884   0.346773   2.425372   1.281087   3.72978  )	-14.81551 
509	(   0.6818     1.8069     0.3463     2.424363   1.2831     3.729326 )	-14.815495
510	(   0.682115   1.806056   0.34692    2.425259   1.280957   3.730692 )	-14.815509
511	(   0.682134   1.806011   0.346859   2.425293   1.280943   3.73034  )	-14.815509
512	(   0.68209    1.8054     0.346703   2.42522    1.281193   3.729567 )	-14.815507
513	(   0.681985   1.806002   0.347285   2.425058   1.281299   3.72932  )	-14.815509
514	(   0.682609   1.805681   0.347163   2.425182   1.280673   3.730785 )	-14.815503
515	(   0.682273   1.805854   0.346865   2.425502   1.2821     3.729997 )	-14.815509
516	(   0.682683   1.806027   0.346566   2.424983   1.281347   3.729206 )	-14.815505
517	(   0.681859   1.806067   0.346497   2.424863   1.281426   3.730696 )	-14.815506
518	(   0.68214    1.806086   0.346952   2.426455   1.279304   3.729764 )	-14.815506

BBE ( SOL ) OBJ
519	(   0.681929   1.805692   0.346651   2.425435   1.2821     3.728885 )	-14.815507
520	(   0.682115   1.806056   0.34692    2.425259   1.280957   3.730692 )	-14.815509
521	(   0.682134   1.806011   0.346859   2.425293   1.280943   3.73034  )	-14.815509
522	(   0.682284   1.805722   0.346585   2.42535    1.281241   3.72998  )	-14.815509
523	(   0.68238    1.805813   0.346985   2.425357   1.281169   3.72988  )	-14.815508
524	(   0.682237   1.805876   0.346758   2.425361   1.281119   3.729285 )	-14.815509
525	(   0.682174   1.805904   0.346789   2.425163   1.281097   3.729781 )	-14.81551 
526	(   0.682145   1.805917   0.346804   2.425364   1.2816     3.729767 )	-14.81551 
527	(   0.682023   1.8057     0.346864   2.425368   1.281044   3.729708 )	-14.815509
528	(   0.682072   1.806354   0.346692   2.425577   1.2807     3.729592 )	-14.815507
529	(   0.682103   1.805825   0.346834   2.425163   1.28075    3.73011  )	-14.815509
530	(   0.682114   1.805741   0.346896   2.42543    1.281456   3.729984 )	-14.815509
531	(   0.682136   1.80583    0.346847   2.425372   1.281292   3.729935 )	-14.81551 
532	(   0.682178   1.805906   0.346783   2.425263   1.281092   3.729776 )	-14.81551 
533	(   0.682095   1.8058     0.346818   2.425355   1.281236   3.729937 )	-14.815509
534	(   0.682124   1.805971   0.346761   2.425369   1.2813     3.729677 )	-14.81551 
535	(   0.682204   1.805875   0.346685   2.425361   1.281134   3.729823 )	-14.81551 
536	(   0.682109   1.805989   0.346755   2.42537    1.280978   3.729985 )	-14.815509
537	(   0.682283   1.805951   0.346825   2.425353   1.281264   3.729968 )	-14.815509
538	(   0.682253   1.805851   0.346746   2.425474   1.280921   3.729264 )	-14.815509
539	(   0.682179   1.80601    0.346749   2.425257   1.280964   3.729835 )	-14.81551 
540	(   0.682168   1.805965   0.346774   2.425286   1.281046   3.72986  )	-14.81551 
541	(   0.682186   1.805929   0.346798   2.425313   1.281088   3.729806 )	-14.81551 
542	(   0.682215   1.80595    0.346778   2.425391   1.281107   3.729774 )	-14.81551 
543	(   0.682194   1.805894   0.346835   2.425373   1.281102   3.729781 )	-14.81551 
544	(   0.682133   1.805925   0.346796   2.42538    1.28109    3.729803 )	-14.81551 
545	(   0.682178   1.805903   0.346786   2.425359   1.2812     3.729787 )	-14.81551 
546	(   0.682192   1.805895   0.346783   2.425371   1.281102   3.729885 )	-14.81551 
547	(   0.682183   1.805803   0.346719   2.425355   1.281012   3.72966  )	-14.815509
548	(   0.682143   1.805896   0.346793   2.425435   1.281073   3.730063 )	-14.81551 
549	(   0.682152   1.805899   0.346791   2.425392   1.281078   3.729991 )	-14.81551 
550	(   0.682203   1.805902   0.346794   2.425373   1.281104   3.7298   )	-14.81551 
551	(   0.682185   1.80592    0.346781   2.425359   1.281098   3.729779 )	-14.81551 
552	(   0.682193   1.805895   0.346795   2.425343   1.281091   3.729755 )	-14.81551 
553	(   0.682184   1.805899   0.346782   2.42536    1.28115    3.729781 )	-14.81551 
554	(   0.68219    1.805897   0.346773   2.425349   1.281094   3.729835 )	-14.81551 
555	(   0.682194   1.805894   0.346765   2.425369   1.28109    3.729752 )	-14.81551 
556	(   0.682132   1.805892   0.346805   2.425389   1.281073   3.729795 )	-14.81551 
557	(   0.682239   1.805916   0.346784   2.425319   1.281087   3.729792 )	-14.81551 
558	(   0.682212   1.805918   0.346787   2.425334   1.281088   3.729795 )	-14.81551 

BBE ( SOL ) OBJ
559	(   0.682184   1.805906   0.346781   2.425365   1.281085   3.729765 )	-14.81551 
560	(   0.682178   1.80589    0.346783   2.425364   1.281094   3.729778 )	-14.81551 
561	(   0.68218    1.805901   0.346795   2.425363   1.281097   3.729781 )	-14.81551 
562	(   0.682184   1.805899   0.346785   2.425373   1.281101   3.729787 )	-14.81551 
563	(   0.68219    1.805897   0.346787   2.425362   1.28108    3.729796 )	-14.81551 
564	(   0.682173   1.805905   0.346782   2.425364   1.281089   3.729801 )	-14.81551 
565	(   0.682192   1.805902   0.346781   2.425349   1.281154   3.72979  )	-14.81551 
566	(   0.682191   1.805899   0.346782   2.425366   1.28104    3.729769 )	-14.81551 
567	(   0.682189   1.805899   0.346782   2.425364   1.281068   3.729772 )	-14.81551 
568	(   0.682181   1.805901   0.34679    2.425358   1.281091   3.729791 )	-14.81551 
569	(   0.682185   1.805899   0.346789   2.425368   1.281093   3.72978  )	-14.81551 
570	(   0.682188   1.8059     0.346784   2.425361   1.281097   3.729787 )	-14.81551 
571	(   0.682183   1.805905   0.346786   2.425364   1.281102   3.729784 )	-14.81551 
572	(   0.682181   1.805901   0.34678    2.425366   1.28109    3.729791 )	-14.81551 
573	(   0.682182   1.8059     0.346783   2.425361   1.281096   3.729775 )	-14.81551 
574	(   0.682181   1.805893   0.346783   2.425363   1.281132   3.729789 )	-14.81551 
575	(   0.682169   1.805897   0.346781   2.425371   1.281108   3.729763 )	-14.81551 
576	(   0.682174   1.805897   0.346782   2.425369   1.281101   3.729771 )	-14.81551 
577	(   0.682185   1.8059     0.346786   2.425363   1.281095   3.729788 )	-14.81551 
578	(   0.682183   1.805902   0.346785   2.425363   1.2811     3.729786 )	-14.81551 
579	(   0.682183   1.8059     0.346787   2.425363   1.281102   3.729784 )	-14.81551 
580	(   0.682183   1.8059     0.346785   2.425365   1.281101   3.729785 )	-14.81551 
581	(   0.682181   1.8059     0.346786   2.425364   1.281099   3.72979  )	-14.81551 
582	(   0.682182   1.8059     0.346786   2.425363   1.281095   3.72978  )	-14.81551 
583	(   0.682183   1.805899   0.346783   2.425361   1.281104   3.729785 )	-14.81551 
584	(   0.682185   1.805902   0.346788   2.425366   1.281094   3.729797 )	-14.81551 
585	(   0.682184   1.805901   0.346787   2.425365   1.281095   3.729792 )	-14.81551 
586	(   0.682184   1.8059     0.346785   2.425363   1.2811     3.729785 )	-14.81551 
587	(   0.682183   1.8059     0.346784   2.425363   1.281102   3.729784 )	-14.81551 
588	(   0.682183   1.8059     0.346786   2.425363   1.281101   3.729785 )	-14.81551 
589	(   0.682183   1.8059     0.346785   2.425364   1.2811     3.729786 )	-14.81551 
590	(   0.682183   1.805901   0.346785   2.425363   1.281101   3.729786 )	-14.81551 
591	(   0.682183   1.805899   0.346785   2.425363   1.281101   3.729787 )	-14.81551 
592	(   0.682182   1.805899   0.346784   2.425362   1.281096   3.729783 )	-14.81551 
593	(   0.682184   1.805901   0.346786   2.425364   1.281104   3.729792 )	-14.81551 
594	(   0.682184   1.8059     0.346786   2.425364   1.281102   3.729789 )	-14.81551 
595	(   0.682184   1.8059     0.346785   2.425363   1.2811     3.729785 )	-14.81551 
596	(   0.682183   1.8059     0.346785   2.425363   1.2811     3.729785 )	-14.81551 
597	(   0.682183   1.8059     0.346785   2.425364   1.2811     3.729785 )	-14.81551 
598	(   0.682183   1.8059     0.346786   2.425363   1.2811     3.729786 )	-14.81551 

BBE ( SOL ) OBJ
599	(   0.682183   1.8059     0.346785   2.425363   1.281101   3.729785 )	-14.81551 
600	(   0.682183   1.8059     0.346785   2.425363   1.2811     3.729786 )	-14.81551 
601	(   0.682183   1.8059     0.346785   2.425362   1.281099   3.729785 )	-14.81551 
602	(   0.682183   1.805901   0.346786   2.425363   1.2811     3.729783 )	-14.81551 
603	(   0.682183   1.805901   0.346785   2.425363   1.2811     3.729784 )	-14.81551 
604	(   0.682183   1.8059     0.346785   2.425363   1.2811     3.729785 )	-14.81551 
605	(   0.682183   1.8059     0.346785   2.425363   1.2811     3.729785 )	-14.81551 
606	(   0.682183   1.8059     0.346785   2.425363   1.2811     3.729785 )	-14.81551 
607	(   0.682183   1.8059     0.346785   2.425363   1.2811     3.729785 )	-14.81551 
608	(   0.682183   1.8059     0.346785   2.425363   1.2811     3.729786 )	-14.81551 
609	(   0.682183   1.8059     0.346785   2.425363   1.2811     3.729786 )	-14.81551 
610	(   0.682183   1.8059     0.346785   2.425363   1.281099   3.729785 )	-14.81551 
611	(   0.682183   1.8059     0.346785   2.425363   1.2811     3.729784 )	-14.81551 
612	(   0.682183   1.8059     0.346785   2.425363   1.2811     3.729785 )	-14.81551 
613	(   0.682183   1.8059     0.346785   2.425363   1.2811     3.729785 )	-14.81551 
614	(   0.682183   1.8059     0.346785   2.425363   1.2811     3.729785 )	-14.81551 
615	(   0.682183   1.8059     0.346785   2.425363   1.2811     3.729785 )	-14.81551 
616	(   0.682183   1.8059     0.346785   2.425363   1.2811     3.729785 )	-14.81551 
617	(   0.682183   1.8059     0.346785   2.425363   1.2811     3.729786 )	-14.81551 
618	(   0.682183   1.8059     0.346785   2.425363   1.2811     3.729785 )	-14.81551 
619	(   0.682183   1.8059     0.346785   2.425363   1.2811     3.729785 )	-14.81551 
620	(   0.682183   1.8059     0.346785   2.425363   1.2811     3.729785 )	-14.81551 
621	(   0.682183   1.8059     0.346785   2.425363   1.2811     3.729785 )	-14.81551 
622	(   0.682183   1.8059     0.346785   2.425363   1.2811     3.729785 )	-14.81551 
623	(   0.682183   1.8059     0.346785   2.425363   1.2811     3.729785 )	-14.81551 
624	(   0.682183   1.8059     0.346785   2.425363   1.2811     3.729785 )	-14.81551 
625	(   0.682183   1.8059     0.346785   2.425363   1.2811     3.729785 )	-14.81551 
626	(   0.682183   1.8059     0.346785   2.425363   1.2811     3.729785 )	-14.81551 
627	(   0.682183   1.8059     0.346785   2.425363   1.2811     3.729785 )	-14.81551 
628	(   0.682183   1.8059     0.346785   2.425363   1.2811     3.729785 )	-14.81551 
629	(   0.682183   1.8059     0.346785   2.425363   1.2811     3.729785 )	-14.81551 
630	(   0.682183   1.8059     0.346785   2.425363   1.2811     3.729785 )	-14.81551 
631	(   0.682183   1.8059     0.346785   2.425363   1.2811     3.729785 )	-14.81551 
632	(   0.682183   1.8059     0.346785   2.425363   1.2811     3.729785 )	-14.81551 
633	(   0.682183   1.8059     0.346785   2.425363   1.2811     3.729785 )	-14.81551 
634	(   0.682183   1.8059     0.346785   2.425363   1.2811     3.729785 )	-14.81551 
635	(   0.682183   1.8059     0.346785   2.425363   1.2811     3.729785 )	-14.81551 
636	(   0.682183   1.8059     0.346785   2.425363   1.2811     3.729785 )	-14.81551 
637	(   0.682183   1.8059     0.346785   2.425363   1.2811     3.729785 )	-14.81551 
638	(   0.682183   1.8059     0.346785   2.425363   1.2811     3.729785 )	-14.81551 

BBE ( SOL ) OBJ
639	(   0.682183   1.8059     0.346785   2.425363   1.2811     3.729785 )	-14.81551 
640	(   0.682183   1.8059     0.346785   2.425363   1.2811     3.729785 )	-14.81551 
641	(   0.682183   1.8059     0.346785   2.425363   1.2811     3.729785 )	-14.81551 
642	(   0.682183   1.8059     0.346785   2.425363   1.2811     3.729785 )	-14.81551 
643	(   0.682183   1.8059     0.346785   2.425363   1.2811     3.729785 )	-14.81551 
644	(   0.682183   1.8059     0.346785   2.425363   1.2811     3.729785 )	-14.81551 
645	(   0.682183   1.8059     0.346785   2.425363   1.2811     3.729785 )	-14.81551 
646	(   0.682183   1.8059     0.346785   2.425363   1.2811     3.729785 )	-14.81551 
647	(   0.682183   1.8059     0.346785   2.425363   1.2811     3.729785 )	-14.81551 
648	(   0.682183   1.8059     0.346785   2.425363   1.2811     3.729785 )	-14.81551 
649	(   0.682183   1.8059     0.346785   2.425363   1.2811     3.729785 )	-14.81551 
650	(   0.682183   1.8059     0.346785   2.425363   1.2811     3.729785 )	-14.81551 
651	(   0.682183   1.8059     0.346785   2.425363   1.2811     3.729785 )	-14.81551 
652	(   0.682183   1.8059     0.346785   2.425363   1.2811     3.729785 )	-14.81551 
653	(   0.682183   1.8059     0.346785   2.425363   1.2811     3.729785 )	-14.81551 
654	(   0.682183   1.8059     0.346785   2.425363   1.2811     3.729785 )	-14.81551 
655	(   0.682183   1.8059     0.346785   2.425363   1.2811     3.729785 )	-14.81551 
656	(   0.682183   1.8059     0.346785   2.425363   1.2811     3.729785 )	-14.81551 
657	(   0.682183   1.8059     0.346785   2.425363   1.2811     3.729785 )	-14.81551 
658	(   0.682183   1.8059     0.346785   2.425363   1.2811     3.729785 )	-14.81551 
659	(   0.682183   1.8059     0.346785   2.425363   1.2811     3.729785 )	-14.81551 
660	(   0.682183   1.8059     0.346785   2.425363   1.2811     3.729785 )	-14.81551 
661	(   0.682183   1.8059     0.346785   2.425363   1.2811     3.729785 )	-14.81551 
662	(   0.682183   1.8059     0.346785   2.425363   1.2811     3.729785 )	-14.81551 
663	(   0.682183   1.8059     0.346785   2.425363   1.2811     3.729785 )	-14.81551 
664	(   0.682183   1.8059     0.346785   2.425363   1.2811     3.729785 )	-14.81551 
665	(   0.682183   1.8059     0.346785   2.425363   1.2811     3.729785 )	-14.81551 
666	(   0.682183   1.8059     0.346785   2.425363   1.2811     3.729785 )	-14.81551 
667	(   0.682183   1.8059     0.346785   2.425363   1.2811     3.729785 )	-14.81551 
668	(   0.682183   1.8059     0.346785   2.425363   1.2811     3.729785 )	-14.81551 
669	(   0.682183   1.8059     0.346785   2.425363   1.2811     3.729785 )	-14.81551 
670	(   0.682183   1.8059     0.346785   2.425363   1.2811     3.729785 )	-14.81551 
671	(   0.682183   1.8059     0.346785   2.425363   1.2811     3.729785 )	-14.81551 
672	(   0.682183   1.8059     0.346785   2.425363   1.2811     3.729785 )	-14.81551 
673	(   0.682183   1.8059     0.346785   2.425363   1.2811     3.729785 )	-14.81551 
674	(   0.682183   1.8059     0.346785   2.425363   1.2811     3.729785 )	-14.81551 
675	(   0.682183   1.8059     0.346785   2.425363   1.2811     3.729785 )	-14.81551 
676	(   0.682183   1.8059     0.346785   2.425363   1.2811     3.729785 )	-14.81551 
677	(   0.682183   1.8059     0.346785   2.425363   1.2811     3.729785 )	-14.81551 
678	(   0.682183   1.8059     0.346785   2.425363   1.2811     3.729785 )	-14.81551 

BBE ( SOL ) OBJ
679	(   0.682183   1.8059     0.346785   2.425363   1.2811     3.729785 )	-14.81551 
680	(   0.682183   1.8059     0.346785   2.425363   1.2811     3.729785 )	-14.81551 
681	(   0.682183   1.8059     0.346785   2.425363   1.2811     3.729785 )	-14.81551 
682	(   0.682183   1.8059     0.346785   2.425363   1.2811     3.729785 )	-14.81551 
683	(   0.682183   1.8059     0.346785   2.425363   1.2811     3.729785 )	-14.81551 
684	(   0.682183   1.8059     0.346785   2.425363   1.2811     3.729785 )	-14.81551 
685	(   0.682183   1.8059     0.346785   2.425363   1.2811     3.729785 )	-14.81551 
686	(   0.682183   1.8059     0.346785   2.425363   1.2811     3.729785 )	-14.81551 
687	(   0.682183   1.8059     0.346785   2.425363   1.2811     3.729785 )	-14.81551 
688	(   0.682183   1.8059     0.346785   2.425363   1.2811     3.729785 )	-14.81551 
689	(   0.682183   1.8059     0.346785   2.425363   1.2811     3.729785 )	-14.81551 
690	(   0.682183   1.8059     0.346785   2.425363   1.2811     3.729785 )	-14.81551 
691	(   0.682183   1.8059     0.346785   2.425363   1.2811     3.729785 )	-14.81551 
692	(   0.682183   1.8059     0.346785   2.425363   1.2811     3.729785 )	-14.81551 
693	(   0.682183   1.8059     0.346785   2.425363   1.2811     3.729785 )	-14.81551 
694	(   0.682183   1.8059     0.346785   2.425363   1.2811     3.729785 )	-14.81551 
695	(   0.682183   1.8059     0.346785   2.425363   1.2811     3.729785 )	-14.81551 
696	(   0.682183   1.8059     0.346785   2.425363   1.2811     3.729785 )	-14.81551 
697	(   0.682183   1.8059     0.346785   2.425363   1.2811     3.729785 )	-14.81551 
698	(   0.682183   1.8059     0.346785   2.425363   1.2811     3.729785 )	-14.81551 
699	(   0.682183   1.8059     0.346785   2.425363   1.2811     3.729785 )	-14.81551 
700	(   0.682183   1.8059     0.346785   2.425363   1.2811     3.729785 )	-14.81551 
701	(   0.682183   1.8059     0.346785   2.425363   1.2811     3.729785 )	-14.81551 
702	(   0.682183   1.8059     0.346785   2.425363   1.2811     3.729785 )	-14.81551 
703	(   0.682183   1.8059     0.346785   2.425363   1.2811     3.729785 )	-14.81551 
704	(   0.682183   1.8059     0.346785   2.425363   1.2811     3.729785 )	-14.81551 
705	(   0.682183   1.8059     0.346785   2.425363   1.2811     3.729785 )	-14.81551 
706	(   0.682183   1.8059     0.346785   2.425363   1.2811     3.729785 )	-14.81551 
707	(   0.682183   1.8059     0.346785   2.425363   1.2811     3.729785 )	-14.81551 
708	(   0.682183   1.8059     0.346785   2.425363   1.2811     3.729785 )	-14.81551 
709	(   0.682183   1.8059     0.346785   2.425363   1.2811     3.729785 )	-14.81551 
710	(   0.682183   1.8059     0.346785   2.425363   1.2811     3.729785 )	-14.81551 
711	(   0.682183   1.8059     0.346785   2.425363   1.2811     3.729785 )	-14.81551 
712	(   0.682183   1.8059     0.346785   2.425363   1.2811     3.729785 )	-14.81551 
713	(   0.682183   1.8059     0.346785   2.425363   1.2811     3.729785 )	-14.81551 
714	(   0.682183   1.8059     0.346785   2.425363   1.2811     3.729785 )	-14.81551 
715	(   0.682183   1.8059     0.346785   2.425363   1.2811     3.729785 )	-14.81551 
716	(   0.682183   1.8059     0.346785   2.425363   1.2811     3.729785 )	-14.81551 
717	(   0.682183   1.8059     0.346785   2.425363   1.2811     3.729785 )	-14.81551 
718	(   0.682183   1.8059     0.346785   2.425363   1.2811     3.729785 )	-14.81551 

BBE ( SOL ) OBJ
719	(   0.682183   1.8059     0.346785   2.425363   1.2811     3.729785 )	-14.81551 
720	(   0.682183   1.8059     0.346785   2.425363   1.2811     3.729785 )	-14.81551 
721	(   0.682183   1.8059     0.346785   2.425363   1.2811     3.729785 )	-14.81551 
722	(   0.682183   1.8059     0.346785   2.425363   1.2811     3.729785 )	-14.81551 
723	(   0.682183   1.8059     0.346785   2.425363   1.2811     3.729785 )	-14.81551 
724	(   0.682183   1.8059     0.346785   2.425363   1.2811     3.729785 )	-14.81551 
725	(   0.682183   1.8059     0.346785   2.425363   1.2811     3.729785 )	-14.81551 
726	(   0.682183   1.8059     0.346785   2.425363   1.2811     3.729785 )	-14.81551 
727	(   0.682183   1.8059     0.346785   2.425363   1.2811     3.729785 )	-14.81551 
728	(   0.682183   1.8059     0.346785   2.425363   1.2811     3.729785 )	-14.81551 
729	(   0.682183   1.8059     0.346785   2.425363   1.2811     3.729785 )	-14.81551 
730	(   0.682183   1.8059     0.346785   2.425363   1.2811     3.729785 )	-14.81551 
731	(   0.682183   1.8059     0.346785   2.425363   1.2811     3.729785 )	-14.81551 
732	(   0.682183   1.8059     0.346785   2.425363   1.2811     3.729785 )	-14.81551 
733	(   0.682183   1.8059     0.346785   2.425363   1.2811     3.729785 )	-14.81551 
734	(   0.682183   1.8059     0.346785   2.425363   1.2811     3.729785 )	-14.81551 
735	(   0.682183   1.8059     0.346785   2.425363   1.2811     3.729785 )	-14.81551 
736	(   0.682183   1.8059     0.346785   2.425363   1.2811     3.729785 )	-14.81551 
737	(   0.682183   1.8059     0.346785   2.425363   1.2811     3.729785 )	-14.81551 
738	(   0.682183   1.8059     0.346785   2.425363   1.2811     3.729785 )	-14.81551 
739	(   0.682183   1.8059     0.346785   2.425363   1.2811     3.729785 )	-14.81551 
740	(   0.682183   1.8059     0.346785   2.425363   1.2811     3.729785 )	-14.81551 
741	(   0.682183   1.8059     0.346785   2.425363   1.2811     3.729785 )	-14.81551 
742	(   0.682183   1.8059     0.346785   2.425363   1.2811     3.729785 )	-14.81551 
743	(   0.682183   1.8059     0.346785   2.425363   1.2811     3.729785 )	-14.81551 
744	(   0.682183   1.8059     0.346785   2.425363   1.2811     3.729785 )	-14.81551 
745	(   0.682183   1.8059     0.346785   2.425363   1.2811     3.729785 )	-14.81551 
746	(   0.682183   1.8059     0.346785   2.425363   1.2811     3.729785 )	-14.81551 
747	(   0.682183   1.8059     0.346785   2.425363   1.2811     3.729785 )	-14.81551 
748	(   0.682183   1.8059     0.346785   2.425363   1.2811     3.729785 )	-14.81551 
749	(   0.682183   1.8059     0.346785   2.425363   1.2811     3.729785 )	-14.81551 
750	(   0.682183   1.8059     0.346785   2.425363   1.2811     3.729785 )	-14.81551 
751	(   0.682183   1.8059     0.346785   2.425363   1.2811     3.729785 )	-14.81551 
752	(   0.682183   1.8059     0.346785   2.425363   1.2811     3.729785 )	-14.81551 
753	(   0.682183   1.8059     0.346785   2.425363   1.2811     3.729785 )	-14.81551 
754	(   0.682183   1.8059     0.346785   2.425363   1.2811     3.729785 )	-14.81551 
755	(   0.682183   1.8059     0.346785   2.425363   1.2811     3.729785 )	-14.81551 
756	(   0.682183   1.8059     0.346785   2.425363   1.2811     3.729785 )	-14.81551 
757	(   0.682183   1.8059     0.346785   2.425363   1.2811     3.729785 )	-14.81551 
758	(   0.682183   1.8059     0.346785   2.425363   1.2811     3.729785 )	-14.81551 

BBE ( SOL ) OBJ
759	(   0.682183   1.8059     0.346785   2.425363   1.2811     3.729785 )	-14.81551 
760	(   0.682183   1.8059     0.346785   2.425363   1.2811     3.729785 )	-14.81551 
761	(   0.682183   1.8059     0.346785   2.425363   1.2811     3.729785 )	-14.81551 
762	(   0.682183   1.8059     0.346785   2.425363   1.2811     3.729785 )	-14.81551 
763	(   0.682183   1.8059     0.346785   2.425363   1.2811     3.729785 )	-14.81551 
764	(   0.682183   1.8059     0.346785   2.425363   1.2811     3.729785 )	-14.81551 
765	(   0.682183   1.8059     0.346785   2.425363   1.2811     3.729785 )	-14.81551 
766	(   0.682183   1.8059     0.346785   2.425363   1.2811     3.729785 )	-14.81551 
767	(   0.682183   1.8059     0.346785   2.425363   1.2811     3.729785 )	-14.81551 
768	(   0.682183   1.8059     0.346785   2.425363   1.2811     3.729785 )	-14.81551 
769	(   0.682183   1.8059     0.346785   2.425363   1.2811     3.729785 )	-14.81551 
770	(   0.682183   1.8059     0.346785   2.425363   1.2811     3.729785 )	-14.81551 
771	(   0.682183   1.8059     0.346785   2.425363   1.2811     3.729785 )	-14.81551 
772	(   0.682183   1.8059     0.346785   2.425363   1.2811     3.729785 )	-14.81551 
773	(   0.682183   1.8059     0.346785   2.425363   1.2811     3.729785 )	-14.81551 
774	(   0.682183   1.8059     0.346785   2.425363   1.2811     3.729785 )	-14.81551 
775	(   0.682183   1.8059     0.346785   2.425363   1.2811     3.729785 )	-14.81551 
776	(   0.682183   1.8059     0.346785   2.425363   1.2811     3.729785 )	-14.81551 
777	(   0.682183   1.8059     0.346785   2.425363   1.2811     3.729785 )	-14.81551 
778	(   0.682183   1.8059     0.346785   2.425363   1.2811     3.729785 )	-14.81551 
779	(   0.682183   1.8059     0.346785   2.425363   1.2811     3.729785 )	-14.81551 
780	(   0.682183   1.8059     0.346785   2.425363   1.2811     3.729785 )	-14.81551 
781	(   0.682183   1.8059     0.346785   2.425363   1.2811     3.729785 )	-14.81551 
782	(   0.682183   1.8059     0.346785   2.425363   1.2811     3.729785 )	-14.81551 
783	(   0.682183   1.8059     0.346785   2.425363   1.2811     3.729785 )	-14.81551 
784	(   0.682183   1.8059     0.346785   2.425363   1.2811     3.729785 )	-14.81551 
A termination criterion is reached: No termination (all). Mesh minimum precision reached (Algo)

Best feasible solution:     #84387 ( 0.682183 1.8059 0.346785 2.42536 1.2811 3.72979 )	Evaluation OK	 f = -14.815509999999999735  	 h =   0                     

Best infeasible solution:   Undefined.

Blackbox evaluations:         784
Total model evaluations:      105173
Cache hits:                   56
Total number of evaluations:  840
