1	(   0.785398 )	 -0.5     
2	(   0        )	-10       
3	(   2        )	  3.299168
4	(   1        )	  2.946546
5	(   0.39     )	 -6.839486
6	(   0.2      )	 -8.9396  
7	(   0.1      )	 -9.631897
8	(   0.05     )	 -9.857702
9	(   0.03     )	 -9.924741
10	(   0.02     )	 -9.953212
11	(   0.01     )	 -9.978301
12	(   0.5      )	 -5.251099
13	(   0.005    )	 -9.989575
14	(   0.0025   )	 -9.994894
15	(   0.0013   )	 -9.997371
16	(   0.0007   )	 -9.998592
17	(   0.0004   )	 -9.999197
18	(   0.0002   )	 -9.999599
19	(   0.0001   )	 -9.9998  
20	(   0.00005  )	 -9.9999  

BBE ( SOL ) OBJ
21	(   0.000025 )	 -9.99995 
22	(   0.000013 )	 -9.999974
23	(   0.002    )	 -9.995932
24	(   0.000007 )	 -9.999986
25	(   0.001    )	 -9.997983
26	(   0.000003 )	 -9.999993
27	(   0.0005   )	 -9.998996
28	(   0.000002 )	 -9.999996
29	(   0.000001 )	 -9.999998
30	(   0.0      )	 -9.999999
31	(   0.0      )	-10       
32	(   0.0      )	-10       
33	(   0.00002  )	 -9.99996 
34	(   0.00001  )	 -9.99998 
35	(   0.000005 )	 -9.99999 
36	(   0.000002 )	 -9.999996
37	(   0.000001 )	 -9.999998
38	(   0.0      )	 -9.999999
39	(   0.0      )	-10       
40	(   0.0      )	-10       
41	(   0.0      )	-10       
42	(   0.0      )	-10       
43	(   0.0      )	-10       
44	(   0.0      )	-10       
45	(   0.0      )	-10       
46	(   0.0      )	-10       
47	(   0.0      )	-10       
48	(   0.0      )	-10       
49	(   0.0      )	-10       
50	(   0.0      )	-10       
51	(   0.0      )	-10       
52	(   0.0      )	-10       
53	(   0.0      )	-10       
54	(   0.0      )	-10       
55	(   0.0      )	-10       
56	(   0.0      )	-10       
57	(   0.0      )	-10       
58	(   0.0      )	-10       
59	(   0.0      )	-10       
60	(   0.0      )	-10       

BBE ( SOL ) OBJ
61	(   0.0      )	-10       
62	(   0.0      )	-10       
63	(   0.0      )	-10       
A termination criterion is reached: No termination (all). Mesh minimum precision reached (Algo)

Best feasible solution:     #1 ( 0 )	Evaluation OK	 f = -10                     	 h =   0                     

Best infeasible solution:   Undefined.

Blackbox evaluations:         63
Total model evaluations:      5184
Cache hits:                   154
Total number of evaluations:  217
