1	(   1.520042   0.785398 )	3435.826173
2	(   0.520042   1.785398 )	15875.169276
3	(   2.520042   0        )	 9762.192825
4	(   1.530042   0.595398 )	 8665.787576
5	(   0.530042   1.385398 )	13659.792183
6	(   2.020042   0.345398 )	10583.111687
7	(   1.540042   1.285398 )	  784.261536
8	(   1.600042   3.285398 )	27946.970089

BBE ( SOL ) OBJ
9	(   1.520042   1.285398 )	  777.664369
10	(   2.520042   2.285398 )	14701.016054
11	(   1.520042   2.285398 )	 2192.149393
12	(   1.520042   0.285398 )	19858.811862
13	(   2.520042   1.285398 )	10182.906681
14	(   1.460042   1.285398 )	  742.020452
15	(   1.460042   1.625398 )	 1557.398409
16	(   1.460042   0.945398 )	  937.672716
17	(   1.460042   1.115398 )	  268.389117
18	(   1.460042   1.245398 )	  579.00779 
19	(   1.460042   0.115398 )	24331.607934
20	(   1.460042   2.115398 )	  589.044246
21	(   2.460042   1.115398 )	 7419.321544
22	(   1.460042   0.605398 )	 8045.834456
23	(   1.640042   1.465398 )	 1451.698551
24	(   1.400042   1.075398 )	  200.39507 
25	(   1.340042   0.975398 )	  421.68041 
26	(   1.400042   0.945398 )	  795.871252
27	(   1.450042   1.175398 )	  344.458526
28	(   1.410042   1.015398 )	  376.805287
29	(   1.440042   1.135398 )	  260.552115
30	(   1.380042   1.095398 )	  156.915959
31	(   1.340042   1.085398 )	   98.74045 
32	(   1.300042   1.025398 )	  123.461053
33	(   1.240042   1.035398 )	   29.081087
34	(   1.160042   1.015398 )	   78.168653
35	(   1.280042   1.095398 )	   30.812585
36	(   1.180042   1.045398 )	   28.564512
37	(   1.100042   1.025398 )	  223.215992
38	(   1.140042   0.985398 )	  163.245462
39	(   1.250042   1.065398 )	    7.207702
40	(   1.190042   1.075398 )	   22.830353
41	(   1.260042   1.095398 )	   18.801368
42	(   1.320042   1.085398 )	   70.868007
43	(   1.220042   1.075398 )	    3.168871
44	(   1.210042   1.045398 )	   10.458193
45	(   1.220042   1.055398 )	    3.551073
46	(   1.190042   1.065398 )	   17.851116
47	(   1.240042   1.065398 )	    3.06011 
48	(   1.240042   1.085398 )	    6.597525

BBE ( SOL ) OBJ
49	(   1.230042   1.065398 )	    1.049326
50	(   1.250042   1.055398 )	   12.603238
51	(   1.230042   1.075398 )	    1.842285
52	(   1.200042   1.065398 )	    9.57511 
53	(   1.470042   1.165398 )	  341.322993
54	(   0.940042   1.565398 )	 4123.587489
55	(   1.730042   1.355398 )	 1011.675801
56	(   1.230042   1.055398 )	    4.332329
57	(   1.430042   1.235398 )	  514.391095
58	(   1.400042   0.865398 )	 1687.039069
59	(   1.220042   1.065398 )	    1.34875 
60	(   1.250042   1.075398 )	    5.992304
61	(   1.330042   1.035398 )	  150.371808
62	(   1.260042   1.165398 )	  155.004375
63	(   1.230842   1.071698 )	    1.109603
64	(   1.240842   1.071698 )	    2.654774
65	(   1.225242   1.066998 )	    0.831169
66	(   1.224442   1.060698 )	    1.667749
67	(   1.229242   1.068998 )	    0.839548
68	(   1.224442   1.070598 )	    1.136212
69	(   1.228642   1.066698 )	    0.842956
70	(   1.225842   1.069298 )	    0.886513
71	(   1.227942   1.067398 )	    0.795828
72	(   1.223942   1.065398 )	    0.946072
73	(   1.227942   1.068098 )	    0.792398
74	(   1.230642   1.068498 )	    0.904127
75	(   1.226642   1.067398 )	    0.791452
76	(   1.222742   1.065298 )	    1.035076
77	(   1.231242   1.071498 )	    1.105153
78	(   1.226642   1.068098 )	    0.797466
79	(   1.227642   1.067598 )	    0.788908
80	(   1.230642   1.068198 )	    0.906707
81	(   1.226342   1.066898 )	    0.802345
82	(   1.227542   1.067798 )	    0.787518
83	(   1.227242   1.068398 )	    0.79691 
84	(   1.228542   1.067998 )	    0.803384
85	(   1.227142   1.067598 )	    0.787078
86	(   1.225942   1.066998 )	    0.808182
87	(   1.227042   1.067798 )	    0.787906
88	(   1.227242   1.067798 )	    0.787042

BBE ( SOL ) OBJ
89	(   1.227542   1.068398 )	    0.79552 
90	(   1.226842   1.067598 )	    0.788816
91	(   1.227342   1.067798 )	    0.786965
92	(   1.227642   1.067798 )	    0.788148
93	(   1.227442   1.067998 )	    0.788389
94	(   1.227242   1.067698 )	    0.786806
95	(   1.226942   1.067398 )	    0.788918
96	(   1.227342   1.067698 )	    0.786832
97	(   1.202042   1.117698 )	   67.633956
98	(   1.277242   1.092898 )	   27.291771
99	(   1.227042   1.066898 )	    0.798416
100	(   1.228142   1.067798 )	    0.794828
101	(   1.227242   1.067598 )	    0.786972
102	(   1.239142   1.087698 )	    7.932106
103	(   1.247242   1.055798 )	   10.658898
104	(   1.226942   1.067598 )	    0.788   
105	(   1.237242   1.069398 )	    1.81406 
106	(   1.225542   1.077698 )	    2.986919
107	(   1.227341   1.067724 )	    0.786827
108	(   1.227241   1.067724 )	    0.78683 
109	(   1.227266   1.067718 )	    0.786801
110	(   1.227338   1.067778 )	    0.786904
111	(   1.227167   1.067692 )	    0.786935
112	(   1.227298   1.067716 )	    0.786794
113	(   1.227394   1.06771  )	    0.786927
114	(   1.227322   1.067736 )	    0.786819
115	(   1.227262   1.067708 )	    0.786796
116	(   1.232298   1.069096 )	    1.047275
117	(   1.228678   1.062716 )	    1.385985
118	(   1.227234   1.067752 )	    0.786896
119	(   1.227289   1.067706 )	    0.786789
120	(   1.227262   1.067676 )	    0.786799
121	(   1.227325   1.067714 )	    0.786808
122	(   1.227278   1.06771  )	    0.786791
123	(   1.225289   1.067167 )	    0.828569
124	(   1.227828   1.065706 )	    0.881887
125	(   1.227304   1.067731 )	    0.786807
126	(   1.227284   1.067702 )	    0.786788
127	(   1.227269   1.06769  )	    0.78679 
128	(   1.227284   1.067702 )	    0.786788

BBE ( SOL ) OBJ
129	(   1.227279   1.067698 )	    0.786788
130	(   1.227281   1.0677   )	    0.786788
131	(   1.228284   1.06774  )	    0.798232
132	(   1.227322   1.066702 )	    0.807285
133	(   1.227273   1.067712 )	    0.786793
134	(   1.227269   1.06769  )	    0.786791
135	(   1.227282   1.0677   )	    0.786788
136	(   1.227289   1.067706 )	    0.786789
137	(   1.227281   1.0677   )	    0.786788
138	(   1.226784   1.067237 )	    0.79164 
139	(   1.227749   1.067202 )	    0.796773
140	(   1.227284   1.067712 )	    0.786791
141	(   1.227282   1.0677   )	    0.786788
142	(   1.227084   1.067693 )	    0.787237
143	(   1.227293   1.067502 )	    0.787598
144	(   1.227286   1.067704 )	    0.786788
145	(   1.227282   1.0677   )	    0.786788
146	(   1.227184   1.067668 )	    0.786889
147	(   1.227318   1.067602 )	    0.787032
148	(   1.227285   1.067704 )	    0.786788
149	(   1.227282   1.0677   )	    0.786788
150	(   1.227234   1.067696 )	    0.786813
151	(   1.22729    1.067652 )	    0.786839
152	(   1.227284   1.067703 )	    0.786788
153	(   1.227282   1.067699 )	    0.786788
154	(   1.227304   1.067689 )	    0.786799
155	(   1.227271   1.067682 )	    0.786794
156	(   1.227284   1.067702 )	    0.786788
157	(   1.227281   1.0677   )	    0.786788
158	(   1.227275   1.067692 )	    0.786789
159	(   1.227294   1.067693 )	    0.786792
160	(   1.227284   1.067702 )	    0.786788
161	(   1.227281   1.0677   )	    0.786788
162	(   1.227279   1.067697 )	    0.786788
163	(   1.227289   1.067697 )	    0.786789
164	(   1.227284   1.067702 )	    0.786788
165	(   1.227283   1.067704 )	    0.786788
166	(   1.227286   1.067703 )	    0.786788
167	(   1.227283   1.067699 )	    0.786788
168	(   1.227283   1.067702 )	    0.786788

BBE ( SOL ) OBJ
169	(   1.227283   1.067703 )	    0.786788
170	(   1.227286   1.067702 )	    0.786788
171	(   1.227287   1.067704 )	    0.786788
172	(   1.227285   1.067703 )	    0.786788
173	(   1.227284   1.067702 )	    0.786788
174	(   1.227283   1.067702 )	    0.786788
175	(   1.227284   1.067703 )	    0.786788
176	(   1.227283   1.067701 )	    0.786788
177	(   1.227284   1.067701 )	    0.786788
178	(   1.227284   1.067702 )	    0.786788
179	(   1.227284   1.067702 )	    0.786788
180	(   1.227284   1.067702 )	    0.786788
181	(   1.227283   1.067702 )	    0.786788
182	(   1.227284   1.067702 )	    0.786788
183	(   1.227284   1.067702 )	    0.786788
184	(   1.227284   1.067702 )	    0.786788
185	(   1.227284   1.067702 )	    0.786788
186	(   1.227284   1.067702 )	    0.786788
187	(   1.227284   1.067702 )	    0.786788
188	(   1.227284   1.067702 )	    0.786788
189	(   1.227284   1.067702 )	    0.786788
190	(   1.227284   1.067702 )	    0.786788
191	(   1.227284   1.067702 )	    0.786788
192	(   1.227284   1.067702 )	    0.786788
193	(   1.227284   1.067702 )	    0.786788
194	(   1.227284   1.067702 )	    0.786788
195	(   1.227284   1.067702 )	    0.786788
196	(   1.227284   1.067702 )	    0.786788
197	(   1.227284   1.067702 )	    0.786788
198	(   1.227284   1.067702 )	    0.786788
199	(   1.227284   1.067702 )	    0.786788
200	(   1.227284   1.067702 )	    0.786788
201	(   1.227284   1.067702 )	    0.786788
202	(   1.227284   1.067702 )	    0.786788
203	(   1.227284   1.067702 )	    0.786788
204	(   1.227284   1.067702 )	    0.786788
205	(   1.227284   1.067702 )	    0.786788
206	(   1.227284   1.067702 )	    0.786788
207	(   1.227284   1.067702 )	    0.786788
208	(   1.227284   1.067702 )	    0.786788

BBE ( SOL ) OBJ
209	(   1.227284   1.067702 )	    0.786788
210	(   1.227284   1.067702 )	    0.786788
211	(   1.227284   1.067702 )	    0.786788
212	(   1.227284   1.067702 )	    0.786788
213	(   1.227284   1.067702 )	    0.786788
214	(   1.227284   1.067702 )	    0.786788
215	(   1.227284   1.067702 )	    0.786788
216	(   1.227284   1.067702 )	    0.786788
217	(   1.227284   1.067702 )	    0.786788
218	(   1.227284   1.067702 )	    0.786788
219	(   1.227284   1.067702 )	    0.786788
220	(   1.227284   1.067702 )	    0.786788
221	(   1.227284   1.067702 )	    0.786788
222	(   1.227284   1.067702 )	    0.786788
223	(   1.227284   1.067702 )	    0.786788
224	(   1.227284   1.067702 )	    0.786788
225	(   1.227284   1.067702 )	    0.786788
226	(   1.227284   1.067702 )	    0.786788
227	(   1.227284   1.067702 )	    0.786788
228	(   1.227284   1.067702 )	    0.786788
229	(   1.227284   1.067702 )	    0.786788
230	(   1.227284   1.067702 )	    0.786788
231	(   1.227284   1.067702 )	    0.786788
232	(   1.227284   1.067702 )	    0.786788
233	(   1.227284   1.067702 )	    0.786788
234	(   1.227284   1.067702 )	    0.786788
235	(   1.227284   1.067702 )	    0.786788
236	(   1.227284   1.067702 )	    0.786788
237	(   1.227284   1.067702 )	    0.786788
238	(   1.227284   1.067702 )	    0.786788
239	(   1.227284   1.067702 )	    0.786788
240	(   1.227284   1.067702 )	    0.786788
241	(   1.227284   1.067702 )	    0.786788
242	(   1.227284   1.067702 )	    0.786788
243	(   1.227284   1.067702 )	    0.786788
244	(   1.227284   1.067702 )	    0.786788
245	(   1.227284   1.067702 )	    0.786788
246	(   1.227284   1.067702 )	    0.786788
247	(   1.227284   1.067702 )	    0.786788
248	(   1.227284   1.067702 )	    0.786788

BBE ( SOL ) OBJ
249	(   1.227284   1.067702 )	    0.786788
250	(   1.227284   1.067702 )	    0.786788
251	(   1.227284   1.067702 )	    0.786788
252	(   1.227284   1.067702 )	    0.786788
253	(   1.227284   1.067702 )	    0.786788
254	(   1.227284   1.067702 )	    0.786788
255	(   1.227284   1.067702 )	    0.786788
256	(   1.227284   1.067702 )	    0.786788
257	(   1.227284   1.067702 )	    0.786788
258	(   1.227284   1.067702 )	    0.786788
259	(   1.227284   1.067702 )	    0.786788
260	(   1.227284   1.067702 )	    0.786788
261	(   1.227284   1.067702 )	    0.786788
262	(   1.227284   1.067702 )	    0.786788
263	(   1.227284   1.067702 )	    0.786788
264	(   1.227284   1.067702 )	    0.786788
265	(   1.227284   1.067702 )	    0.786788
266	(   1.227284   1.067702 )	    0.786788
267	(   1.227284   1.067702 )	    0.786788
268	(   1.227284   1.067702 )	    0.786788
269	(   1.227284   1.067702 )	    0.786788
270	(   1.227284   1.067702 )	    0.786788
271	(   1.227284   1.067702 )	    0.786788
272	(   1.227284   1.067702 )	    0.786788
273	(   1.227284   1.067702 )	    0.786788
274	(   1.227284   1.067702 )	    0.786788
275	(   1.227284   1.067702 )	    0.786788
276	(   1.227284   1.067702 )	    0.786788
277	(   1.227284   1.067702 )	    0.786788
A termination criterion is reached: No termination (all). Mesh minimum precision reached (Algo)

Best feasible solution:     #15875 ( 1.22728 1.0677 )	Evaluation OK	 f =   0.78678800000000004289	 h =   0                     

Best infeasible solution:   Undefined.

Blackbox evaluations:         277
Total model evaluations:      21390
Cache hits:                   81
Total number of evaluations:  358
