1	(   1.570796   3.141593   0          0          0          0        )	27230       
2	(   1.570796   3.141593   1          0          1          0        )	27230       
3	(   1.570796   2.141593   0          1          0          1        )	13491.9803  
4	(   1.570796   0          0          3.141593   0          4        )	27214       
5	(   1.570796   0.141593   0          1          0          2        )	24443.253257
6	(   1.570796   1.141593   1          1          0          3        )	 5237.700818
7	(   1.570796   0          3.141593   1          0          6.283185 )	27214       
8	(   1.570796   2.141593  -0          3          0          1        )	13491.9803  
9	(   1.570796   1.141593   1          0          0          6.283185 )	 9189.290869
10	(   1.570796   3.141593   1          1          0          3        )	27230       
11	(   1.570796   1.141593   1          0          0          2        )	 9189.290869
12	(   1.570796   1.141593   1          2          1          4        )	 6126.317594
13	(   1.570796   1.141593   0          2          0          4        )	17864.574058
14	(   0.570796   1.141593   1          1          0          3        )	11306.803005
15	(   2.570796   1.141593   2          2          0          0        )	12180.908174
16	(   1.680796   0.141593   2         -0          0          6        )	26173.451393
17	(   1.570796   0.141593   2          1          0.33       5        )	26933.378569
18	(   1.570796   2.141593   1          1          0.08       2        )	 4889.629337
19	(   0.240796   1.141593   0          0          0.36       6.283185 )	21707.413663
20	(   1.990796   1.141593   2          1          0.09       2        )	 5748.700533
21	(   2.710796   1.141593   1          1          0.39       3        )	15919.23426 
22	(   1.110796   1.141593   1          1          0.1        3        )	 3591.205514
23	(   1.560796   1.141593   1          2          0.42       0        )	 6070.719527
24	(   1.550796   1.141593   1          3          0.56       3        )	12883.529032
25	(   1.570796   1.141593   1          1          0.14       2        )	 5275.180404
26	(   1.550796   1.141593   1         -0          0          0        )	 9179.615094

BBE ( SOL ) OBJ
27	(   1.570796   1.141593   1          2          0.57       3        )	 8313.343432
28	(   0.110796   0          1          1          0.1        6        )	23616.433408
29	(   3.110796   1.141593   0          0          1.1        6        )	25418.763119
30	(   1.110796   1.141593   1         -0          0          0        )	 5973.582572
31	(   1.110796   1.141593   1          0          0.1        4        )	 5973.582572
32	(   1.110796   1.141593   1         -0          0.1        3        )	 5973.582572
33	(   2.110796   1.141593   1          2          0.1        0        )	 5420.279262
34	(   2.110796   1.141593   1          2          0.1        4        )	 5866.226721
35	(   2.110796   1.141593   1          2          0.1        3        )	 5955.846887
36	(   1.110796   1.141593   1         -0          0.1        0        )	 5973.582572
37	(   1.110796   1.141593   1          1          0          3        )	 3401.479419
38	(   3.110796   2.141593   2          0          1          6        )	25795.784786
39	(   1.110796   1.141593   0          1         -0          2        )	11674.423522
40	(   2.110796   1.141593   2          1         -0          2        )	 5165.143949
41	(   1.110796   1.141593   1          0         -0          5        )	 5973.582572
42	(   2.110796   1.141593   1          2         -0          1        )	 5750.801821
43	(   2.110796   1.141593   1          1          0          3        )	 3397.186928
44	(   3.141593   1.141593   1          1          0          3        )	25630       
45	(   3.110796   3.141593   2          3          0          0        )	25977.019106
46	(   2.110796   2.141593   0          2          0          1        )	10700.908694
47	(   0.110796   1.141593   1          1          0          3        )	24423.978996
48	(   2.110796   3.141593   1          1          0          4        )	19755.618923
49	(   2.110796   0          2          1          0          6.283185 )	13937.783563
50	(   2.110796   0.141593   2          0          1          5        )	13885.294068
51	(   2.110796   3.141593   0          1          1          0        )	19755.618923
52	(   2.110796   0          2          1          0          6        )	13937.783563
53	(   0.110796   0.141593   0          0          1          0        )	23627.765296
54	(   1.110796   1.141593   1.33       0          0.01       5        )	11184.698173
55	(   2.110796   1.141593   1.08       1.5        0.08       1        )	 7374.548652
56	(   2.110796   1.141593   1.5        0.95       0          3        )	 5600.290204
57	(   2.110796   1.141593   0.97       0.94       0.5        3        )	 3012.941884
58	(   2.110796   1.141593   0.97       0.94       2.5        3        )	 4425.466367
59	(   2.110796   0.141593   0          0.94       2.5        6        )	12308.010946
60	(   2.110796   1.141593   0.97       0.94       0.5        2        )	 2535.201998
61	(   2.110796   1.141593   0.97       0.94       0.5        0        )	 1721.379135
62	(   3.110796   2.141593   1.97       1.94       1.5        0        )	25795.886149
63	(   1.110796   1.141593   0          0.94       0.5        2        )	11674.423522
64	(   2.110796   1.141593   1.97       0.94       0.5        2        )	 4126.295303
65	(   2.110796   1.141593   0.97       0.94       1.5        0        )	 3790.570884
66	(   1.110796   1.141593   0.97       0.94       0.5        0        )	 1445.502666

BBE ( SOL ) OBJ
67	(   0          1.141593   0.97       0.94       0.5        0        )	25614       
68	(   2.110796   1.141593   0.97       0          2.5        6        )	 5221.153329
69	(   2.110796   0.141593   0.97       0.94       0.5        1        )	12780.63407 
70	(   2.110796   2.141593   0.97       0.94       0.5        2        )	 5305.254417
71	(   2.110796   3.141593   0.97       0.94       0          0        )	19755.618923
72	(   1.110796   1.141593   0.97       0          0.5        1        )	 5570.680035
73	(   1.110796   0.141593   0          0.94       0.5        2        )	14637.009528
74	(   1.110796   1.141593   0.97       1.94       0.5        0        )	 3894.386014
75	(   2.110796   0.141593   0.97       0.94       1.5        0        )	12785.493939
76	(   0.110796   0          0.97       0.94       0          0        )	23616.433408
77	(   1.110796   2.141593   1.97       1.94       0.5        0        )	 7542.530201
78	(   1.110796   1.141593   1.97       1.94       0.37       0        )	 5911.755483
79	(   2.110796   0.141593   0.96       1.25       0.62       1        )	12774.106418
80	(   1.110796   2.141593   0.99       1.06       0.22       2        )	 5635.484191
81	(   2.110796   2.141593   0.92       0.81       0.42       0        )	 4605.777603
82	(   1.110796   1.141593   0.94       0.86       1          0        )	 1849.434587
83	(   1.110796   1.141593   1          1.01       0.55       0        )	 1521.623028
84	(   1.110796   1.141593   0.94       0.87       0.45       5        )	 1803.041146
85	(   1.110796   0.141593   1.03       0.44       0.59       1        )	15240.239444
86	(   1.110796   1.141593   1.47       0.89       0.47       0        )	 3076.838743
87	(   1.110796   2.141593   0.71       1.43       0.39       0        )	 6225.523289
88	(   1.110796   1.391593   0.99       1.25       0.1        0        )	 7615.290157
89	(   0.440796   0.141593   1.18       1.03       0.74       2        )	13769.771245
90	(   1.690796   1.641593   0.98       0.86       0.5       -0        )	 3307.3985  
91	(   0.860796   0.641593   1.12       0.98       0.66       2        )	 4809.055084
92	(   1.480796   1.391593   1.01       0.89       0.54      -0        )	 2844.312098
93	(   1.570796   1.221593   0.47       0.95       0.71       2        )	11163.736127
94	(   1.220796   1.161593   1.22       0.9        0.53      -0        )	 2010.624355
95	(   1.110796   0.901593   1          0.95       0.64       2        )	 2248.158437
96	(   1.200796   1.021593   1.01       0.94       0.61       1        )	 1325.265743
97	(   1.360796   1.081593   0.72       0.95       0.67       2        )	 3875.502952
98	(   1.260796   1.141593   1.1        0.91       0.57       1        )	 1622.640126
99	(   1.520796   1.101593   1.06       1.01       0.06       2        )	 5601.234431
100	(   1.210796   1.131593   0.97       0.9        0.77       1        )	  946.109889
101	(   1.560796   1.101593   1.07       1.01       0.72       0        )	 2221.273916
102	(   1.220796   1.131593   0.97       0.91       0.52       3        )	 2948.203226
103	(   1.210796   1.131593   0.85       0.78       1.25       1        )	 1850.488437
104	(   2.210796   1.131593   1.97       1.5        1.5        0        )	 8632.038131
105	(   1.210796   1.131593   1.07       1.01       0.72       0        )	 1378.358108
106	(   0.210796   1.131593   1.07       0.96       0.74       1        )	22367.653355

BBE ( SOL ) OBJ
107	(   1.210796   1.131593   1          0.95       0.56      -0        )	 1337.405418
108	(   1.210796   1.131593   0.91       1.01       0.67       0        )	 1583.460873
109	(   1.210796   1.131593   0.96       0.98       0.64       0        )	 1355.775405
110	(   1.210796   1.131593   0.99       0.9        0.72       1        )	  989.696123
111	(   1.210796   1.131593   1.03       0.95       0.84       1        )	  695.484535
112	(   1.210796   1.131593   1.06       0.96       1.01       2        )	 1218.960462
113	(   1.210796   1.131593   1.03       0          2.84       5        )	 7205.949914
114	(   1.210796   1.131593   1.03       0.95       0.84       2        )	 1578.691156
115	(   1.210796   1.131593   2.03       0.95       0.84       1        )	 2221.703883
116	(   1.210796   1.131593   1.03       0.95       1.84       1        )	 1564.588347
117	(   1.210796   1.131593   1.03       0.95       0.84       3        )	 2998.06043 
118	(   2.210796   1.131593   1.03       1.95       0.84       1        )	 3204.066203
119	(   2.210796   2.131593   1.03       0          0          0        )	 8703.868612
120	(   2.210796   0.131593   1.03       0.95       0.84       1        )	10465.808474
121	(   1.210796   1.131593   1.21       1.1        1.05       1        )	  291.384604
122	(   1.210796   1.131593   2.21       1.1        2.05       1        )	 3636.495732
123	(   1.210796   1.131593   2.21       0.1        2.05       3        )	 7847.542778
124	(   1.210796   1.131593   1.21       1.1        1.05       2        )	 1282.116251
125	(   1.210796   1.131593   1.21       1.1        2.05       1        )	 1355.87494 
126	(   1.210796   1.131593   1.21       0.1        1.05       2        )	10094.777846
127	(   1.210796   0.131593   1.21       1.1        1.05       1        )	18818.125982
128	(   2.210796   1.131593   1.21       1.1        1.05       1        )	 2013.125654
129	(   1.210796   1.131593   2.21       2.1        1.05       1        )	 5169.054748
130	(   2.210796   1.131593   2.21       0.1        2.05       0        )	 6258.02285 
131	(   1.210796   1.131593   1.75       1.55       1.68       1        )	 1321.238409
132	(   1.340796   0.131593   0.47       1.02       2.05       2        )	21819.234566
133	(   1.310796   1.081593   1.2        1.04       1.26       2.67     )	 3506.587187
134	(   1.160796   1.131593   1.03       0.97       0.69       0.67     )	  848.123049
135	(   1.200796   1.241593   1.17       1.05       1.18       1.56     )	 1131.109535
136	(   1.190796   1.171593   0.95       0.88       0.78       0.41     )	 1064.467343
137	(   1.180796   1.181593   1.07       0.99       0.74       0        )	 1405.703431
138	(   1.200796   1.141593   1.06       0.97       0.94       1.47     )	 1107.708592
139	(   1.190796   1.041593   0.92       0.87       0.49       0.29     )	 1270.536368
140	(   1.200796   1.191593   1.11       1.01       1.01       1.24     )	  695.166086
141	(   1.190796   1.151593   1.05       0.97       0.76       0.3      )	  976.615505
142	(   1.200796   1.121593   1.19       1.09       0.91       1.33     )	 1127.38559 
143	(   1.190796   1.161593   1.01       0.93       0.81       0.64     )	  711.556612
144	(   1.180796   1.171593   1.16       1.08       1          0.62     )	  690.777725
145	(   1.190796   1.151593   1.13       1.04       1.04       1.42     )	  932.27841 
146	(   1.190796   1.151593   1.11       1.03       0.97       1.14     )	  548.379441

BBE ( SOL ) OBJ
147	(   1.230796   1.181593   1.18       1.06       1.2        1.21     )	  539.662966
148	(   1.220796   1.161593   1.26       1.15       1.21       1.43     )	  954.50099 
149	(   1.200796   1.161593   1.07       0.98       0.91       0.84     )	  447.564008
150	(   1.210796   1.121593   1.2        1.6        1.05       0.99     )	  800.228588
151	(   1.210796   1.121593   1.2        1.1        1.55       0.98     )	  850.470965
152	(   1.330796   0.951593   1.37       1.09       1.03       0.5      )	 3308.927592
153	(   1.160796   0.631593   1.4        1.11       1.06       1.23     )	 7310.522971
154	(   1.070796   1.351593   1.71       1.12       1.07       1.04     )	 1258.690274
155	(   1.710796   1.181593   1.32       1.1        1.05       1.13     )	  786.880708
156	(   1.210796   1.161593   1.19       1.09       1.04       0.99     )	  228.681738
157	(   1.210796   1.251593   1.13       1.06       1.01       0.96     )	  292.763543
158	(   2.210796   2.141593   0.71       2          1.84       1.56     )	 8410.581402
159	(   1.210796   1.131593   1.2        1.1        1.05       0.69     )	  627.908825
160	(   1.240796   1.131593   1.16       1.04       1.07       1.34     )	  847.771274
161	(   1.190796   1.161593   1.16       1.07       1.02       0.8      )	  313.561987
162	(   1.200796   1.181593   1.11       1.01       1.01       1.3      )	  790.290884
163	(   1.210796   1.141593   1.18       1.08       1.04       0.84     )	  288.125302
164	(   1.230796   1.161593   1.22       1.1        1.12       0.75     )	  561.300142
165	(   1.200796   1.151593   1.14       1.05       1.01       1.04     )	  343.653841
166	(   1.180796   1.121593   1.14       1.06       0.82       0.63     )	  682.323031
167	(   1.220796   1.171593   1.17       1.06       1.11       1.06     )	  286.274091
168	(   1.210796   1.141593   1.28       1.17       1.18       1.07     )	  305.74118 
169	(   1.710796   0.961593   1.59       1.25       1.02       0.58     )	 4391.473079
170	(   1.690796   1.291593   0.93       0.99       0.54       1.25     )	 3535.315017
171	(   1.430796   1.071593   1.37       1.16       1.39       1.49     )	 2240.428483
172	(   1.140796   1.191593   1.14       1.59       0.93       1.05     )	 1478.139599
173	(   1.420796   1.081593   0.69       1.16       1.37       0.81     )	 4517.185374
174	(   1.290796   1.661593   1.26       1.12       1.17       0.92     )	  611.804316
175	(   1.240796   1.121593   1.26       0.59       1.18       0.91     )	 4911.213472
176	(   1.240796   1.251593   0.85       1.17       0.69       0.62     )	 2897.606813
177	(   1.220796   1.151593   1.26       1.14       1.14       0.88     )	  305.354226
178	(   1.240796   1.141593   1.27       1.14       1.17       1.15     )	  438.984   
179	(   1.200796   1.151593   1.19       1.09       1.06       0.89     )	  236.499242
180	(   1.210796   1.161593   1.12       1.02       0.97       0.82     )	  335.330381
181	(   1.210796   1.151593   1.24       1.13       1.13       1.01     )	  223.09356 
182	(   1.200796   1.151593   1.13       1.04       1          1.05     )	  375.63504 
183	(   1.220796   1.151593   1.23       1.12       1.11       0.92     )	  222.861992
184	(   1.250796   1.151593   1.2        1.09       1.05       0.65     )	  778.410617
185	(   1.110796   0.951593   1.19       0.78       1.39       1.56     )	 2713.451361
186	(   1.210796   1.181593   1.19       1.09       1.11       0.9      )	  205.363419

BBE ( SOL ) OBJ
187	(   1.220796   1.201593   1.18       1.09       1.15       0.86     )	  276.508716
188	(   1.180796   1.271593   1.07       1          1.11       0.84     )	  646.029909
189	(   1.560796   1.661593   2.03       0.59       0.72       0.65     )	 5882.863304
190	(   1.200796   1.161593   1.24       1.14       1.09       0.8      )	  384.603513
191	(   1.220796   1.171593   1.19       1.08       1.11       0.99     )	  206.357936
192	(   1.200796   1.121593   1.23       1.11       1.04       1.04     )	  381.263324
193	(   1.220796   1.181593   1.19       1.1        1.12       0.91     )	  183.244243
194	(   1.230796   1.181593   1.22       1.11       1.15       1.02     )	  180.461638
195	(   1.250796   1.201593   1.24       1.13       1.19       1.08     )	  195.696251
196	(   1.230796   1.181593   1.23       1.12       1.2        0.93     )	  238.097354
197	(   1.210796   1.161593   1.2        1.1        1.08       0.97     )	  194.867105
198	(   1.230796   1.191593   1.17       1.07       1.1        0.89     )	  215.859114
199	(   1.220796   1.201593   1.16       1.06       1.11       0.97     )	  214.017046
200	(   1.210796   1.171593   1.21       1.11       1.13       1.03     )	  199.837599
201	(   1.210796   1.151593   1.24       1.14       1.12       0.97     )	  202.218819
202	(   1.210796   1.171593   1.23       1.14       1.13       0.94     )	  166.685783
203	(   1.210796   1.171593   1.25       1.17       1.14       0.92     )	  183.333956
204	(   1.220796   1.161593   1.24       1.14       1.13       1.05     )	  212.887662
205	(   1.210796   1.171593   1.2        1.1        1.12       0.94     )	  188.020145
206	(   1.150796   1.141593   1.26       1.23       1.07       0.94     )	  341.317748
207	(   1.430796   1.661593   2.21       1.04       1.08       0        )	 5807.44877 
208	(   1.180796   1.141593   1.19       1.11       1.06       0.94     )	  240.427709
209	(   1.230796   1.191593   1.23       1.13       1.16       0.94     )	  158.353971
210	(   1.290796   1.191593   1.23       1.13       1.25       0.94     )	  289.320973
211	(   0.440796   2.191593   2.23       2.13       0.22       2.94     )	20487.466468
212	(   1.230796   1.191593   1.23       1.13       1.19       0.94     )	  187.866108
213	(   1.230796   1.191593   1.23       2.13       1.18       0.94     )	 1480.036563
214	(   1.220796   1.191593   1.23       1.13       1.25       0        )	 6927.221896
215	(   0.730796   1.191593   1.23       1.13       1.08       0.94     )	 6240.746949
216	(   1.240796   1.191593   1.23       1.13       1.07       1.94     )	 1257.449993
217	(   1.130796   2.191593   2.23       1.13       1.36       0.94     )	 7060.374984
218	(   1.290796   2.191593   1.23       1.13       0.66       0.94     )	 4021.423883
219	(   1.830796   0.191593   0.23       0.13       1.03       0.94     )	19501.339526
220	(   1.290796   1.251593   1.23       1.1        1.25       0.94     )	  319.023306
221	(   1.430796   2.191593   2.11       2.13       0.76       1.94     )	 8685.14167 
222	(   1.230796   1.191593   1.25       1.16       1.18       0.95     )	  148.169827
223	(   1.250796   1.201593   1.28       1.19       1.21       0.96     )	  147.90771 
224	(   1.310796   1.231593   1.37       1.28       1.3        0.99     )	  239.409577
225	(   1.070796   1.811593   0.84       1.83       2.05       1.94     )	 6567.395498
226	(   1.230796   1.181593   1.24       1.15       1.13       0.97     )	  128.034427

BBE ( SOL ) OBJ
227	(   1.230796   1.181593   1.24       1.16       1.1        0.98     )	  124.491296
228	(   1.230796   1.181593   1.24       1.19       1.01       1.01     )	  269.695046
229	(   1.070796   1.621593   2.04       1.58       2.02       1.03     )	 2619.813501
230	(   1.230796   1.191593   1.27       1.2        1.15       0.89     )	  206.764268
231	(   1.230796   1.181593   1.23       1.13       1.15       0.99     )	  147.850737
232	(   1.210796   1.221593   1.31       1.14       1.21       0.48     )	 3155.561868
233	(   1.430796   1.281593   1.43       1.11       1.4        1.04     )	  992.622801
234	(   1.100796   1.441593   1.74       1.04       1.19       1.13     )	 1585.938395
235	(   1.210796   1.211593   1.3        1.66       1.19       1        )	  390.401579
236	(   1.140796   1.351593   0.87       1.08       1.6        1.07     )	 2724.760988
237	(   1.270796   1.681593   1.1        1.19       0.88       0.94     )	 1549.788131
238	(   1.230796   1.171593   1.24       1.16       1.09       0.98     )	  146.216648
239	(   1.150796   1.281593   1.43       0.78       0.72       0.62     )	 3072.563556
240	(   1.240796   1.181593   1.26       1.19       1.13       1        )	  116.164248
241	(   1.240796   1.171593   1.28       1.22       1.11       1.04     )	  186.657735
242	(   1.270796   1.181593   1.32       1.28       1.22       1.06     )	  181.120231
243	(   1.430796   1.021593   0.87       2.13       2.05       0.62     )	 5552.902637
244	(   1.240796   1.171593   1.25       1.17       1.09       1.01     )	  160.7416  
245	(   1.230796   1.191593   1.25       1.16       1.16       0.97     )	  122.194068
246	(   1.210796   1.381593   1.28       1.07       1.09       1.02     )	  479.718369
247	(   1.200796   1.161593   1.06       1.03       1.08       1.02     )	  394.066243
248	(   1.270796   1.201593   1.24       1.3        1.17       1.2      )	  382.960441
249	(   1.340796   1.241593   1.19       1          1.27       0.95     )	  768.35566 
250	(   1.240796   1.251593   1.18       1.69       1.3        0.94     )	  804.539821
251	(   1.270796   1.201593   1.24       1.32       0.63       0.98     )	 3948.171721
252	(   1.240796   1.181593   1.26       1.18       1.15       1        )	  119.640713
253	(   1.140796   1.121593   1.06       1.55       1.3        1.09     )	 1025.736487
254	(   1.237496   1.181593   1.27       1.2        1.1        0.98     )	  135.771535
255	(   1.239696   1.191593   1.27       1.19       1.17       0.99     )	  109.528026
256	(   1.244196   1.211593   1.28       1.2        1.21       0.99     )	  104.450913
257	(   1.235196   1.191593   1.24       1.15       1.19       0.99     )	  137.197489
258	(   1.236896   1.181593   1.26       1.19       1.12       0.98     )	  118.328319
259	(   1.254196   1.271593   1.31       1.23       1.33       0.99     )	  220.401811
260	(   1.304196   1.121593   1.1        1.6        2.05       1.15     )	 1300.948758
261	(   1.244196   1.201593   1.29       1.21       1.21       1        )	  116.085149
262	(   1.264196   1.171593   1.3        1.25       1.19       1.09     )	  217.4703  
263	(   1.144196   1.061593   1.35       1.37       1.15       0.96     )	  779.846704
264	(   1.314196   1.061593   1.18       1.37       1.15       0.96     )	  779.083944
265	(   1.254196   1.191593   1.29       1.22       1.71       0.99     )	  682.940627
266	(   1.334196   1.011593   1.37       1.05       1.13       0.95     )	 1768.782223

BBE ( SOL ) OBJ
267	(   1.164196   1.011593   1.2        1          1.28       1.03     )	 1145.370023
268	(   1.074196   1.581593   1.25       1.17       0.85       0.99     )	 2304.722598
269	(   1.257696   1.271593   1.31       1.23       1.33       0.99     )	  218.381534
270	(   1.144196   1.101593   1.18       1.37       1.55       1.09     )	  675.90794 
271	(   1.251396   1.201593   1.3        1.23       1.23       1.0067   )	  124.608309
272	(   1.235996   1.191593   1.255      1.18       1.13       0.9867   )	  100.033861
273	(   1.215996   1.131593   1.185      1.12       0.89       0.9767   )	  568.063122
274	(   1.425996   1.061593   1.065      1.55       2.05       0.7967   )	 1885.704117
275	(   1.235996   1.201593   1.275      1.21       1.17       0.9867   )	   91.122368
276	(   1.235996   1.221593   1.285      1.22       1.19       0.9767   )	   85.951341
277	(   1.235996   1.281593   1.315      1.25       1.25       0.9467   )	  184.866738
278	(   1.265996   1.011593   1.105      1.6        2.05       0.7967   )	 1592.942498
279	(   1.235996   1.221593   1.295      1.21       1.23       0.9767   )	  133.171575
280	(   1.235996   1.191593   1.265      1.2        1.16       0.9967   )	   98.365133
281	(   1.135996   1.091593   1.235      1.28       1.65       0.9867   )	  786.472131
282	(   1.135996   1.291593   1.315      1.19       0.93       0.8767   )	  776.215556
283	(   1.215996   1.191593   1.385      1.23       1.28       1.0167   )	  322.755379
284	(   1.225996   1.201593   1.275      1.02       1.24       0.9967   )	  645.65774 
285	(   1.265996   1.021593   1.295      1.2        1.06       0.9267   )	 1030.040606
286	(   1.285996   1.281593   1.305      1.19       1.69       0.8967   )	 1099.136885
287	(   1.225996   1.261593   1.285      1.23       1.18       0.9967   )	   61.502773
288	(   1.195996   1.381593   1.285      1.26       1.15       1.0567   )	  272.757302
289	(   1.335996   2.181593   1.405      0.91       0.97       1.3367   )	 4298.573225
290	(   1.235996   1.231593   1.275      1.22       1.18       0.9867   )	   61.178353
291	(   1.225996   1.261593   1.285      1.24       1.18       0.9867   )	   64.623374
292	(   1.265996   1.141593   1.245      1.19       1.18       0.9567   )	  231.885435
293	(   1.295996   0.631593   1.265      1.6        2.05       1.3367   )	 8867.800592
294	(   1.225996   1.261593   1.305      1.26       1.22       0.9867   )	   92.768515
295	(   1.305996   1.731593   1.265      1.13       1.5        1.0967   )	 1087.06335 
296	(   1.285996   1.041593   1.265      1.42       1.41       1.0667   )	 1019.519781
297	(   1.225996   1.281593   1.175      1.24       1.12       0.9667   )	  154.535288
298	(   1.165996   1.531593   1.295      1.32       0.83       1.1867   )	 3024.386401
299	(   1.335996   1.661593   1.295      1.36       0.68       0.8067   )	 4979.492942
300	(   1.135996   1.631593   1.295      1.35       1.68       0.8167   )	 2433.391838
301	(   1.195996   0.561593   1.375      0.99       1.04       0.6167   )	 9349.683476
302	(   1.334196   1.531593   1.175      1.33       0.83       0.9067   )	 2302.526436
303	(   1.225996   1.291593   1.305      1.26       1.21       0.9767   )	  101.427714
304	(   1.233496   1.211593   1.275      1.22       1.17       0.9967   )	   75.062554
305	(   1.238896   1.241593   1.225      1.22       1.18       0.9967   )	   45.201061
306	(   1.248896   1.271593   1.075      1.22       1.18       1.0267   )	  411.883802

BBE ( SOL ) OBJ
307	(   1.078896   1.281593   1.245      1.3        1.55       0.8567   )	 1427.515234
308	(   1.228896   1.271593   1.265      1.24       1.19       0.9967   )	   56.131699
309	(   1.228896   1.271593   1.255      1.24       1.17       1.0067   )	   51.264909
310	(   1.228896   1.301593   1.255      1.24       1.19       0.9967   )	   73.771741
311	(   1.228896   1.281593   1.265      1.24       1.19       0.9967   )	   59.64328 
312	(   1.238896   1.261593   1.235      1.22       1.18       1.0067   )	   41.450683
313	(   1.238896   1.261593   1.215      1.22       1.19       1.0167   )	   54.667606
314	(   1.238896   1.261593   1.225      1.23       1.18       0.9967   )	   47.331693
315	(   1.228896   1.301593   1.215      1.24       1.18       1.0167   )	   96.295091
316	(   1.238896   1.251593   1.265      1.23       1.18       0.9967   )	   40.873113
317	(   1.238896   1.241593   1.225      1.22       1.17       1.0067   )	   42.430628
318	(   1.248896   1.241593   1.215      1.21       1.16       1.0067   )	   38.085923
319	(   1.258896   1.221593   1.185      1.2        1.15       1.0167   )	   62.703381
320	(   1.248896   1.231593   1.205      1.2        1.18       0.9967   )	   50.58421 
321	(   1.248896   1.241593   1.225      1.21       1.18       0.9967   )	   38.325938
322	(   1.248896   1.231593   1.235      1.21       1.17       1.0067   )	   37.032443
323	(   1.248896   1.221593   1.245      1.2        1.17       1.0167   )	   49.227207
324	(   1.248896   1.201593   1.295      1.21       1.2        1.0067   )	  111.501414
325	(   1.158896   1.211593   1.195      1.21       1.27       1.0867   )	  303.208138
326	(   1.248896   1.251593   1.245      1.21       1.17       1.0067   )	   30.292117
327	(   1.258896   1.251593   1.255      1.21       1.16       1.0167   )	   25.261878
328	(   1.258896   1.251593   1.255      1.21       1.17       1.0067   )	   24.512865
329	(   1.268896   1.261593   1.265      1.21       1.18       1.0067   )	   21.161044
330	(   1.268896   1.231593   1.255      1.21       1.16       1.0067   )	   31.203611
331	(   1.278896   1.231593   1.215      1.19       1.16       1.0167   )	   38.227805
332	(   1.278896   1.241593   1.255      1.2        1.15       1.0267   )	   32.424059
333	(   1.298896   1.291593   1.295      1.21       1.21       1.0067   )	   35.177407
334	(   1.208896   1.101593   1.145      1.22       1.22       1.0467   )	  346.694222
335	(   1.278896   1.261593   1.275      1.21       1.16       1.0167   )	   19.372983
336	(   1.298896   1.281593   1.295      1.21       1.16       1.0267   )	   21.677146
337	(   1.308896   1.261593   1.305      1.21       1.1        1.0467   )	  105.366935
338	(   1.408896   1.511593   1.435      1.34       1.44       1.1267   )	  323.665292
339	(   1.268896   1.271593   1.275      1.22       1.18       0.9967   )	   20.599273
340	(   1.248896   1.321593   1.225      1.21       1.16       1.1167   )	  181.560718
341	(   1.278896   1.261593   1.275      1.11       1.16       1.0167   )	  167.232307
342	(   1.278896   1.261593   1.275      1.21       1.36       1.0167   )	  231.085293
343	(   1.178896   1.131593   1.115      1.21       1.16       0.9767   )	  285.279334
344	(   1.178896   1.431593   1.425      1.21       1.16       0.9767   )	  468.581897
345	(   1.308896   1.461593   1.085      1.21       1.16       0.9767   )	  720.634464
346	(   1.298296   1.321593   1.295      1.2342     1.18       1.0373   )	   12.85243 

BBE ( SOL ) OBJ
347	(   1.358296   1.501593   1.355      1.3042     1.24       1.0973   )	  127.680728
348	(   1.428296   1.121593   1.095      1.0442     0.83       1.2073   )	 1454.483004
349	(   1.298296   1.301593   1.295      1.2242     1.18       1.0173   )	    9.938032
350	(   1.318296   1.321593   1.325      1.2242     1.2        1.0073   )	   32.405001
351	(   1.298296   1.241593   1.295      1.1942     1.18       0.9573   )	   93.578438
352	(   1.428296   1.501593   1.435      1.1542     1.24       1.3373   )	 1122.465314
353	(   1.308296   1.311593   1.315      1.2242     1.18       1.0273   )	   17.597319
354	(   1.278296   1.291593   1.275      1.2342     1.19       1.0073   )	   12.308653
355	(   1.308296   1.321593   1.315      1.2342     1.18       1.0273   )	   13.333622
356	(   1.318296   1.331593   1.315      1.2342     1.18       1.0473   )	   19.789728
357	(   1.308296   1.321593   1.305      1.2342     1.18       1.0373   )	   12.059039
358	(   1.318296   1.361593   1.325      1.2542     1.2        1.0373   )	   21.421408
359	(   1.288296   1.291593   1.285      1.2242     1.17       1.0173   )	    8.811654
360	(   1.288296   1.301593   1.275      1.2342     1.18       1.0173   )	    6.471785
361	(   1.278296   1.301593   1.255      1.2442     1.18       1.0173   )	   14.997917
362	(   1.278296   1.291593   1.265      1.2242     1.18       1.0173   )	   10.9958  
363	(   1.278296   1.281593   1.275      1.2242     1.18       0.9973   )	   14.487997
364	(   1.298296   1.311593   1.285      1.2342     1.18       1.0273   )	    6.384801
365	(   1.328296   1.341593   1.315      1.2342     1.18       1.0573   )	   27.437254
366	(   1.268296   1.341593   1.255      1.1842     1.21       0.9573   )	  140.926706
367	(   1.308296   1.311593   1.295      1.2242     1.17       1.0373   )	   13.303181
368	(   1.288296   1.301593   1.285      1.2342     1.18       1.0173   )	    7.154552
369	(   1.248296   1.201593   1.175      1.1342     1.22       1.1073   )	  227.51092 
370	(   1.268296   1.511593   1.395      1.1742     1.2        1.0773   )	  380.36625 
371	(   1.308296   1.331593   1.255      1.2542     1.38       1.0173   )	  239.033143
372	(   1.278296   1.271593   1.345      1.1942     1.19       0.8273   )	  554.604095
373	(   1.398296   1.251593   1.375      1.1842     1.2        1.0673   )	  262.269796
374	(   1.238296   1.181593   1.485      1.2642     1.22       1.1173   )	  498.168925
375	(   1.381596   1.451593   1.455      1.3042     1.38       1.1973   )	  418.854811
376	(   1.301596   1.311593   1.285      1.2242     1.17       1.0273   )	    9.200434
377	(   1.309396   1.311593   1.305      1.2342     1.17       1.0273   )	    9.463102
378	(   1.293096   1.311593   1.275      1.2375     1.17       1.0273   )	    8.820714
379	(   1.276596   1.301593   1.255      1.2286     1.18       1.0173   )	   15.973003
380	(   1.301196   1.311593   1.295      1.2328     1.17       1.0273   )	    8.468094
381	(   1.284196   1.301593   1.285      1.2415     1.18       1.0173   )	    7.742006
382	(   1.289796   1.291593   1.295      1.2295     1.18       1.0173   )	    9.931101
383	(   1.292296   1.311593   1.285      1.2355     1.17       1.0273   )	    9.243711
384	(   1.348296   1.291593   1.315      1.2534     1.17       1.0473   )	   29.614012
385	(   1.296096   1.301593   1.295      1.239      1.28       1.0373   )	   70.519414
386	(   1.283896   1.411593   1.345      1.2654     1.17       1.0673   )	  111.962552

BBE ( SOL ) OBJ
387	(   1.275196   1.251593   1.215      1.2842     1.17       1.0873   )	  114.084014
388	(   1.311896   1.351593   1.235      1.2046     1.19       1.1273   )	  167.018763
389	(   1.272796   1.241593   1.385      1.2114     1.17       1.0973   )	  216.461567
390	(   1.361396   1.341593   1.195      1.1729     1.16       0.8473   )	  402.676498
391	(   1.328296   1.268193   1.2616     1.2654     1.1987     1.0126   )	   19.511827
392	(   1.289796   1.294893   1.295      1.2295     1.1833     1.014    )	   10.552991
393	(   1.292296   1.307393   1.28       1.2355     1.1733     1.024    )	    6.756893
394	(   1.295896   1.320193   1.2833     1.2466     1.1844     1.0262   )	    7.906674
395	(   1.281196   1.303093   1.2694     1.2426     1.1892     1.0158   )	   10.993758
396	(   1.296196   1.309493   1.2886     1.2353     1.1748     1.0244   )	    6.545346
397	(   1.286596   1.290893   1.2829     1.225      1.1716     1.0163   )	    8.476666
398	(   1.293596   1.312893   1.2832     1.2412     1.1812     1.0237   )	    6.613958
399	(   1.301496   1.313293   1.2806     1.23       1.1764     1.0274   )	    6.92591 
400	(   1.301796   1.317193   1.2791     1.2359     1.1752     1.0307   )	    7.647329
401	(   1.291696   1.305493   1.2835     1.2346     1.1788     1.0207   )	    6.32255 
402	(   1.285296   1.302893   1.2845     1.2417     1.1796     1.0184   )	    7.397883
403	(   1.297496   1.310693   1.2816     1.2329     1.1772     1.0252   )	    6.276232
404	(   1.296196   1.309893   1.2856     1.2353     1.184      1.0222   )	    6.104898
405	(   1.298196   1.311093   1.2885     1.2352     1.1894     1.0213   )	    6.825179
406	(   1.295796   1.303393   1.2832     1.2276     1.1771     1.022    )	    6.464775
407	(   1.293096   1.304693   1.276      1.231      1.1842     1.0205   )	    6.510318
408	(   1.293896   1.305893   1.2792     1.2321     1.1819     1.0215   )	    6.104965
409	(   1.302796   1.314093   1.291      1.2314     1.1797     1.029    )	    7.524622
410	(   1.291896   1.304693   1.279      1.2335     1.1799     1.0202   )	    6.029105
411	(   1.293996   1.312693   1.2814     1.2399     1.1835     1.0237   )	    6.618024
412	(   1.295396   1.305693   1.2828     1.2307     1.1787     1.0224   )	    6.093961
413	(   1.290596   1.302493   1.2789     1.2322     1.1802     1.0168   )	    6.331383
414	(   1.292496   1.304793   1.2804     1.2327     1.1801     1.0194   )	    6.081533
415	(   1.297396   1.308393   1.2794     1.2311     1.1818     1.0229   )	    5.939995
416	(   1.300296   1.309893   1.2773     1.2294     1.1833     1.0241   )	    6.184591
417	(   1.313896   1.319493   1.2806     1.2239     1.1875     1.031    )	    9.763863
418	(   1.329896   1.291193   1.2838     1.2842     1.1416     0.9925   )	   41.852929
419	(   1.288796   1.303193   1.2848     1.2357     1.1788     1.0188   )	    6.836583
420	(   1.297396   1.308193   1.2792     1.231      1.1822     1.0228   )	    5.936279
421	(   1.297396   1.307593   1.2786     1.2307     1.1834     1.0225   )	    5.952489
422	(   1.321396   1.310193   1.3091     1.2842     1.2149     1.0453   )	    9.118221
423	(   1.296396   1.307993   1.2829     1.2327     1.1803     1.0218   )	    5.779622
424	(   1.297596   1.309093   1.2848     1.233      1.1796     1.022    )	    5.747431
425	(   1.301196   1.312393   1.2905     1.2339     1.1775     1.0226   )	    6.012626
426	(   1.309996   1.298093   1.2855     1.2525     1.1859     1.0272   )	    0.987355

BBE ( SOL ) OBJ
427	(   1.349996   1.268093   1.2876     1.3125     1.2059     1.0472   )	   49.179925
428	(   1.329996   1.318093   1.3003     1.2725     1.2259     1.0672   )	   20.061965
429	(   1.299996   1.308093   1.2832     1.2425     1.1859     1.0272   )	    3.628987
430	(   1.309996   1.298093   1.2355     1.2525     1.1859     1.0272   )	   19.567731
431	(   1.299996   1.298093   1.2856     1.2625     1.2859     1.0372   )	   62.423432
432	(   1.289996   1.398093   1.2857     1.2725     1.1859     1.0472   )	   80.256906
433	(   1.349996   1.268093   1.2863     1.3525     1.1659     1.1172   )	  201.711889
434	(   1.209996   1.268093   1.2863     1.2025     1.1659     1.1172   )	  201.180822
435	(   1.409996   1.328093   1.2847     1.1525     1.2059     1.1072   )	  220.087071
436	(   1.309996   1.298093   1.286      1.2525     1.1859     1.0272   )	    1.013676
437	(   1.347196   1.265093   1.2876     1.311      1.2048     1.0428   )	   48.229588
438	(   1.310396   1.301393   1.2818     1.2491     1.1904     1.0306   )	    1.372682
439	(   1.310696   1.299393   1.2889     1.2564     1.1871     1.0292   )	    1.378832
440	(   1.310496   1.298993   1.2655     1.2508     1.1941     1.0292   )	    3.709561
441	(   1.308596   1.295993   1.2848     1.2025     1.1656     1.0223   )	   17.678599
442	(   1.309396   1.348093   1.2852     1.2545     1.1764     1.0249   )	   17.546036
443	(   1.259996   1.298693   1.2857     1.2512     1.1919     1.0286   )	   24.465094
444	(   1.317596   1.310093   1.2897     1.2284     1.2359     1.0545   )	   33.97297 
445	(   1.308396   1.295593   1.2846     1.2575     1.1623     1.0772   )	   46.293301
446	(   1.312696   1.297493   1.2857     1.2531     1.1861     1.0252   )	    0.852894
447	(   1.320796   1.295693   1.2863     1.2549     1.1867     1.0192   )	    1.901127
448	(   1.315096   1.301293   1.2814     1.2469     1.181      1.0234   )	    0.612856
449	(   1.322296   1.312693   1.2685     1.2269     1.161      1.018    )	    7.13406 
450	(   1.324996   1.305993   1.2852     1.2569     1.191      1.0283   )	    1.370365
451	(   1.316996   1.301393   1.2796     1.2469     1.191      1.0248   )	    1.051312
452	(   1.312096   1.351293   1.2732     1.2569     1.181      1.0217   )	   22.548382
453	(   1.309496   1.299593   1.2658     1.2569     1.181      1.0734   )	   33.537713
454	(   1.365096   1.297693   1.2492     1.2769     1.181      1.0169   )	   36.952008
455	(   1.331096   1.306293   1.3258     1.3469     1.181      1.0324   )	   53.672819
456	(   1.313796   1.300893   1.2777     1.2469     1.081      1.0227   )	  107.204228
457	(   1.355996   1.313993   1.3166     1.1469     1.171      1.0464   )	  148.155231
458	(   1.314496   1.297593   1.2821     1.2469     1.191      1.0229   )	    1.144791
459	(   1.322296   1.312693   1.2685     1.2283     1.1657     1.018    )	    5.925728
460	(   1.349996   1.331593   1.3035     1.2248     1.145      0.9925   )	   31.357007
461	(   1.301396   1.291993   1.2816     1.2427     1.1826     1.0219   )	    1.741968
462	(   1.319096   1.302493   1.2843     1.2534     1.1889     1.0267   )	    0.796993
463	(   1.315596   1.321293   1.2813     1.2417     1.1775     1.022    )	    4.019975
464	(   1.314796   1.301393   1.2614     1.2499     1.183      1.0242   )	    4.08133 
465	(   1.335096   1.301893   1.2817     1.2608     1.1904     1.0271   )	    3.893613
466	(   1.307496   1.304293   1.2831     1.2473     1.231      1.0434   )	   17.698633

BBE ( SOL ) OBJ
467	(   1.309896   1.303293   1.2826     1.2969     1.2147     1.0074   )	   24.001807
468	(   1.320296   1.299293   1.2802     1.1969     1.221      1.0099   )	   50.030679
469	(   1.314296   1.300993   1.2815     1.2462     1.1779     1.0228   )	    0.803135
470	(   1.315696   1.301293   1.2823     1.2484     1.1841     1.0238   )	    0.540561
471	(   1.317496   1.301293   1.285      1.2529     1.1934     1.025    )	    1.087993
472	(   1.314996   1.301493   1.2832     1.2499     1.1845     1.024    )	    0.532728
473	(   1.312896   1.302093   1.2859     1.2544     1.1857     1.0246   )	    0.707321
474	(   1.314896   1.301593   1.2833     1.2499     1.1845     1.0239   )	    0.530417
475	(   1.314596   1.301893   1.2836     1.2499     1.1845     1.0236   )	    0.527751
476	(   1.313696   1.302793   1.2845     1.2499     1.1845     1.0227   )	    0.558174
477	(   1.313396   1.299893   1.2792     1.2493     1.1828     1.0222   )	    0.559328
478	(   1.316596   1.301793   1.2832     1.2531     1.1907     1.0251   )	    0.782222
479	(   1.310996   1.300093   1.28       1.2458     1.1803     1.0206   )	    0.627649
480	(   1.311596   1.300193   1.2801     1.2436     1.175      1.0207   )	    1.029097
481	(   1.315396   1.301393   1.2824     1.2507     1.1868     1.024    )	    0.557177
482	(   1.318696   1.302393   1.2841     1.2526     1.1876     1.0264   )	    0.730094
483	(   1.312896   1.300693   1.281      1.2475     1.1821     1.022    )	    0.532997
484	(   1.313896   1.300993   1.2825     1.2517     1.1873     1.0231   )	    0.586314
485	(   1.314196   1.301093   1.2823     1.2505     1.1857     1.0232   )	    0.525888
486	(   1.315796   1.302793   1.2858     1.2497     1.1864     1.0246   )	    0.626085
487	(   1.313996   1.300593   1.2808     1.2494     1.1837     1.0228   )	    0.517108
488	(   1.313396   1.300993   1.282      1.2478     1.1814     1.0224   )	    0.561112
489	(   1.314896   1.301293   1.2823     1.25       1.1855     1.0236   )	    0.522511
490	(   1.313396   1.299093   1.2763     1.2461     1.1777     1.0216   )	    0.835332
491	(   1.314196   1.301793   1.2822     1.2497     1.1836     1.0221   )	    0.519435
492	(   1.315996   1.302093   1.2838     1.2523     1.1871     1.0244   )	    0.586593
493	(   1.313696   1.300993   1.2817     1.2487     1.1833     1.0226   )	    0.510816
494	(   1.312796   1.302193   1.2844     1.2466     1.1821     1.022    )	    0.661118
495	(   1.314096   1.301593   1.2821     1.2496     1.1835     1.0221   )	    0.517738
496	(   1.313796   1.300593   1.2802     1.2494     1.1839     1.0219   )	    0.528642
497	(   1.314396   1.301593   1.2828     1.2498     1.1844     1.0232   )	    0.513975
498	(   1.316196   1.302893   1.279      1.2441     1.1882     1.0126   )	    2.389902
499	(   1.309196   1.297493   1.2617     1.2571     1.1742     1.021    )	    5.930546
500	(   1.323696   1.308793   1.2707     1.2632     1.2033     1.0261   )	    6.164992
501	(   1.305196   1.310993   1.2911     1.2644     1.1662     1.0197   )	    7.962276
502	(   1.319296   1.292593   1.2936     1.2687     1.1616     1.0189   )	   11.878901
503	(   1.310796   1.298693   1.2849     1.2541     1.2333     1.0216   )	   19.00187 
504	(   1.313596   1.300893   1.2819     1.248      1.1828     1.0227   )	    0.523134
505	(   1.314016   1.300937   1.2816     1.2489     1.184      1.022569 )	    0.505679
506	(   1.314976   1.300769   1.2813     1.2495     1.1861     1.022476 )	    0.548544

BBE ( SOL ) OBJ
507	(   1.314011   1.300964   1.2816     1.2489     1.1841     1.022613 )	    0.505734
508	(   1.313874   1.300431   1.2813     1.2487     1.1841     1.023194 )	    0.512192
509	(   1.314591   1.295937   1.2801     1.2478     1.1853     1.022305 )	    0.721762
510	(   1.315244   1.301223   1.2785     1.2465     1.1868     1.027569 )	    0.923711
511	(   1.309756   1.301856   1.2716     1.2411     1.1929     1.020758 )	    2.71219 
512	(   1.317962   1.301856   1.2716     1.2578     1.1929     1.020758 )	    2.970076
513	(   1.319016   1.302101   1.2853     1.2391     1.1953     1.020274 )	    3.63995 
514	(   1.312411   1.300563   1.2857     1.2521     1.204      1.023305 )	    3.534734
515	(   1.313939   1.300951   1.2818     1.249      1.1834     1.022446 )	    0.509514
516	(   1.313996   1.301128   1.281687   1.248948   1.1841     1.022657 )	    0.506004
517	(   1.313448   1.300208   1.280429   1.247916   1.1833     1.02216  )	    0.512694
518	(   1.313685   1.300555   1.281022   1.248387   1.1836     1.02242  )	    0.507615
519	(   1.31367    1.30159    1.28041    1.248533   1.1826     1.024569 )	    0.607796
520	(   1.316016   1.302271   1.27917    1.248151   1.1811     1.022144 )	    0.643303
521	(   1.314248   1.300499   1.282398   1.2439     1.185      1.022708 )	    0.770964
522	(   1.315076   1.298937   1.277862   1.250023   1.1883     1.023206 )	    0.782566
523	(   1.315471   1.301146   1.2866     1.250441   1.19       1.023442 )	    0.877628
524	(   1.313498   1.301914   1.279819   1.248351   1.194      1.022258 )	    1.456666
525	(   1.314029   1.300832   1.281812   1.248995   1.1837     1.02232  )	    0.507642
526	(   1.31384    1.300655   1.281572   1.248832   1.184028   1.022523 )	    0.506238
527	(   1.31392    1.300739   1.281298   1.248654   1.184443   1.022588 )	    0.508447
528	(   1.313925   1.300792   1.281423   1.24874    1.184182   1.022553 )	    0.506306
529	(   1.314386   1.300336   1.281964   1.249293   1.182727   1.023569 )	    0.550551
530	(   1.314245   1.300565   1.281825   1.2469     1.183212   1.022396 )	    0.536704
531	(   1.314224   1.300599   1.2796     1.249121   1.183284   1.022412 )	    0.540793
532	(   1.315004   1.301937   1.280995   1.248246   1.186117   1.023032 )	    0.561254
533	(   1.313016   1.300961   1.280616   1.247836   1.187444   1.023323 )	    0.639381
534	(   1.314339   1.300412   1.281918   1.249244   1.189      1.022326 )	    0.724524
535	(   1.314014   1.300945   1.281636   1.248937   1.183891   1.022546 )	    0.505871
536	(   1.314072   1.301001   1.281739   1.248911   1.184159   1.022528 )	    0.506033
537	(   1.314058   1.301085   1.281855   1.249069   1.183911   1.022592 )	    0.506379
538	(   1.313959   1.300865   1.281531   1.248822   1.184114   1.022563 )	    0.505857
539	(   1.314516   1.300888   1.281647   1.249209   1.183756   1.022838 )	    0.510152
540	(   1.313973   1.301437   1.281621   1.249041   1.183888   1.022692 )	    0.508384
541	(   1.313842   1.300846   1.281687   1.24813    1.183546   1.023069 )	    0.515606
542	(   1.313996   1.300926   1.2806     1.248966   1.183948   1.022626 )	    0.513766
543	(   1.314321   1.301095   1.281448   1.2479     1.18479    1.022371 )	    0.523897
544	(   1.313961   1.300908   1.281628   1.249081   1.186      1.022726 )	    0.536089
545	(   1.31402    1.300936   1.281605   1.248923   1.18387    1.022534 )	    0.505882
546	(   1.313685   1.300639   1.281388   1.24862    1.183999   1.02232  )	    0.507018

BBE ( SOL ) OBJ
547	(   1.313934   1.300923   1.281481   1.248899   1.183866   1.022632 )	    0.506134
548	(   1.314037   1.300982   1.281674   1.248908   1.184086   1.022554 )	    0.505767
549	(   1.314023   1.300748   1.281528   1.248849   1.18392    1.02247  )	    0.505947
550	(   1.314016   1.300843   1.281568   1.248873   1.183965   1.022516 )	    0.505742
551	(   1.313998   1.300908   1.281598   1.248857   1.184182   1.022586 )	    0.505952
552	(   1.314015   1.300929   1.281603   1.248907   1.183948   1.022547 )	    0.505724
553	(   1.314216   1.300936   1.281601   1.2489     1.183998   1.022568 )	    0.505849
554	(   1.314017   1.300737   1.281513   1.248875   1.18418    1.022623 )	    0.506167
555	(   1.314016   1.300927   1.281664   1.2484     1.183868   1.022529 )	    0.507372
556	(   1.314017   1.300986   1.281278   1.248807   1.183194   1.022769 )	    0.513375
557	(   1.314017   1.300986   1.282035   1.248807   1.184664   1.022769 )	    0.510642
558	(   1.314017   1.301011   1.281115   1.248759   1.185      1.022576 )	    0.516691
559	(   1.314014   1.300888   1.281173   1.249001   1.183334   1.022367 )	    0.511027
560	(   1.314216   1.300947   1.281855   1.249069   1.184039   1.022769 )	    0.506585
561	(   1.314146   1.300999   1.281685   1.248974   1.183918   1.02256  )	    0.505915
562	(   1.314005   1.300898   1.281569   1.24886    1.184065   1.022562 )	    0.505711
563	(   1.313817   1.300915   1.281604   1.248882   1.184057   1.022553 )	    0.506045
564	(   1.314117   1.300931   1.281602   1.248896   1.184013   1.022564 )	    0.505698
565	(   1.314023   1.300852   1.281506   1.248871   1.183944   1.02257  )	    0.50574 
566	(   1.314046   1.300994   1.281592   1.248904   1.184058   1.022625 )	    0.505704
567	(   1.314047   1.301032   1.281682   1.248918   1.184117   1.022591 )	    0.505792
568	(   1.314029   1.300897   1.28155    1.248883   1.183987   1.022575 )	    0.505679
569	(   1.314065   1.300899   1.281572   1.248883   1.183924   1.022535 )	    0.505738
570	(   1.314025   1.300947   1.281593   1.248896   1.184056   1.022593 )	    0.505681
571	(   1.314065   1.300939   1.281566   1.248873   1.184112   1.022616 )	    0.50574 
572	(   1.314027   1.300932   1.281594   1.248898   1.183989   1.022564 )	    0.505677
573	(   1.314059   1.300917   1.281576   1.248893   1.183956   1.022551 )	    0.505697
574	(   1.313978   1.300997   1.281437   1.248811   1.183978   1.022446 )	    0.506041
575	(   1.314045   1.30086    1.281579   1.248884   1.183942   1.022514 )	    0.505761
576	(   1.314046   1.30096    1.281589   1.248899   1.184029   1.022597 )	    0.505669
577	(   1.314102   1.301046   1.281574   1.248902   1.18415    1.022696 )	    0.5059  
578	(   1.31406    1.300935   1.281576   1.248841   1.183995   1.022573 )	    0.505659
579	(   1.314103   1.300858   1.281539   1.248666   1.183894   1.022501 )	    0.505947
580	(   1.314056   1.300941   1.281576   1.248861   1.184005   1.022573 )	    0.505656
581	(   1.314043   1.300961   1.281575   1.248923   1.184034   1.02257  )	    0.50569 
582	(   1.314055   1.30094    1.281574   1.24886    1.184003   1.022572 )	    0.505656
583	(   1.314058   1.300984   1.281619   1.248871   1.18402    1.022575 )	    0.505672
584	(   1.314174   1.300929   1.281376   1.248804   1.183971   1.02265  )	    0.506115
585	(   1.314042   1.300441   1.281572   1.248868   1.184009   1.022563 )	    0.507571
586	(   1.313987   1.300949   1.281555   1.248361   1.184025   1.022528 )	    0.507633

BBE ( SOL ) OBJ
587	(   1.314016   1.300945   1.281564   1.248881   1.183505   1.022547 )	    0.507807
588	(   1.314256   1.300888   1.28173    1.248613   1.183856   1.022906 )	    0.508565
589	(   1.313959   1.300952   1.281547   1.248909   1.184033   1.023073 )	    0.508579
590	(   1.314054   1.300947   1.281579   1.248869   1.184012   1.022564 )	    0.505658
591	(   1.314052   1.300939   1.281573   1.248858   1.184002   1.022572 )	    0.505656
592	(   1.31405    1.300903   1.281536   1.248859   1.183996   1.022576 )	    0.505669
593	(   1.314052   1.300923   1.281557   1.248862   1.184002   1.022575 )	    0.505659
594	(   1.313956   1.300923   1.281585   1.248796   1.184027   1.022578 )	    0.505765
595	(   1.314066   1.300914   1.281476   1.248765   1.184038   1.022581 )	    0.505772
596	(   1.314053   1.300949   1.281572   1.248888   1.183996   1.022773 )	    0.506128
597	(   1.314069   1.300905   1.281594   1.248736   1.183805   1.022584 )	    0.506029
598	(   1.314066   1.301141   1.28159    1.248763   1.184039   1.022581 )	    0.506053
599	(   1.313997   1.301108   1.281494   1.249056   1.183805   1.022521 )	    0.507036
600	(   1.314057   1.300938   1.281577   1.248863   1.184008   1.022571 )	    0.505656
601	(   1.314054   1.30094    1.281575   1.24886    1.184004   1.022573 )	    0.505656
602	(   1.31405    1.300947   1.281575   1.248883   1.184016   1.022568 )	    0.505661
603	(   1.314057   1.300938   1.281576   1.248851   1.184001   1.022572 )	    0.505657
604	(   1.31404    1.300944   1.281526   1.248816   1.184012   1.022549 )	    0.505687
605	(   1.314054   1.300841   1.281577   1.248855   1.184006   1.022569 )	    0.505734
606	(   1.31405    1.300942   1.281579   1.248846   1.183905   1.022564 )	    0.50573 
607	(   1.314006   1.30095    1.281603   1.248856   1.184026   1.022497 )	    0.505764
608	(   1.314029   1.300946   1.28159    1.248784   1.184016   1.022673 )	    0.50584 
609	(   1.314091   1.300947   1.281595   1.248761   1.18402    1.02252  )	    0.505798
610	(   1.314057   1.300942   1.281576   1.248864   1.184005   1.022573 )	    0.505656
611	(   1.314016   1.300961   1.281536   1.248791   1.183965   1.022561 )	    0.505705
612	(   1.314053   1.300942   1.281575   1.248871   1.184009   1.022572 )	    0.505657
613	(   1.314054   1.300941   1.281575   1.248866   1.184007   1.022572 )	    0.505656
614	(   1.314056   1.300944   1.281575   1.248858   1.184003   1.022623 )	    0.505685
615	(   1.314076   1.300936   1.281577   1.248867   1.184009   1.022573 )	    0.50566 
616	(   1.314052   1.300891   1.281589   1.248847   1.184048   1.022577 )	    0.505702
617	(   1.314059   1.300907   1.281565   1.248811   1.18397    1.022569 )	    0.505679
618	(   1.314054   1.300918   1.281556   1.24889    1.184025   1.022575 )	    0.505671
619	(   1.314059   1.300979   1.281566   1.248815   1.184055   1.022569 )	    0.50572 
620	(   1.314056   1.300943   1.281578   1.248862   1.184002   1.022572 )	    0.505656
621	(   1.314046   1.300918   1.281588   1.248855   1.183995   1.022597 )	    0.505673
622	(   1.314056   1.300939   1.281576   1.248856   1.184003   1.022572 )	    0.505656
623	(   1.314056   1.30094    1.281576   1.248859   1.184004   1.022572 )	    0.505656
624	(   1.314058   1.300924   1.28158    1.248845   1.183985   1.022581 )	    0.505665
625	(   1.314046   1.30094    1.281575   1.24886    1.184003   1.022573 )	    0.505657
626	(   1.314057   1.300932   1.281569   1.248881   1.183994   1.022577 )	    0.505664

BBE ( SOL ) OBJ
627	(   1.314055   1.300945   1.281579   1.248865   1.184009   1.022593 )	    0.50566 
628	(   1.314057   1.300928   1.281566   1.248849   1.184023   1.022579 )	    0.505662
629	(   1.314055   1.300921   1.281584   1.248872   1.184018   1.022567 )	    0.505663
630	(   1.314053   1.300967   1.281591   1.248862   1.184001   1.02256  )	    0.505664
631	(   1.314046   1.300921   1.281575   1.248845   1.184008   1.022564 )	    0.505661
632	(   1.314055   1.300941   1.281575   1.248863   1.184006   1.022572 )	    0.505656
633	(   1.314052   1.300931   1.281574   1.24886    1.184005   1.022573 )	    0.505657
634	(   1.314061   1.300937   1.281573   1.248863   1.184005   1.022573 )	    0.505656
635	(   1.314058   1.300935   1.281581   1.248864   1.184005   1.022573 )	    0.505657
636	(   1.314055   1.300942   1.281575   1.248871   1.184005   1.022573 )	    0.505657
637	(   1.314056   1.300941   1.281576   1.248861   1.183995   1.022573 )	    0.505657
638	(   1.314056   1.300941   1.281576   1.248861   1.184005   1.022563 )	    0.505657
639	(   1.314059   1.300951   1.281578   1.248859   1.184005   1.022583 )	    0.505657
640	(   1.314052   1.300945   1.281579   1.24886    1.184      1.022565 )	    0.505657
641	(   1.314058   1.300942   1.281575   1.248861   1.184005   1.022573 )	    0.505656
642	(   1.314056   1.300936   1.281575   1.248861   1.184005   1.022573 )	    0.505656
643	(   1.314057   1.300939   1.281578   1.248866   1.184004   1.022571 )	    0.505656
644	(   1.314056   1.30094    1.281578   1.248856   1.184005   1.022572 )	    0.505656
645	(   1.314056   1.300941   1.281576   1.248861   1.184      1.022573 )	    0.505656
646	(   1.314056   1.300942   1.281576   1.248861   1.184005   1.022568 )	    0.505656
647	(   1.314054   1.300941   1.281577   1.248862   1.184005   1.022572 )	    0.505656
648	(   1.314057   1.300942   1.281576   1.248863   1.184006   1.022575 )	    0.505656
649	(   1.314056   1.300943   1.281576   1.248861   1.184005   1.022572 )	    0.505656
650	(   1.314056   1.300941   1.281577   1.248861   1.184005   1.022572 )	    0.505656
651	(   1.314056   1.300941   1.281576   1.248863   1.184005   1.022571 )	    0.505656
652	(   1.314056   1.300941   1.281576   1.248861   1.184007   1.022572 )	    0.505656
653	(   1.314057   1.30094    1.281576   1.24886    1.184004   1.022573 )	    0.505656
654	(   1.314053   1.300941   1.281576   1.248861   1.184004   1.022573 )	    0.505656
655	(   1.314056   1.300941   1.281576   1.248861   1.184005   1.022573 )	    0.505656
656	(   1.314056   1.300942   1.281576   1.248862   1.184006   1.022572 )	    0.505656
657	(   1.314056   1.300941   1.281577   1.248862   1.184005   1.022572 )	    0.505656
658	(   1.314056   1.300942   1.281576   1.248862   1.184005   1.022573 )	    0.505656
659	(   1.314056   1.300942   1.281576   1.248861   1.184006   1.022574 )	    0.505656
660	(   1.314056   1.30094    1.281576   1.248862   1.184006   1.022573 )	    0.505656
661	(   1.314055   1.30094    1.281576   1.248859   1.184003   1.022572 )	    0.505656
662	(   1.314057   1.300941   1.281577   1.24886    1.184004   1.022572 )	    0.505656
663	(   1.314057   1.300941   1.281577   1.248861   1.184004   1.022572 )	    0.505656
664	(   1.314056   1.300941   1.281576   1.248862   1.184005   1.022573 )	    0.505656
665	(   1.314056   1.300942   1.281576   1.248861   1.184005   1.022573 )	    0.505656
666	(   1.314056   1.300941   1.281576   1.248861   1.184005   1.022573 )	    0.505656

BBE ( SOL ) OBJ
667	(   1.314056   1.300941   1.281576   1.248862   1.184005   1.022573 )	    0.505656
668	(   1.314056   1.300941   1.281576   1.248861   1.184006   1.022573 )	    0.505656
669	(   1.314056   1.300942   1.281576   1.248862   1.184005   1.022573 )	    0.505656
670	(   1.314056   1.300941   1.281576   1.248861   1.184005   1.022571 )	    0.505656
671	(   1.314056   1.300943   1.281577   1.248861   1.184004   1.022572 )	    0.505656
672	(   1.314056   1.300942   1.281576   1.248861   1.184005   1.022572 )	    0.505656
673	(   1.314056   1.300941   1.281576   1.248861   1.184005   1.022573 )	    0.505656
674	(   1.314056   1.300942   1.281576   1.248861   1.184005   1.022573 )	    0.505656
675	(   1.314056   1.300941   1.281576   1.248861   1.184005   1.022573 )	    0.505656
676	(   1.314056   1.300941   1.281576   1.248862   1.184005   1.022573 )	    0.505656
677	(   1.314056   1.300941   1.281576   1.248861   1.184005   1.022573 )	    0.505656
678	(   1.314056   1.300941   1.281576   1.248861   1.184005   1.022573 )	    0.505656
679	(   1.314056   1.300941   1.281576   1.248861   1.184005   1.022572 )	    0.505656
680	(   1.314056   1.300941   1.281576   1.248861   1.184005   1.022573 )	    0.505656
681	(   1.314056   1.300941   1.281576   1.248861   1.184005   1.022573 )	    0.505656
682	(   1.314056   1.300941   1.281576   1.248861   1.184005   1.022573 )	    0.505656
683	(   1.314056   1.300941   1.281576   1.248861   1.184005   1.022573 )	    0.505656
684	(   1.314056   1.300941   1.281576   1.248861   1.184005   1.022573 )	    0.505656
685	(   1.314056   1.300941   1.281576   1.248862   1.184005   1.022573 )	    0.505656
686	(   1.314056   1.300941   1.281576   1.248861   1.184005   1.022573 )	    0.505656
687	(   1.314056   1.300941   1.281576   1.248862   1.184005   1.022573 )	    0.505656
688	(   1.314056   1.300941   1.281576   1.248861   1.184005   1.022572 )	    0.505656
689	(   1.314056   1.300942   1.281576   1.248862   1.184005   1.022572 )	    0.505656
690	(   1.314056   1.300941   1.281576   1.248862   1.184005   1.022573 )	    0.505656
691	(   1.314056   1.300941   1.281576   1.248861   1.184005   1.022573 )	    0.505656
692	(   1.314056   1.300941   1.281576   1.248861   1.184005   1.022573 )	    0.505656
693	(   1.314056   1.300941   1.281576   1.248861   1.184005   1.022573 )	    0.505656
694	(   1.314056   1.300941   1.281576   1.248861   1.184005   1.022573 )	    0.505656
695	(   1.314056   1.300941   1.281576   1.248861   1.184005   1.022573 )	    0.505656
696	(   1.314056   1.300941   1.281576   1.248861   1.184005   1.022573 )	    0.505656
697	(   1.314056   1.300941   1.281576   1.248861   1.184005   1.022572 )	    0.505656
698	(   1.314056   1.300941   1.281576   1.248861   1.184005   1.022573 )	    0.505656
699	(   1.314056   1.300941   1.281576   1.248861   1.184005   1.022573 )	    0.505656
700	(   1.314056   1.300941   1.281576   1.248861   1.184005   1.022573 )	    0.505656
701	(   1.314056   1.300941   1.281576   1.248861   1.184005   1.022573 )	    0.505656
702	(   1.314056   1.300941   1.281576   1.248861   1.184005   1.022573 )	    0.505656
703	(   1.314056   1.300941   1.281576   1.248861   1.184005   1.022573 )	    0.505656
704	(   1.314056   1.300941   1.281576   1.248861   1.184005   1.022573 )	    0.505656
705	(   1.314056   1.300941   1.281576   1.248861   1.184005   1.022573 )	    0.505656
706	(   1.314056   1.300941   1.281576   1.248861   1.184005   1.022573 )	    0.505656

BBE ( SOL ) OBJ
707	(   1.314056   1.300941   1.281576   1.248861   1.184005   1.022573 )	    0.505656
708	(   1.314056   1.300941   1.281576   1.248861   1.184005   1.022573 )	    0.505656
709	(   1.314056   1.300941   1.281576   1.248861   1.184005   1.022573 )	    0.505656
710	(   1.314056   1.300941   1.281576   1.248861   1.184005   1.022573 )	    0.505656
711	(   1.314056   1.300941   1.281576   1.248861   1.184005   1.022573 )	    0.505656
712	(   1.314056   1.300941   1.281576   1.248861   1.184005   1.022573 )	    0.505656
713	(   1.314056   1.300941   1.281576   1.248861   1.184005   1.022573 )	    0.505656
714	(   1.314056   1.300941   1.281576   1.248861   1.184005   1.022573 )	    0.505656
715	(   1.314056   1.300941   1.281576   1.248861   1.184005   1.022573 )	    0.505656
716	(   1.314056   1.300941   1.281576   1.248861   1.184005   1.022573 )	    0.505656
717	(   1.314056   1.300941   1.281576   1.248861   1.184005   1.022573 )	    0.505656
718	(   1.314056   1.300941   1.281576   1.248861   1.184005   1.022573 )	    0.505656
719	(   1.314056   1.300941   1.281576   1.248861   1.184005   1.022573 )	    0.505656
720	(   1.314056   1.300941   1.281576   1.248861   1.184005   1.022573 )	    0.505656
721	(   1.314056   1.300941   1.281576   1.248861   1.184005   1.022573 )	    0.505656
722	(   1.314056   1.300941   1.281576   1.248861   1.184005   1.022573 )	    0.505656
723	(   1.314056   1.300941   1.281576   1.248861   1.184005   1.022573 )	    0.505656
724	(   1.314056   1.300941   1.281576   1.248861   1.184005   1.022573 )	    0.505656
725	(   1.314056   1.300941   1.281576   1.248861   1.184005   1.022573 )	    0.505656
726	(   1.314056   1.300941   1.281576   1.248861   1.184005   1.022573 )	    0.505656
727	(   1.314056   1.300941   1.281576   1.248861   1.184005   1.022573 )	    0.505656
728	(   1.314056   1.300941   1.281576   1.248861   1.184005   1.022573 )	    0.505656
729	(   1.314056   1.300941   1.281576   1.248861   1.184005   1.022573 )	    0.505656
730	(   1.314056   1.300941   1.281576   1.248861   1.184005   1.022573 )	    0.505656
731	(   1.314056   1.300941   1.281576   1.248861   1.184005   1.022573 )	    0.505656
732	(   1.314056   1.300941   1.281576   1.248861   1.184005   1.022573 )	    0.505656
733	(   1.314056   1.300941   1.281576   1.248861   1.184005   1.022573 )	    0.505656
734	(   1.314056   1.300941   1.281576   1.248861   1.184005   1.022573 )	    0.505656
735	(   1.314056   1.300941   1.281576   1.248861   1.184005   1.022573 )	    0.505656
736	(   1.314056   1.300941   1.281576   1.248861   1.184005   1.022573 )	    0.505656
737	(   1.314056   1.300941   1.281576   1.248861   1.184005   1.022573 )	    0.505656
738	(   1.314056   1.300941   1.281576   1.248861   1.184005   1.022573 )	    0.505656
739	(   1.314056   1.300941   1.281576   1.248861   1.184005   1.022573 )	    0.505656
740	(   1.314056   1.300941   1.281576   1.248861   1.184005   1.022573 )	    0.505656
741	(   1.314056   1.300941   1.281576   1.248861   1.184005   1.022573 )	    0.505656
742	(   1.314056   1.300941   1.281576   1.248861   1.184005   1.022573 )	    0.505656
743	(   1.314056   1.300941   1.281576   1.248861   1.184005   1.022573 )	    0.505656
744	(   1.314056   1.300941   1.281576   1.248861   1.184005   1.022573 )	    0.505656
745	(   1.314056   1.300941   1.281576   1.248861   1.184005   1.022573 )	    0.505656
746	(   1.314056   1.300941   1.281576   1.248861   1.184005   1.022573 )	    0.505656

BBE ( SOL ) OBJ
747	(   1.314056   1.300941   1.281576   1.248861   1.184005   1.022573 )	    0.505656
748	(   1.314056   1.300941   1.281576   1.248861   1.184005   1.022573 )	    0.505656
749	(   1.314056   1.300941   1.281576   1.248861   1.184005   1.022573 )	    0.505656
750	(   1.314056   1.300941   1.281576   1.248861   1.184005   1.022573 )	    0.505656
751	(   1.314056   1.300941   1.281576   1.248861   1.184005   1.022573 )	    0.505656
752	(   1.314056   1.300941   1.281576   1.248861   1.184005   1.022573 )	    0.505656
753	(   1.314056   1.300941   1.281576   1.248861   1.184005   1.022573 )	    0.505656
754	(   1.314056   1.300941   1.281576   1.248861   1.184005   1.022573 )	    0.505656
755	(   1.314056   1.300941   1.281576   1.248861   1.184005   1.022573 )	    0.505656
756	(   1.314056   1.300941   1.281576   1.248861   1.184005   1.022573 )	    0.505656
757	(   1.314056   1.300941   1.281576   1.248861   1.184005   1.022573 )	    0.505656
758	(   1.314056   1.300941   1.281576   1.248861   1.184005   1.022573 )	    0.505656
759	(   1.314056   1.300941   1.281576   1.248861   1.184005   1.022573 )	    0.505656
760	(   1.314056   1.300941   1.281576   1.248861   1.184005   1.022573 )	    0.505656
761	(   1.314056   1.300941   1.281576   1.248861   1.184005   1.022573 )	    0.505656
762	(   1.314056   1.300941   1.281576   1.248861   1.184005   1.022573 )	    0.505656
763	(   1.314056   1.300941   1.281576   1.248861   1.184005   1.022573 )	    0.505656
764	(   1.314056   1.300941   1.281576   1.248861   1.184005   1.022573 )	    0.505656
765	(   1.314056   1.300941   1.281576   1.248861   1.184005   1.022573 )	    0.505656
766	(   1.314056   1.300941   1.281576   1.248861   1.184005   1.022573 )	    0.505656
767	(   1.314056   1.300941   1.281576   1.248861   1.184005   1.022573 )	    0.505656
768	(   1.314056   1.300941   1.281576   1.248861   1.184005   1.022573 )	    0.505656
769	(   1.314056   1.300941   1.281576   1.248861   1.184005   1.022573 )	    0.505656
770	(   1.314056   1.300941   1.281576   1.248861   1.184005   1.022573 )	    0.505656
771	(   1.314056   1.300941   1.281576   1.248861   1.184005   1.022573 )	    0.505656
772	(   1.314056   1.300941   1.281576   1.248861   1.184005   1.022573 )	    0.505656
773	(   1.314056   1.300941   1.281576   1.248861   1.184005   1.022573 )	    0.505656
774	(   1.314056   1.300941   1.281576   1.248861   1.184005   1.022573 )	    0.505656
775	(   1.314056   1.300941   1.281576   1.248861   1.184005   1.022573 )	    0.505656
776	(   1.314056   1.300941   1.281576   1.248861   1.184005   1.022573 )	    0.505656
777	(   1.314056   1.300941   1.281576   1.248861   1.184005   1.022573 )	    0.505656
778	(   1.314056   1.300941   1.281576   1.248861   1.184005   1.022573 )	    0.505656
779	(   1.314056   1.300941   1.281576   1.248861   1.184005   1.022573 )	    0.505656
780	(   1.314056   1.300941   1.281576   1.248861   1.184005   1.022573 )	    0.505656
781	(   1.314056   1.300941   1.281576   1.248861   1.184005   1.022573 )	    0.505656
782	(   1.314056   1.300941   1.281576   1.248861   1.184005   1.022573 )	    0.505656
783	(   1.314056   1.300941   1.281576   1.248861   1.184005   1.022573 )	    0.505656
784	(   1.314056   1.300941   1.281576   1.248861   1.184005   1.022573 )	    0.505656
785	(   1.314056   1.300941   1.281576   1.248861   1.184005   1.022573 )	    0.505656
786	(   1.314056   1.300941   1.281576   1.248861   1.184005   1.022573 )	    0.505656

BBE ( SOL ) OBJ
787	(   1.314056   1.300941   1.281576   1.248861   1.184005   1.022573 )	    0.505656
788	(   1.314056   1.300941   1.281576   1.248861   1.184005   1.022573 )	    0.505656
789	(   1.314056   1.300941   1.281576   1.248861   1.184005   1.022573 )	    0.505656
790	(   1.314056   1.300941   1.281576   1.248861   1.184005   1.022573 )	    0.505656
791	(   1.314056   1.300941   1.281576   1.248861   1.184005   1.022573 )	    0.505656
792	(   1.314056   1.300941   1.281576   1.248861   1.184005   1.022573 )	    0.505656
793	(   1.314056   1.300941   1.281576   1.248861   1.184005   1.022573 )	    0.505656
794	(   1.314056   1.300941   1.281576   1.248861   1.184005   1.022573 )	    0.505656
795	(   1.314056   1.300941   1.281576   1.248861   1.184005   1.022573 )	    0.505656
796	(   1.314056   1.300941   1.281576   1.248861   1.184005   1.022573 )	    0.505656
797	(   1.314056   1.300941   1.281576   1.248861   1.184005   1.022573 )	    0.505656
798	(   1.314056   1.300941   1.281576   1.248861   1.184005   1.022573 )	    0.505656
799	(   1.314056   1.300941   1.281576   1.248861   1.184005   1.022573 )	    0.505656
800	(   1.314056   1.300941   1.281576   1.248861   1.184005   1.022573 )	    0.505656
801	(   1.314056   1.300941   1.281576   1.248861   1.184005   1.022573 )	    0.505656
802	(   1.314056   1.300941   1.281576   1.248861   1.184005   1.022573 )	    0.505656
803	(   1.314056   1.300941   1.281576   1.248861   1.184005   1.022573 )	    0.505656
804	(   1.314056   1.300941   1.281576   1.248861   1.184005   1.022573 )	    0.505656
805	(   1.314056   1.300941   1.281576   1.248861   1.184005   1.022573 )	    0.505656
806	(   1.314056   1.300941   1.281576   1.248861   1.184005   1.022573 )	    0.505656
807	(   1.314056   1.300941   1.281576   1.248861   1.184005   1.022573 )	    0.505656
808	(   1.314056   1.300941   1.281576   1.248861   1.184005   1.022573 )	    0.505656
809	(   1.314056   1.300941   1.281576   1.248861   1.184005   1.022573 )	    0.505656
810	(   1.314056   1.300941   1.281576   1.248861   1.184005   1.022573 )	    0.505656
811	(   1.314056   1.300941   1.281576   1.248861   1.184005   1.022573 )	    0.505656
812	(   1.314056   1.300941   1.281576   1.248861   1.184005   1.022573 )	    0.505656
813	(   1.314056   1.300941   1.281576   1.248861   1.184005   1.022573 )	    0.505656
814	(   1.314056   1.300941   1.281576   1.248861   1.184005   1.022573 )	    0.505656
815	(   1.314056   1.300941   1.281576   1.248861   1.184005   1.022573 )	    0.505656
816	(   1.314056   1.300941   1.281576   1.248861   1.184005   1.022573 )	    0.505656
817	(   1.314056   1.300941   1.281576   1.248861   1.184005   1.022573 )	    0.505656
818	(   1.314056   1.300941   1.281576   1.248861   1.184005   1.022573 )	    0.505656
819	(   1.314056   1.300941   1.281576   1.248861   1.184005   1.022573 )	    0.505656
820	(   1.314056   1.300941   1.281576   1.248861   1.184005   1.022573 )	    0.505656
821	(   1.314056   1.300941   1.281576   1.248861   1.184005   1.022573 )	    0.505656
822	(   1.314056   1.300941   1.281576   1.248861   1.184005   1.022573 )	    0.505656
823	(   1.314056   1.300941   1.281576   1.248861   1.184005   1.022573 )	    0.505656
824	(   1.314056   1.300941   1.281576   1.248861   1.184005   1.022573 )	    0.505656
825	(   1.314056   1.300941   1.281576   1.248861   1.184005   1.022573 )	    0.505656
826	(   1.314056   1.300941   1.281576   1.248861   1.184005   1.022573 )	    0.505656

BBE ( SOL ) OBJ
827	(   1.314056   1.300941   1.281576   1.248861   1.184005   1.022573 )	    0.505656
828	(   1.314056   1.300941   1.281576   1.248861   1.184005   1.022573 )	    0.505656
829	(   1.314056   1.300941   1.281576   1.248861   1.184005   1.022573 )	    0.505656
830	(   1.314056   1.300941   1.281576   1.248861   1.184005   1.022573 )	    0.505656
831	(   1.314056   1.300941   1.281576   1.248861   1.184005   1.022573 )	    0.505656
832	(   1.314056   1.300941   1.281576   1.248861   1.184005   1.022573 )	    0.505656
833	(   1.314056   1.300941   1.281576   1.248861   1.184005   1.022573 )	    0.505656
834	(   1.314056   1.300941   1.281576   1.248861   1.184005   1.022573 )	    0.505656
835	(   1.314056   1.300941   1.281576   1.248861   1.184005   1.022573 )	    0.505656
836	(   1.314056   1.300941   1.281576   1.248861   1.184005   1.022573 )	    0.505656
837	(   1.314056   1.300941   1.281576   1.248861   1.184005   1.022573 )	    0.505656
838	(   1.314056   1.300941   1.281576   1.248861   1.184005   1.022573 )	    0.505656
839	(   1.314056   1.300941   1.281576   1.248861   1.184005   1.022573 )	    0.505656
840	(   1.314056   1.300941   1.281576   1.248861   1.184005   1.022573 )	    0.505656
841	(   1.314056   1.300941   1.281576   1.248861   1.184005   1.022573 )	    0.505656
842	(   1.314056   1.300941   1.281576   1.248861   1.184005   1.022573 )	    0.505656
843	(   1.314056   1.300941   1.281576   1.248861   1.184005   1.022573 )	    0.505656
844	(   1.314056   1.300941   1.281576   1.248861   1.184005   1.022573 )	    0.505656
845	(   1.314056   1.300941   1.281576   1.248861   1.184005   1.022573 )	    0.505656
846	(   1.314056   1.300941   1.281576   1.248861   1.184005   1.022573 )	    0.505656
847	(   1.314056   1.300941   1.281576   1.248861   1.184005   1.022573 )	    0.505656
A termination criterion is reached: No termination (all). Mesh minimum precision reached (Algo)

Best feasible solution:     #98611 ( 1.31406 1.30094 1.28158 1.24886 1.18401 1.02257 )	Evaluation OK	 f =   0.50565599999999999437	 h =   0                     

Best infeasible solution:   Undefined.

Blackbox evaluations:         847
Total model evaluations:      116235
Cache hits:                   64
Total number of evaluations:  911
