1	(   0        )	  1.341471
2	(   1        )	  3.366115
3	(   0.5      )	  2.017953
4	(   0.25     )	  1.623543
5	(   0.13     )	  1.480283
6	(   0.07     )	  1.414982
7	(   0.04     )	  1.383252
8	(   0.02     )	  1.36231 
9	(   0.01     )	  1.351881
10	(   0.2      )	  1.561279
11	(   0.1      )	  1.447262
12	(   0.005    )	  1.346674
13	(   0.0025   )	  1.344072
14	(   0.0013   )	  1.342823
15	(   0.0007   )	  1.342199
16	(   0.0004   )	  1.341887
17	(   0.05     )	  1.393779
18	(   0.0002   )	  1.341679
19	(   0.0001   )	  1.341575
20	(   0.00005  )	  1.341523
21	(   0.000025 )	  1.341497
22	(   0.000013 )	  1.341485
23	(   0.002    )	  1.343552
24	(   0.000007 )	  1.341478
25	(   0.001    )	  1.342511
26	(   0.000003 )	  1.341475
27	(   0.0005   )	  1.341991
28	(   0.000002 )	  1.341473
29	(   0.000001 )	  1.341472
30	(   0.0      )	  1.341471
31	(   0.0      )	  1.341471

BBE ( SOL ) OBJ
32	(   0.00002  )	  1.341492
33	(   0.00001  )	  1.341481
34	(   0.000005 )	  1.341476
35	(   0.000002 )	  1.341473
36	(   0.000001 )	  1.341472
37	(   0.0      )	  1.341472
38	(   0.0      )	  1.341471
39	(   0.0      )	  1.341471
40	(   0.0      )	  1.341471
41	(   0.0      )	  1.341471
42	(   0.0      )	  1.341471
43	(   0.0      )	  1.341471
44	(   0.0      )	  1.341471
45	(   0.0      )	  1.341471
46	(   0.0      )	  1.341471
47	(   0.0      )	  1.341471
48	(   0.0      )	  1.341471
49	(   0.0      )	  1.341471
50	(   0.0      )	  1.341471
51	(   0.0      )	  1.341471
52	(   0.0      )	  1.341471
53	(   0.0      )	  1.341471
54	(   0.0      )	  1.341471
55	(   0.0      )	  1.341471
56	(   0.0      )	  1.341471
57	(   0.0      )	  1.341471
58	(   0.0      )	  1.341471
59	(   0.0      )	  1.341471
60	(   0.0      )	  1.341471
61	(   0.0      )	  1.341471
62	(   0.0      )	  1.341471
A termination criterion is reached: No termination (all). Mesh minimum precision reached (Algo)

Best feasible solution:     #0 ( 0 )	Evaluation OK	 f =   1.34147100000000008   	 h =   0                     

Best infeasible solution:   Undefined.

Blackbox evaluations:         62
Total model evaluations:      4723
Cache hits:                   101
Total number of evaluations:  163
