1	(   0          0          0          0          0          0          0          0          0        )	1e+20       
2	(   1          0          0          0          0          0          0          0          1        )	1e+20       
3	(   0          0          0          0          0          0          0          1          0        )	1e+20       
4	(   0          1          0          0          0          0          0          0          0        )	1e+20       
5	(   0          0          1          0          0          0          0          0          0        )	1e+20       
6	(   0          0          0          1          0          0          0          0          0        )	1e+20       
7	(   0          0          0          0          1          0          0          0          0        )	1e+20       
8	(   0          0          0          0          0          1          0          0          0        )	1e+20       
9	(   0          0          0          0          0          0          1          0          0        )	1e+20       
10	(   0          0          0          0          0          0          0          1          1        )	1e+20       
11	(   0.22       0.22       0.22       0.22       0.22       0.22       0.22       0          0        )	1e+20       
12	(   0.17       0.17       0.17       0.17       0.17       0.17       0.17       0          0        )	1e+20       
13	(   0.5        0          0.04       0          0          0          0          0          0        )	1e+20       
14	(   0          0.01       0          0          0          0.02       0.03       0          0.01     )	1e+20       
15	(   0          0.5        0.21       0.02       0          0          0          0          0        )	1e+20       
16	(   0.02       0          0          0          0.01       0.09       0.19       0          0.03     )	1e+20       
17	(   0.04       0.22       0.06       0          0.02       0.23       0.5        0.01       0.09     )	1e+20       
18	(   0          0          0          0.04       0          0          0          0          0        )	1e+20       
19	(   0          0.01       0          0.5        0          0.01       0.03       0          0.01     )	1e+20       
20	(   0          0          0.03       0          0          0          0          0          0        )	1e+20       
21	(   0          0          0.02       0          0.5        0          0          0          0        )	1e+20       
22	(   0.06       0.06       0.06       0.06       0.06       0.06       0.06       0.56       0.56     )	1e+20       
23	(   0.2        0          0          0          0          0.01       0.02       0          0        )	1e+20       
24	(   0          0.04       0.06       0.02       0.05       0          0          0.04       0        )	1e+20       
25	(   0          0.2        0          0          0          0.01       0.05       0          0        )	1e+20       
26	(   0.04       0          0.11       0.04       0.1        0          0          0.07       0.01     )	1e+20       
27	(   0          0          0.14       0          0          0.02       0.1        0          0        )	1e+20       
28	(   0.09       0.14       0          0.09       0.2        0          0          0.15       0.01     )	1e+20       
29	(   0          0          0          0.2        0          0.01       0.02       0          0        )	1e+20       
30	(   0          0          0          0          0.18       0.02       0.09       0          0        )	1e+20       
31	(   0.08       0.13       0.2        0.08       0          0          0          0.14       0.01     )	1e+20       
32	(   0.17       0.21       0.09       0.17       0.06       0.13       0.22      -0          0.03     )	1e+20       
33	(   0.13       0.16       0.07       0.13       0.04       0.1        0.16      -0          0.02     )	1e+20       
34	(   0.1        0          0          0          0          0          0.02       0          0.01     )	1e+20       
35	(   0          0.01       0          0          0          0          0          0          0        )	1e+20       
36	(   0          0.1        0.01       0          0.01       0          0.08       0          0.05     )	1e+20       
37	(   0.01       0          0          0          0          0.02       0          0.01       0        )	1e+20       
38	(   0          0.01       0.1        0          0          0          0          0          0        )	1e+20       

BBE ( SOL ) OBJ
39	(   0          0          0          0          0          0          0.02       0          0.01     )	1e+20       
40	(   0          0          0          0.1        0          0          0          0          0        )	1e+20       
41	(   0          0          0          0          0          0          0.01       0          0        )	1e+20       
42	(   0          0          0          0          0          0.1        0.03       0          0.02     )	1e+20       
43	(   0.0578     0.1044     0          0.0222     0          0.0778     0.1133     0          0        )	1e+20       
44	(   0.0533     0.0783     0          0.0267     0          0.0583     0.085      0          0.0017   )	1e+20       
45	(   0.05       0.0001     0          0.0001     0          0          0          0          0.0001   )	1e+20       
46	(   0          0          0          0          0          0          0.0002     0.0001     0        )	1e+20       
47	(   0.0001     0.05       0          0          0.0029     0.0077     0.0293     0.0121     0        )	1e+20       
48	(   0          0          0.0023     0.0115     0          0          0          0          0.015    )	1e+20       
49	(   0          0          0.05       0          0.0004     0.0011     0.0042     0.0018     0        )	1e+20       
50	(   0          0.0018     0          0.0017     0          0          0          0          0.0022   )	1e+20       
51	(   0.0001     0          0          0.05       0.0025     0.0066     0.0252     0.0104     0        )	1e+20       
52	(   0          0.0109     0.002      0          0          0          0          0          0.0129   )	1e+20       
53	(   0          0.0023     0.0004     0.0021     0.05       0          0          0          0.0027   )	1e+20       
54	(   0.06       0.0367     0.0911     0.0511     0.0422     0.0311     0.0689     0.0244     0.0111   )	1e+20       
55	(   0.045      0.03       0.0683     0.0383     0.0317     0.0233     0.0517     0.0183     0.0083   )	1e+20       
56	(   0.02       0.0012     0.0002     0          0.0014     0          0          0          0        )	1e+20       
57	(   0          0          0          0.002      0          0.0009     0.0007     0.0006     0.0017   )	1e+20       
58	(   0.0017     0.02       0          0.011      0          0.0049     0.004      0.0036     0.0094   )	1e+20       
59	(   0          0          0.001      0          0.0078     0          0          0          0        )	1e+20       
60	(   0.0002     0          0.02       0.0012     0          0.0005     0.0004     0.0004     0.001    )	1e+20       
61	(   0          0.0007     0          0          0.0008     0          0          0          0        )	1e+20       
62	(   0          0.0148     0.0021     0.0127     0.0165     0          0          0          0        )	1e+20       
63	(   0.0035     0          0          0          0          0.0104     0.0086     0.0077     0.02     )	1e+20       
64	(   0.002      0          0          0.0135     0.02       0.0059     0.0049     0.0044     0.0115   )	1e+20       
65	(   0          0.0132     0.02       0.0132     0.0111     0.0089     0.0133     0.0111     0.0043   )	1e+20       
66	(   0          0.01       0.015      0.01       0.0083     0.0067     0.01       0.0083     0.0033   )	1e+20       
67	(   0.01       0          0          0.0007     0          0.0024     0          0.0014     0        )	1e+20       
68	(   0          0.0019     0.0001     0          0.0002     0          0.0032     0          0.0005   )	1e+20       
69	(   0          0.01       0          0.0017     0          0.0057     0          0.0034     0        )	1e+20       
70	(   0.0026     0          0.0003     0          0.0005     0          0.0077     0          0.0011   )	1e+20       
71	(   0          0          0.01       0.0001     0          0.0002     0          0.0001     0        )	1e+20       
72	(   0.0001     0.0002     0          0          0          0          0.0003     0          0        )	1e+20       
73	(   0.0007     0.0012     0.0001     0.01       0.0001     0          0.002      0          0.0003   )	1e+20       
74	(   0          0          0          0          0          0.0015     0          0.0009     0        )	1e+20       
75	(   0          0          0          0.0001     0.01       0.0004     0          0.0002     0        )	1e+20       
76	(   0          0.003244   0.006467   0.008889   0          0.008889   0.013378   0.002244   0.004444 )	1e+20       
77	(   0          0.002733   0.0049     0.006667   0          0.006667   0.010033   0.001683   0.003333 )	1e+20       
78	(   0.005      0.000199   0.000091   0.000223   0          0          0.000036   0.000176   0.000221 )	1e+20       

BBE ( SOL ) OBJ
79	(   0          0          0          0          0.000018   0.000414   0          0          0        )	1e+20       
80	(   0.000255   0.005      0          0          0.000128   0.003021   0          0          0        )	1e+20       
81	(   0          0          0.000666   0.001631   0          0          0.000266   0.001282   0.00161  )	1e+20       
82	(   0.000095   0          0.005      0          0.000048   0.001127   0          0          0        )	1e+20       
83	(   0          0.000541   0          0.000609   0          0          0.000099   0.000479   0.000601 )	1e+20       
84	(   0.00031    0          0          0.005      0.000156   0.003677   0          0          0        )	1e+20       
85	(   0          0.001766   0.00081    0          0          0          0.000323   0.001561   0.001959 )	1e+20       
86	(   0          0.000099   0.000046   0.000112   0.005      0          0.000018   0.000088   0.00011  )	1e+20       
87	(   0          0.005044   0.001178   0.002678   0.001733   0          0.002422   0          0.007067 )	1e+20       
88	(   0          0.003783   0.000883   0.002183   0.0013     0          0.001817   0          0.0053   )	1e+20       
89	(   0.002      0          0.000324   0.000193   0          0          0          0          0.000478 )	1e+20       
90	(   0          0.000633   0          0          0.001698   0.001182   0.00017    0.000034   0        )	1e+20       
91	(   0          0.002      0.000155   0.000092   0          0          0          0          0.000228 )	1e+20       
92	(   0.000484   0          0          0          0.00081    0.000564   0.000081   0.000016   0        )	1e+20       
93	(   0.000223   0.000139   0.002      0          0.000374   0.00026    0.000037   0.000007   0        )	1e+20       
94	(   0          0          0          0.000042   0          0          0          0          0.000105 )	1e+20       
95	(   0.00013    0.000081   0          0.002      0.000217   0.000151   0.000022   0.000004   0        )	1e+20       
96	(   0          0          0.000042   0          0          0          0          0          0.000061 )	1e+20       
97	(   0          0          0.000549   0.000327   0.00017    0          0          0          0.000809 )	1e+20       
98	(   0.0006     0.001022   0.000311   0.000822   0.002067   0          0.002689   0          0.001222 )	1e+20       
99	(   0.00045    0.000767   0.000233   0.000617   0.00155    0          0.002017   0          0.000917 )	1e+20       
100	(   0.001      0.000022   0          0.000028   0          0.000013   0.000026   0          0.000006 )	1e+20       
101	(   0          0          0.000021   0          0.000017   0          0          0.000018   0        )	1e+20       
102	(   0.000031   0.001      0.000406   0          0.000324   0          0          0.00035    0        )	1e+20       
103	(   0          0          0          0.000538   0          0.000251   0.000507   0          0.000111 )	1e+20       
104	(   0          0.000395   0.001      0.000507   0          0.000236   0.000477   0          0.000105 )	1e+20       
105	(   0.000029   0          0          0          0.000305   0          0          0.000329   0        )	1e+20       
106	(   0.000055   0          0.000714   0.001      0.000571   0          0          0.000616   0        )	1e+20       
107	(   0          0.000739   0          0          0          0.000442   0.000892   0          0.000196 )	1e+20       
108	(   0          0.000278   0          0.000356   0.001      0.000166   0.000335   0          0.000074 )	1e+20       
109	(   0.000022   0.001022   0          0          0.000226   0.000625   0.000712   0          0        )	1e+20       
110	(   0.000017   0.000767   0          0          0.00017    0.000469   0.0006     0          0        )	1e+20       
111	(   0          0.000103   0.000409   0.000262   0          0          0          0.000204   0        )	1e+20       
112	(   0.00009    0          0          0          0.00012    0.000454   0.0005     0          0.000303 )	1e+20       
113	(   0.000056   0.0005     0          0          0.000007   0.000025   0.000028   0          0.000017 )	1e+20       
114	(   0          0          0.000023   0.000015   0          0          0          0.000011   0        )	1e+20       
115	(   0.000268   0          0.0005     0          0.000032   0.00012    0.000132   0          0.00008  )	1e+20       
116	(   0          0.000027   0          0.000069   0          0          0          0.000054   0        )	1e+20       
117	(   0.000153   0          0          0.0005     0.000018   0.000068   0.000075   0          0.000045 )	1e+20       
118	(   0          0.000015   0.000061   0          0          0          0          0.000031   0        )	1e+20       

BBE ( SOL ) OBJ
119	(   0          0.000007   0.000027   0.000017   0.0005     0          0          0.000013   0        )	1e+20       
120	(   0.00013    0.00032    0          0.000145   0.000362   0.000551   0.000151   0.000332   0.000096 )	1e+20       
121	(   0.000097   0.00024    0          0.000108   0.000271   0.000413   0.000113   0.000249   0.000087 )	1e+20       
122	(   0.0002     0          0          0.000031   0.000041   0          0          0.000023   0.000049 )	1e+20       
123	(   0          0.000129   0.000068   0          0          0.000004   0.000049   0          0        )	1e+20       
124	(   0          0.000001   0          0.000091   0.000121   0          0          0.000069   0.000144 )	1e+20       
125	(   0.000186   0          0.0002     0          0          0.000013   0.000146   0          0        )	1e+20       
126	(   0          0          0.0002     0.000035   0.000047   0          0          0.000027   0.000056 )	1e+20       
127	(   0.000072   0.000146   0          0          0          0.000005   0.000056   0          0        )	1e+20       
128	(   0.000025   0.000051   0.000027   0.0002     0          0.000002   0.000019   0          0        )	1e+20       
129	(   0          0          0          0          0.000016   0          0          0.000009   0.000019 )	1e+20       
130	(   0.000035   0.000071   0.000037   0          0.0002     0.000002   0.000027   0          0        )	1e+20       
131	(   0.000022   0.00032    0.000014   0          0.000186   0          0          0.000133   0.000059 )	1e+20       
132	(   0.000017   0.00024    0.00001    0          0.000139   0          0          0.0001     0.000072 )	1e+20       
133	(   0.0001     0.000003   0          0.000009   0          0.00002    0          0.000003   0.000035 )	1e+20       
134	(   0          0          0.000001   0          0.000008   0          0.000004   0          0        )	1e+20       
135	(   0.000003   0.0001     0.000001   0          0.000003   0          0.000001   0          0        )	1e+20       
136	(   0          0          0          0.000003   0          0.000007   0          0.000001   0.000012 )	1e+20       
137	(   0          0.000001   0.0001     0.000002   0          0.000003   0          0.0        0.000006 )	1e+20       
138	(   0.000001   0          0          0          0.000001   0          0.000001   0          0        )	1e+20       
139	(   0.00001    0          0.000002   0.0001     0.000009   0          0.000005   0          0        )	1e+20       
140	(   0          0.000004   0          0          0          0.000023   0          0.000003   0.000039 )	1e+20       
141	(   0          0.000003   0          0.000009   0.0001     0.000018   0          0.000002   0.000031 )	1e+20       
142	(   0.000029   0          0          0.000028   0.000072   0          0.000062   0.000114   0.000037 )	1e+20       
143	(   0.000022   0          0          0.000021   0.000054   0          0.000059   0.000085   0.000028 )	1e+20       
144	(   0.00005    0.000013   0          0          0.00001    0          0.00001    0          0        )	1e+20       
145	(   0          0          0.000016   0.00001    0          0.000003   0          0.000003   0.000016 )	1e+20       
146	(   0.000016   0.00005    0.000029   0.000017   0          0.000006   0          0.000005   0.000028 )	1e+20       
147	(   0          0          0          0          0.000017   0          0.000018   0          0        )	1e+20       
148	(   0          0.000039   0.00005    0          0.000029   0          0.000031   0          0        )	1e+20       
149	(   0.000027   0          0          0.000028   0          0.00001    0          0.000009   0.000047 )	1e+20       
150	(   0          0.000014   0          0.00005    0.00001    0          0.000011   0          0        )	1e+20       
151	(   0.00001    0          0.000017   0          0          0.000004   0          0.000003   0.000017 )	1e+20       
152	(   0.00001    0          0.000018   0.00001    0.00005    0.000004   0          0.000003   0.000017 )	1e+20       
153	(   0          0.000067   0.000048   0.000018   0.000004   0          0.000023   0.000023   0.000002 )	1e+20       
154	(   0          0.000051   0.000036   0.000016   0.000003   0          0.000018   0.000018   0.00001  )	1e+20       
155	(   0.00002    0          0.0        0          0.0        0          0          0.0        0        )	1e+20       
156	(   0          0.0        0          0.0        0          0.0        0.0        0          0.0      )	1e+20       
157	(   0          0.00002    0.000003   0          0.000003   0          0          0.000014   0        )	1e+20       
158	(   0.0        0          0          0.000003   0          0.000003   0.000003   0          0.000004 )	1e+20       

BBE ( SOL ) OBJ
159	(   0.0        0.000002   0.00002    0.000001   0          0.000001   0.000001   0          0.000002 )	1e+20       
160	(   0          0          0          0          0.000001   0          0          0.000006   0        )	1e+20       
161	(   0          0          0.000001   0.00002    0.000001   0          0          0.000006   0        )	1e+20       
162	(   0.0        0.000002   0          0          0          0.000001   0.000001   0          0.000002 )	1e+20       
163	(   0.0        0.000002   0          0.000001   0.00002    0.000001   0.000001   0          0.000002 )	1e+20       
164	(   0          0.000009   0.000033   0.000019   0.000008   0.000002   0.0        0.000028   0.000021 )	1e+20       
165	(   0          0.000007   0.000025   0.000014   0.000006   0.000001   0.0        0.000021   0.000015 )	1e+20       
166	(   0.000004   0.000006   0          0.000006   0          0.00001    0          0          0        )	1e+20       
167	(   0          0          0.000003   0          0.000001   0          0.000004   0.000006   0.000001 )	1e+20       
168	(   0.000005   0.00001    0.000001   0          0.0        0          0.000002   0.000003   0.0      )	1e+20       
169	(   0          0          0          0.000003   0          0.000004   0          0          0        )	1e+20       
170	(   0          0.000001   0.00001    0.000001   0          0.000001   0          0          0        )	1e+20       
171	(   0.000002   0          0          0          0.0        0          0.000001   0.000001   0.0      )	1e+20       
172	(   0.000005   0          0.000001   0.00001    0.0        0          0.000002   0.000002   0.0      )	1e+20       
173	(   0          0.000003   0          0          0          0.000004   0          0          0        )	1e+20       
174	(   0          0.0        0          0.0        0.00001    0.0        0          0          0        )	1e+20       
175	(   0.0        0.000001   0.000014   0.000006   0          0.000007   0          0.00001    0.000019 )	1e+20       
176	(   0.0        0.000001   0.00001    0.000005   0          0.000005   0          0.000008   0.000014 )	1e+20       
177	(   0.000005   0          0.0        0          0          0.0        0.0        0.0        0.0      )	1e+20       
178	(   0          0.0        0          0.0        0.0        0          0          0          0        )	1e+20       
179	(   0          0.000005   0.0        0          0          0.0        0.0        0.000001   0.0      )	1e+20       
180	(   0.0        0          0          0.0        0.000001   0          0          0          0        )	1e+20       
181	(   0.0        0.0        0.000005   0.0        0.000001   0          0          0          0        )	1e+20       
182	(   0          0          0          0          0          0.0        0.0        0.000001   0.0      )	1e+20       
183	(   0.0        0.0        0          0.0        0.0        0.000005   0          0          0        )	1e+20       
184	(   0          0          0.0        0          0          0          0.0        0.0        0.0      )	1e+20       
185	(   0.0        0.000001   0          0.000001   0.000005   0          0          0.000002   0        )	1e+20       
186	(   0.000001   0.000002   0          0.000003   0.000002   0.000005   0          0          0.000003 )	1e+20       
187	(   0.000001   0.000001   0          0.000002   0.000001   0.000004   0          0          0.000003 )	1e+20       
188	(   0.000002   0.000001   0          0.000001   0.000001   0.000002   0          0.000001   0.000001 )	1e+20       
189	(   0          0          0.000001   0          0          0          0.0        0          0        )	1e+20       
190	(   0.000001   0.000002   0.0        0          0          0          0.0        0          0        )	1e+20       
191	(   0          0          0          0.0        0.0        0.000001   0          0.0        0.000001 )	1e+20       
192	(   0          0.0        0.000002   0.0        0.0        0.000001   0          0.0        0.000001 )	1e+20       
193	(   0.000001   0          0          0          0          0          0.0        0          0        )	1e+20       
194	(   0.000001   0          0.000001   0.000002   0          0          0.0        0          0        )	1e+20       
195	(   0          0.000001   0          0          0.0        0.000001   0          0.0        0.000001 )	1e+20       
196	(   0.000002   0          0.000001   0          0          0.000002   0.0        0          0        )	1e+20       
197	(   0          0.000001   0.000001   0.000001   0.000002   0.000002   0.000002   0.000002   0.000001 )	1e+20       
198	(   0          0.0        0.000001   0.000001   0.000002   0.000001   0.000002   0.000002   0.000001 )	1e+20       

BBE ( SOL ) OBJ
199	(   0.000001   0.0        0          0.0        0.000001   0          0.0        0          0.000001 )	1e+20       
200	(   0          0          0.000001   0          0          0.000001   0          0.000001   0        )	1e+20       
201	(   0.0        0.000001   0.0        0          0          0.0        0          0.0        0        )	1e+20       
202	(   0          0          0          0.0        0.0        0          0.0        0          0.0      )	1e+20       
203	(   0          0.0        0.000001   0.0        0.000001   0          0.0        0          0.0      )	1e+20       
204	(   0.000001   0          0          0          0          0.0        0          0.0        0        )	1e+20       
205	(   0.0        0          0.0        0.000001   0          0.0        0          0.0        0        )	1e+20       
206	(   0          0.0        0          0.0        0.0        0.000001   0.0        0          0.0      )	1e+20       
207	(   0.0        0          0.0        0          0          0.0        0.000001   0.0        0        )	1e+20       
208	(   0.000001   0.000001   0          0.000001   0.0        0.000001   0.000001   0.0        0.000001 )	1e+20       
209	(   0.000001   0.0        0          0.0        0.0        0.000001   0.000001   0.0        0.000001 )	1e+20       
210	(   0.0        0.0        0.0        0          0.0        0.0        0.0        0.0        0        )	1e+20       
211	(   0          0          0          0.0        0          0          0          0          0.0      )	1e+20       
212	(   0.0        0.0        0          0.0        0          0          0          0          0.0      )	1e+20       
213	(   0          0          0.0        0          0.0        0.0        0.0        0.0        0        )	1e+20       
214	(   0.0        0          0.0        0.0        0          0          0          0          0.0      )	1e+20       
215	(   0          0.0        0.0        0.0        0.0        0.0        0.0        0.0        0        )	1e+20       
216	(   0.0        0          0          0.0        0.0        0          0          0          0.0      )	1e+20       
217	(   0.0        0          0          0.0        0          0.0        0          0          0.0      )	1e+20       
218	(   0.0        0          0          0.0        0          0          0.0        0          0.0      )	1e+20       
219	(   0          0.0        0.0        0.0        0.0        0.0        0.0        0.0        0.0      )	1e+20       
220	(   0          0.0        0.0        0.0        0.0        0.0        0.0        0.0        0.0      )	1e+20       
221	(   0.0        0          0.0        0          0.0        0.0        0          0.0        0.0      )	1e+20       
222	(   0          0.0        0          0.0        0          0          0.0        0          0        )	1e+20       
223	(   0          0.0        0.0        0          0.0        0.0        0          0.0        0.0      )	1e+20       
224	(   0.0        0          0          0.0        0          0          0.0        0          0        )	1e+20       
225	(   0.0        0.0        0.0        0.0        0          0          0.0        0          0        )	1e+20       
226	(   0          0          0.0        0.0        0.0        0.0        0          0.0        0.0      )	1e+20       
227	(   0.0        0.0        0          0.0        0.0        0          0.0        0          0        )	1e+20       
228	(   0.0        0.0        0          0.0        0          0.0        0.0        0          0        )	1e+20       
229	(   0.0        0.0        0          0.0        0          0          0.0        0.0        0        )	1e+20       
230	(   0          0.0        0.0        0.0        0.0        0          0.0        0          0.0      )	1e+20       
231	(   0          0.0        0.0        0.0        0.0        0          0.0        0.0        0.0      )	1e+20       
232	(   0.0        0.0        0.0        0.0        0          0.0        0.0        0.0        0.0      )	1e+20       
233	(   0          0          0          0          0.0        0          0          0          0        )	1e+20       
234	(   0.0        0.0        0          0          0.0        0          0          0          0        )	1e+20       
235	(   0          0          0.0        0.0        0          0.0        0.0        0.0        0.0      )	1e+20       
236	(   0.0        0          0.0        0          0.0        0          0          0          0        )	1e+20       
237	(   0.0        0          0          0.0        0.0        0          0          0          0        )	1e+20       
238	(   0.0        0          0          0          0.0        0.0        0          0          0        )	1e+20       

BBE ( SOL ) OBJ
239	(   0.0        0          0          0          0.0        0          0.0        0          0        )	1e+20       
240	(   0.0        0          0          0          0.0        0          0          0.0        0        )	1e+20       
241	(   0.0        0          0.0        0.0        0.0        0.0        0.0        0.0        0.0      )	1e+20       
242	(   0.0        0          0.0        0.0        0.0        0.0        0.0        0.0        0.0      )	1e+20       
243	(   0.0        0          0.0        0          0          0          0          0          0.0      )	1e+20       
244	(   0          0.0        0          0.0        0.0        0.0        0.0        0.0        0        )	1e+20       
245	(   0          0.0        0.0        0          0          0          0          0          0.0      )	1e+20       
246	(   0.0        0          0          0.0        0.0        0.0        0.0        0.0        0        )	1e+20       
247	(   0.0        0.0        0.0        0.0        0.0        0.0        0.0        0.0        0        )	1e+20       
248	(   0          0          0.0        0.0        0          0          0          0          0.0      )	1e+20       
249	(   0          0          0.0        0          0.0        0          0          0          0.0      )	1e+20       
250	(   0          0          0.0        0          0          0.0        0          0          0.0      )	1e+20       
251	(   0          0          0.0        0          0          0          0.0        0          0.0      )	1e+20       
252	(   0.0        0.0        0          0          0.0        0          0.0        0          0        )	1e+20       
253	(   0.0        0.0        0          0          0.0        0.0        0.0        0          0.0      )	1e+20       
254	(   0.0        0.0        0          0          0          0          0.0        0.0        0        )	1e+20       
255	(   0          0          0.0        0.0        0.0        0.0        0          0          0.0      )	1e+20       
256	(   0.0        0.0        0.0        0.0        0.0        0.0        0          0          0.0      )	1e+20       
257	(   0          0          0          0          0          0          0.0        0.0        0        )	1e+20       
258	(   0          0.0        0.0        0          0          0          0.0        0.0        0        )	1e+20       
259	(   0          0.0        0          0.0        0          0          0.0        0.0        0        )	1e+20       
260	(   0          0.0        0          0          0.0        0          0.0        0.0        0        )	1e+20       
261	(   0          0.0        0          0          0          0.0        0.0        0.0        0        )	1e+20       
262	(   0.0        0          0.0        0.0        0.0        0.0        0.0        0          0.0      )	1e+20       
263	(   0.0        0.0        0          0.0        0.0        0.0        0.0        0.0        0        )	1e+20       
264	(   0.0        0.0        0.0        0.0        0.0        0.0        0.0        0.0        0        )	1e+20       
265	(   0.0        0          0.0        0          0          0.0        0          0          0.0      )	1e+20       
266	(   0          0.0        0          0.0        0.0        0          0.0        0.0        0        )	1e+20       
267	(   0          0.0        0.0        0          0          0.0        0          0          0.0      )	1e+20       
268	(   0.0        0          0          0.0        0.0        0          0.0        0.0        0        )	1e+20       
269	(   0.0        0.0        0.0        0.0        0.0        0          0.0        0.0        0        )	1e+20       
270	(   0          0          0.0        0.0        0          0.0        0          0          0.0      )	1e+20       
271	(   0          0          0.0        0          0.0        0.0        0          0          0.0      )	1e+20       
272	(   0.0        0.0        0          0.0        0.0        0.0        0.0        0.0        0        )	1e+20       
273	(   0          0          0.0        0          0          0.0        0.0        0          0.0      )	1e+20       
274	(   0.0        0.0        0          0.0        0.0        0.0        0.0        0          0.0      )	1e+20       
275	(   0.0        0.0        0          0.0        0.0        0.0        0.0        0          0.0      )	1e+20       
276	(   0.0        0.0        0.0        0.0        0          0.0        0.0        0          0.0      )	1e+20       
277	(   0          0          0          0          0.0        0          0          0.0        0        )	1e+20       
278	(   0.0        0.0        0          0          0.0        0          0          0.0        0        )	1e+20       

BBE ( SOL ) OBJ
279	(   0          0          0.0        0.0        0          0.0        0.0        0          0.0      )	1e+20       
280	(   0.0        0          0.0        0          0.0        0          0          0.0        0        )	1e+20       
281	(   0.0        0          0          0.0        0.0        0          0          0.0        0        )	1e+20       
282	(   0          0.0        0.0        0.0        0.0        0.0        0.0        0          0.0      )	1e+20       
283	(   0.0        0          0          0          0.0        0.0        0          0.0        0        )	1e+20       
284	(   0.0        0          0          0          0.0        0          0.0        0.0        0        )	1e+20       
285	(   0.0        0.0        0.0        0          0.0        0.0        0.0        0.0        0.0      )	1e+20       
286	(   0.0        0.0        0.0        0          0.0        0.0        0.0        0.0        0.0      )	1e+20       
287	(   0.0        0          0          0.0        0.0        0.0        0.0        0.0        0        )	1e+20       
288	(   0          0.0        0.0        0          0          0          0          0          0.0      )	1e+20       
289	(   0          0.0        0          0.0        0.0        0.0        0.0        0.0        0        )	1e+20       
290	(   0.0        0          0.0        0          0          0          0          0          0.0      )	1e+20       
291	(   0          0          0.0        0.0        0.0        0.0        0.0        0.0        0        )	1e+20       
292	(   0.0        0.0        0.0        0.0        0          0          0          0          0.0      )	1e+20       
293	(   0.0        0.0        0.0        0          0.0        0          0          0          0.0      )	1e+20       
294	(   0.0        0.0        0.0        0          0          0.0        0          0          0.0      )	1e+20       
295	(   0.0        0.0        0.0        0          0          0          0.0        0          0.0      )	1e+20       
296	(   0.0        0.0        0          0.0        0.0        0.0        0.0        0.0        0.0      )	1e+20       
297	(   0.0        0.0        0          0.0        0.0        0.0        0.0        0.0        0.0      )	1e+20       
298	(   0.0        0          0.0        0.0        0          0.0        0.0        0.0        0        )	1e+20       
299	(   0          0.0        0          0          0.0        0          0          0          0.0      )	1e+20       
300	(   0          0.0        0.0        0.0        0          0.0        0.0        0.0        0        )	1e+20       
301	(   0.0        0          0          0          0.0        0          0          0          0.0      )	1e+20       
302	(   0.0        0.0        0.0        0          0.0        0          0          0          0.0      )	1e+20       
303	(   0.0        0.0        0          0.0        0.0        0          0          0          0.0      )	1e+20       
304	(   0          0          0.0        0.0        0.0        0.0        0.0        0.0        0        )	1e+20       
305	(   0.0        0.0        0          0          0.0        0.0        0          0          0.0      )	1e+20       
306	(   0.0        0.0        0          0          0.0        0          0.0        0          0.0      )	1e+20       
307	(   0.0        0          0.0        0.0        0.0        0.0        0.0        0.0        0        )	1e+20       
308	(   0.0        0          0.0        0.0        0.0        0.0        0.0        0.0        0        )	1e+20       
309	(   0.0        0          0          0          0          0.0        0          0          0.0      )	1e+20       
310	(   0          0.0        0.0        0.0        0.0        0          0.0        0.0        0        )	1e+20       
311	(   0          0.0        0          0          0          0.0        0          0          0.0      )	1e+20       
312	(   0.0        0          0.0        0.0        0.0        0          0.0        0.0        0        )	1e+20       
313	(   0          0          0.0        0          0          0.0        0          0          0.0      )	1e+20       
314	(   0          0          0          0.0        0          0.0        0          0          0.0      )	1e+20       
315	(   0          0          0          0          0.0        0.0        0          0          0.0      )	1e+20       
316	(   0.0        0.0        0.0        0.0        0.0        0.0        0.0        0.0        0        )	1e+20       
317	(   0          0          0          0          0          0.0        0.0        0          0.0      )	1e+20       
318	(   0          0.0        0          0.0        0.0        0.0        0.0        0.0        0.0      )	1e+20       

BBE ( SOL ) OBJ
319	(   0          0.0        0          0.0        0.0        0.0        0.0        0.0        0.0      )	1e+20       
320	(   0.0        0          0.0        0.0        0          0          0          0.0        0        )	1e+20       
321	(   0          0.0        0          0          0.0        0.0        0.0        0          0.0      )	1e+20       
322	(   0          0.0        0.0        0.0        0          0          0          0.0        0        )	1e+20       
323	(   0.0        0          0          0          0.0        0.0        0.0        0          0.0      )	1e+20       
324	(   0.0        0.0        0.0        0          0.0        0.0        0.0        0          0.0      )	1e+20       
325	(   0.0        0.0        0          0.0        0.0        0.0        0.0        0          0.0      )	1e+20       
326	(   0          0          0.0        0.0        0.0        0          0          0.0        0        )	1e+20       
327	(   0          0          0.0        0.0        0          0.0        0          0.0        0        )	1e+20       
328	(   0          0          0.0        0.0        0          0          0.0        0.0        0        )	1e+20       
329	(   0.0        0.0        0          0.0        0.0        0.0        0.0        0.0        0.0      )	1e+20       
330	(   0.0        0.0        0          0.0        0.0        0.0        0.0        0.0        0.0      )	1e+20       
331	(   0.0        0          0          0          0.0        0          0          0.0        0.0      )	1e+20       
332	(   0          0.0        0.0        0.0        0          0.0        0.0        0          0        )	1e+20       
333	(   0          0.0        0          0          0.0        0          0          0.0        0.0      )	1e+20       
334	(   0.0        0          0.0        0.0        0          0.0        0.0        0          0        )	1e+20       
335	(   0          0          0.0        0          0.0        0          0          0.0        0.0      )	1e+20       
336	(   0          0          0          0.0        0.0        0          0          0.0        0.0      )	1e+20       
337	(   0.0        0.0        0.0        0.0        0.0        0.0        0.0        0          0        )	1e+20       
338	(   0          0          0          0          0.0        0.0        0          0.0        0.0      )	1e+20       
339	(   0.0        0.0        0.0        0.0        0          0.0        0.0        0.0        0        )	1e+20       
340	(   0.0        0.0        0          0.0        0.0        0.0        0.0        0.0        0.0      )	1e+20       
341	(   0.0        0.0        0          0.0        0.0        0.0        0.0        0.0        0.0      )	1e+20       
342	(   0.0        0.0        0          0.0        0          0.0        0          0          0.0      )	1e+20       
343	(   0          0          0.0        0          0.0        0          0.0        0.0        0        )	1e+20       
344	(   0.0        0.0        0.0        0          0.0        0          0.0        0.0        0        )	1e+20       
345	(   0          0          0          0.0        0          0.0        0          0          0.0      )	1e+20       
346	(   0          0.0        0.0        0.0        0          0.0        0          0          0.0      )	1e+20       
347	(   0.0        0          0.0        0.0        0.0        0          0.0        0.0        0        )	1e+20       
348	(   0          0.0        0          0.0        0.0        0.0        0          0          0.0      )	1e+20       
349	(   0.0        0          0.0        0          0.0        0.0        0.0        0.0        0        )	1e+20       
350	(   0          0.0        0          0.0        0          0.0        0.0        0          0.0      )	1e+20       
351	(   0.0        0.0        0          0.0        0.0        0.0        0.0        0          0.0      )	1e+20       
352	(   0.0        0.0        0          0.0        0.0        0.0        0.0        0.0        0.0      )	1e+20       
353	(   0.0        0.0        0.0        0          0.0        0          0.0        0.0        0.0      )	1e+20       
354	(   0.0        0.0        0          0.0        0          0.0        0          0          0        )	1e+20       
355	(   0          0          0.0        0          0.0        0          0.0        0.0        0.0      )	1e+20       
356	(   0.0        0          0.0        0.0        0          0.0        0          0          0        )	1e+20       
357	(   0          0.0        0.0        0.0        0.0        0          0.0        0.0        0.0      )	1e+20       
358	(   0.0        0          0          0          0          0.0        0          0          0        )	1e+20       

BBE ( SOL ) OBJ
359	(   0.0        0          0          0.0        0.0        0.0        0          0          0        )	1e+20       
360	(   0.0        0          0          0.0        0          0.0        0.0        0          0        )	1e+20       
361	(   0.0        0          0          0.0        0          0.0        0          0.0        0        )	1e+20       
362	(   0          0.0        0.0        0          0.0        0.0        0.0        0          0.0      )	1e+20       
363	(   0.0        0.0        0.0        0          0.0        0.0        0.0        0.0        0.0      )	1e+20       
364	(   0.0        0          0          0          0          0          0.0        0          0        )	1e+20       
365	(   0          0.0        0.0        0.0        0.0        0.0        0          0.0        0.0      )	1e+20       
366	(   0          0.0        0          0          0          0          0.0        0          0        )	1e+20       
367	(   0          0          0.0        0          0          0          0.0        0          0        )	1e+20       
368	(   0          0          0          0.0        0          0          0.0        0          0        )	1e+20       
369	(   0.0        0.0        0.0        0          0.0        0.0        0          0.0        0.0      )	1e+20       
370	(   0          0          0          0          0.0        0          0.0        0          0        )	1e+20       
371	(   0.0        0.0        0.0        0.0        0.0        0          0          0.0        0.0      )	1e+20       
372	(   0          0          0          0          0          0          0.0        0          0.0      )	1e+20       
373	(   0.0        0.0        0.0        0.0        0.0        0.0        0.0        0          0.0      )	1e+20       
374	(   0.0        0.0        0.0        0.0        0.0        0.0        0.0        0          0.0      )	1e+20       
375	(   0.0        0.0        0          0          0          0          0          0          0.0      )	1e+20       
376	(   0          0          0.0        0.0        0.0        0.0        0.0        0.0        0        )	1e+20       
377	(   0.0        0.0        0.0        0.0        0.0        0.0        0.0        0.0        0        )	1e+20       
378	(   0          0          0          0          0          0          0          0          0.0      )	1e+20       
379	(   0          0.0        0.0        0          0          0          0          0          0.0      )	1e+20       
380	(   0          0.0        0          0.0        0          0          0          0          0.0      )	1e+20       
381	(   0          0.0        0          0          0.0        0          0          0          0.0      )	1e+20       
382	(   0          0.0        0          0          0          0.0        0          0          0.0      )	1e+20       
383	(   0          0.0        0          0          0          0          0.0        0          0.0      )	1e+20       
384	(   0.0        0.0        0.0        0          0.0        0.0        0          0.0        0.0      )	1e+20       
385	(   0.0        0.0        0.0        0          0.0        0.0        0          0.0        0.0      )	1e+20       
386	(   0.0        0          0.0        0          0          0          0          0          0        )	1e+20       
387	(   0          0.0        0          0.0        0.0        0.0        0.0        0.0        0.0      )	1e+20       
388	(   0          0.0        0.0        0          0          0          0          0          0        )	1e+20       
389	(   0.0        0.0        0.0        0.0        0.0        0.0        0.0        0.0        0.0      )	1e+20       
390	(   0          0          0.0        0.0        0          0          0          0          0        )	1e+20       
391	(   0          0          0.0        0          0.0        0          0          0          0        )	1e+20       
392	(   0          0          0.0        0          0          0.0        0          0          0        )	1e+20       
393	(   0.0        0.0        0          0.0        0.0        0.0        0.0        0.0        0.0      )	1e+20       
394	(   0          0          0.0        0          0          0          0          0.0        0        )	1e+20       
395	(   0.0        0.0        0          0.0        0.0        0.0        0.0        0.0        0        )	1e+20       
396	(   0.0        0.0        0          0.0        0.0        0.0        0.0        0.0        0.0      )	1e+20       
397	(   0.0        0          0.0        0          0.0        0.0        0          0.0        0        )	1e+20       
398	(   0          0.0        0          0.0        0          0          0.0        0          0.0      )	1e+20       

BBE ( SOL ) OBJ
399	(   0          0.0        0.0        0          0.0        0.0        0          0.0        0        )	1e+20       
400	(   0.0        0.0        0.0        0.0        0          0          0.0        0          0.0      )	1e+20       
401	(   0          0          0          0          0.0        0.0        0          0.0        0        )	1e+20       
402	(   0          0          0.0        0.0        0.0        0.0        0          0.0        0        )	1e+20       
403	(   0.0        0.0        0          0.0        0.0        0          0.0        0          0.0      )	1e+20       
404	(   0.0        0.0        0          0.0        0          0.0        0.0        0          0.0      )	1e+20       
405	(   0.0        0.0        0          0.0        0          0          0          0          0.0      )	1e+20       
406	(   0          0.0        0.0        0.0        0.0        0.0        0.0        0.0        0.0      )	1e+20       
407	(   0          0.0        0.0        0.0        0.0        0.0        0.0        0.0        0.0      )	1e+20       
408	(   0.0        0.0        0          0          0.0        0          0          0          0.0      )	1e+20       
409	(   0          0          0.0        0.0        0          0.0        0.0        0.0        0        )	1e+20       
410	(   0          0.0        0          0          0          0          0          0          0        )	1e+20       
411	(   0          0          0.0        0          0          0          0          0          0.0      )	1e+20       
412	(   0          0.0        0          0.0        0.0        0          0          0          0.0      )	1e+20       
413	(   0.0        0          0          0.0        0.0        0.0        0.0        0.0        0        )	1e+20       
414	(   0          0          0          0          0.0        0.0        0          0          0.0      )	1e+20       
415	(   0          0          0          0          0.0        0          0.0        0          0.0      )	1e+20       
416	(   0          0          0          0          0.0        0          0          0.0        0.0      )	1e+20       
417	(   0.0        0.0        0.0        0.0        0.0        0.0        0.0        0.0        0.0      )	1e+20       
418	(   0.0        0.0        0.0        0.0        0.0        0.0        0.0        0.0        0.0      )	1e+20       
419	(   0.0        0          0.0        0          0          0.0        0.0        0.0        0        )	1e+20       
420	(   0          0.0        0.0        0          0          0.0        0.0        0.0        0        )	1e+20       
421	(   0.0        0.0        0.0        0          0.0        0          0          0          0.0      )	1e+20       
422	(   0          0          0          0.0        0          0.0        0          0          0        )	1e+20       
423	(   0          0          0.0        0          0.0        0.0        0.0        0.0        0        )	1e+20       
424	(   0.0        0.0        0          0.0        0          0          0          0          0.0      )	1e+20       
425	(   0.0        0.0        0          0          0.0        0          0.0        0          0.0      )	1e+20       
426	(   0          0          0.0        0          0          0.0        0.0        0.0        0.0      )	1e+20       
427	(   0.0        0.0        0.0        0          0.0        0          0          0          0.0      )	1e+20       
428	(   0.0        0.0        0.0        0.0        0.0        0.0        0.0        0          0.0      )	1e+20       
429	(   0.0        0.0        0          0.0        0.0        0          0          0          0        )	1e+20       
430	(   0          0.0        0.0        0          0          0          0          0.0        0        )	1e+20       
431	(   0.0        0          0          0          0          0.0        0.0        0.0        0.0      )	1e+20       
432	(   0          0          0          0.0        0.0        0.0        0          0          0        )	1e+20       
433	(   0          0          0          0.0        0.0        0          0.0        0          0        )	1e+20       
434	(   0.0        0          0.0        0          0          0.0        0.0        0          0.0      )	1e+20       
435	(   0.0        0.0        0.0        0.0        0          0.0        0.0        0.0        0.0      )	1e+20       
436	(   0.0        0.0        0.0        0.0        0          0.0        0.0        0.0        0.0      )	1e+20       
A termination criterion is reached: No termination (all). Mesh minimum precision reached (Algo)

Best feasible solution:     #0 ( 0 0 0 0 0 0 0 0 0 )	Evaluation OK	 f = 1e+20                     	 h =   0                     

Best infeasible solution:   Undefined.

Blackbox evaluations:         436
Cache hits:                   2
Total number of evaluations:  438
