703.489718 -0.000000 -0.000000
723.831733 0.000000 -0.000000
708.373219 -0.000000 -0.000000
719.377494 -0.000000 -0.000000
710.821015 0.000000 -0.000000
691.103920 -0.000000 -0.000000
735.176786 -0.000000 0.000000
704.574034 0.000000 -0.000000
721.526315 -0.000000 -0.000000
699.119209 0.000000 0.000000
709.035633 0.000000 -0.000000
1382.955223 0.000000 -0.000000
687.069688 -0.000000 -0.000000
740.067446 -0.000000 0.000000
703.684336 0.000000 -0.000000
708.032109 -0.000000 -0.000000
693.754150 -0.000000 0.000000
691.470150 -0.000000 -0.000000
724.470281 -0.000000 -0.000000
697.407691 0.000000 -0.000000
731.166085 -0.000000 -0.000000
689.442949 -0.000000 -0.000000
708.374083 -0.000000 -0.000000
688.555633 0.000000 0.000000
718.313933 -0.000000 -0.000000
685.944795 -0.000000 -0.000000
734.018007 -0.000000 0.000000
696.178464 -0.000000 -0.000000
702.637924 -0.000000 -0.000000
697.453825 -0.000000 -0.000000
721.277832 -0.000000 -0.000000
2564.650779 -0.000000 -0.000000
682.836338 0.000000 -0.000000
739.440495 -0.000000 -0.000000
695.098975 -0.000000 -0.000000
691.914468 -0.000000 -0.000000
692.279412 -0.000000 -0.000000
708.748063 0.000000 0.000000
771.515773 -0.000000 -0.000000
706.465096 -0.000000 -0.000000
698.170485 -0.000000 -0.000000
705.787739 0.000000 -0.000000
688.299116 0.000000 0.000000
728.187892 -0.000000 -0.000000
688.652361 -0.000000 -0.000000
699.626062 -0.000000 -0.000000
686.017468 -0.000000 -0.000000
695.582732 -0.000000 -0.000000
685.893824 0.000000 0.000000
694.924732 0.000000 -0.000000
686.334458 -0.000000 -0.000000
691.941712 -0.000000 -0.000000
685.280692 -0.000000 -0.000000
688.070980 -0.000000 -0.000000
685.214022 0.000000 0.000000
682.650078 -0.000000 -0.000000
732.840503 0.000000 -0.000000
701.112989 -0.000000 -0.000000
688.716196 -0.000000 -0.000000
703.195149 0.000000 0.000000
699.433026 0.000000 -0.000000
4137.148273 -0.000000 -0.000000
685.081676 -0.000000 0.000000
698.072704 0.000000 -0.000000
695.240853 -0.000000 0.000000
689.328192 -0.000000 -0.000000
706.073310 -0.000000 -0.000000
685.499749 -0.000000 -0.000000
696.457651 -0.000000 -0.000000
685.502212 -0.000000 -0.000000
693.490163 -0.000000 0.000000
684.394538 -0.000000 -0.000000
692.938070 0.000000 0.000000
684.693114 0.000000 0.000000
684.841886 -0.000000 -0.000000
691.511254 0.000000 -0.000000
682.676655 -0.000000 -0.000000
686.683477 -0.000000 -0.000000
681.981321 -0.000000 -0.000000
740.889622 0.000000 0.000000
702.676026 0.000000 -0.000000
688.260276 -0.000000 -0.000000
701.977705 0.000000 -0.000000
697.071582 -0.000000 -0.000000
810.278810 -0.000000 -0.000000
699.759958 -0.000000 -0.000000
704.975748 -0.000000 -0.000000
686.606152 -0.000000 0.000000
690.121167 -0.000000 -0.000000
740.785919 0.000000 -0.000000
685.524464 -0.000000 -0.000000
693.635459 -0.000000 -0.000000
687.084686 0.000000 -0.000000
701.681575 0.000000 0.000000
684.544453 -0.000000 -0.000000
698.319252 -0.000000 -0.000000
685.382872 -0.000000 -0.000000
683.480007 -0.000000 -0.000000
685.750401 -0.000000 -0.000000
683.413070 -0.000000 0.000000
688.686490 -0.000000 -0.000000
683.154882 0.000000 0.000000
681.793363 0.000000 0.000000
739.081403 0.000000 0.000000
698.271371 -0.000000 -0.000000
687.365115 -0.000000 -0.000000
693.300048 -0.000000 -0.000000
705.832974 -0.000000 0.000000
1009.575255 0.000000 -0.000000
710.525088 -0.000000 -0.000000
752.201898 0.000000 0.000000
689.364116 -0.000000 0.000000
692.624584 0.000000 -0.000000
710.576876 -0.000000 -0.000000
684.014378 -0.000000 -0.000000
688.935161 -0.000000 -0.000000
706.339353 -0.000000 -0.000000
686.244012 -0.000000 -0.000000
693.586928 -0.000000 -0.000000
684.259505 -0.000000 -0.000000
689.103725 -0.000000 -0.000000
684.372896 -0.000000 -0.000000
713.621193 -0.000000 -0.000000
684.093782 -0.000000 -0.000000
684.527992 -0.000000 -0.000000
682.281374 -0.000000 -0.000000
684.113733 0.000000 -0.000000
685.284038 -0.000000 -0.000000
682.316778 -0.000000 -0.000000
684.003702 0.000000 -0.000000
685.311237 -0.000000 -0.000000
682.723435 -0.000000 -0.000000
685.322518 -0.000000 -0.000000
682.143060 -0.000000 -0.000000
684.456205 0.000000 0.000000
682.385223 -0.000000 -0.000000
681.644782 -0.000000 -0.000000
741.513925 0.000000 0.000000
702.638926 -0.000000 -0.000000
688.561643 -0.000000 -0.000000
691.468355 -0.000000 -0.000000
704.852822 -0.000000 -0.000000
985.822168 -0.000000 -0.000000
712.723130 0.000000 0.000000
747.203360 0.000000 -0.000000
688.948320 -0.000000 -0.000000
692.941611 -0.000000 -0.000000
707.224722 0.000000 0.000000
686.497451 -0.000000 -0.000000
701.986954 -0.000000 -0.000000
687.024278 -0.000000 -0.000000
691.665964 -0.000000 0.000000
685.036328 -0.000000 -0.000000
690.052648 -0.000000 -0.000000
684.511411 -0.000000 -0.000000
780.710015 -0.000000 -0.000000
684.623171 0.000000 0.000000
684.926654 -0.000000 -0.000000
686.666556 -0.000000 -0.000000
683.454297 -0.000000 -0.000000
684.321374 -0.000000 -0.000000
684.729701 -0.000000 -0.000000
683.091041 -0.000000 -0.000000
687.333904 -0.000000 -0.000000
683.220683 -0.000000 -0.000000
684.659750 0.000000 0.000000
682.806830 -0.000000 -0.000000
685.001216 -0.000000 -0.000000
682.511663 -0.000000 -0.000000
682.613823 -0.000000 -0.000000
681.908078 -0.000000 -0.000000
682.615488 -0.000000 -0.000000
682.278948 -0.000000 -0.000000
681.780076 0.000000 0.000000
682.693364 -0.000000 -0.000000
681.784207 -0.000000 -0.000000
682.484178 -0.000000 -0.000000
681.617952 0.000000 -0.000000
734.272778 -0.000000 -0.000000
697.253714 -0.000000 -0.000000
689.274773 -0.000000 -0.000000
689.202213 -0.000000 -0.000000
701.567440 -0.000000 0.000000
971.290425 0.000000 -0.000000
715.542441 -0.000000 -0.000000
736.909487 0.000000 0.000000
689.954143 -0.000000 -0.000000
692.754403 -0.000000 0.000000
710.029214 -0.000000 0.000000
684.228366 -0.000000 0.000000
699.860696 0.000000 0.000000
686.996583 -0.000000 -0.000000
687.003043 -0.000000 -0.000000
739.560190 0.000000 -0.000000
684.395483 -0.000000 -0.000000
692.294754 -0.000000 -0.000000
683.631317 -0.000000 -0.000000
689.523309 -0.000000 -0.000000
683.604965 -0.000000 -0.000000
684.988403 -0.000000 -0.000000
682.431183 -0.000000 -0.000000
687.096566 -0.000000 -0.000000
682.910657 0.000000 -0.000000
682.872077 0.000000 0.000000
683.573218 -0.000000 -0.000000
683.388502 -0.000000 -0.000000
683.534201 -0.000000 -0.000000
682.049108 -0.000000 -0.000000
683.422386 -0.000000 -0.000000
681.997223 -0.000000 -0.000000
683.011372 0.000000 -0.000000
681.973541 -0.000000 -0.000000
682.298469 -0.000000 -0.000000
683.012214 -0.000000 0.000000
681.593159 0.000000 0.000000
747.347980 -0.000000 0.000000
704.897265 -0.000000 -0.000000
691.156879 -0.000000 -0.000000
689.925461 -0.000000 -0.000000
707.407040 -0.000000 -0.000000
831.667199 -0.000000 -0.000000
703.183534 -0.000000 -0.000000
696.324067 -0.000000 -0.000000
716.736416 -0.000000 -0.000000
687.232470 -0.000000 -0.000000
706.449190 -0.000000 -0.000000
690.142244 -0.000000 -0.000000
706.562926 -0.000000 -0.000000
689.567364 -0.000000 -0.000000
764.197214 -0.000000 -0.000000
686.192088 0.000000 -0.000000
689.491999 -0.000000 -0.000000
692.027556 0.000000 0.000000
685.452373 -0.000000 -0.000000
693.981364 -0.000000 -0.000000
685.780540 -0.000000 -0.000000
687.345603 -0.000000 -0.000000
684.913467 -0.000000 -0.000000
686.351544 -0.000000 -0.000000
684.641021 -0.000000 -0.000000
684.360708 -0.000000 -0.000000
682.998323 -0.000000 -0.000000
682.545751 -0.000000 -0.000000
682.256802 -0.000000 -0.000000
693.351620 -0.000000 -0.000000
682.718420 -0.000000 -0.000000
684.236948 -0.000000 -0.000000
682.356849 -0.000000 -0.000000
681.597818 -0.000000 -0.000000
682.461472 -0.000000 -0.000000
682.403671 0.000000 -0.000000
682.181101 0.000000 0.000000
682.812217 -0.000000 -0.000000
681.592014 -0.000000 -0.000000
750.665376 0.000000 0.000000
701.842261 -0.000000 -0.000000
689.878762 0.000000 -0.000000
690.354850 -0.000000 -0.000000
711.611431 -0.000000 -0.000000
848.941262 0.000000 0.000000
701.955262 -0.000000 -0.000000
694.993801 -0.000000 -0.000000
718.655659 0.000000 0.000000
688.529860 -0.000000 -0.000000
710.564151 -0.000000 -0.000000
685.785489 -0.000000 -0.000000
712.556967 0.000000 0.000000
687.652978 -0.000000 -0.000000
691.907375 -0.000000 -0.000000
684.664311 -0.000000 -0.000000
721.468433 0.000000 -0.000000
685.207169 0.000000 -0.000000
688.169354 0.000000 -0.000000
684.063552 -0.000000 -0.000000
692.051142 -0.000000 -0.000000
684.180584 -0.000000 -0.000000
685.162965 -0.000000 -0.000000
682.980603 -0.000000 -0.000000
684.659087 -0.000000 -0.000000
682.363684 -0.000000 -0.000000
682.743817 -0.000000 -0.000000
683.564172 -0.000000 0.000000
683.798791 -0.000000 -0.000000
681.376073 0.000000 0.000000
743.596916 -0.000000 0.000000
697.768288 -0.000000 -0.000000
687.088629 -0.000000 -0.000000
693.625870 -0.000000 0.000000
706.752916 0.000000 -0.000000
964.973802 0.000000 -0.000000
707.481613 0.000000 -0.000000
758.624212 0.000000 0.000000
687.536983 -0.000000 -0.000000
692.283107 -0.000000 -0.000000
708.887529 -0.000000 -0.000000
683.451513 -0.000000 -0.000000
688.731444 -0.000000 -0.000000
704.876851 -0.000000 -0.000000
685.422332 -0.000000 -0.000000
690.951050 -0.000000 -0.000000
684.102996 -0.000000 -0.000000
692.067088 -0.000000 -0.000000
683.391636 -0.000000 -0.000000
701.434031 -0.000000 -0.000000
683.807173 -0.000000 -0.000000
685.140594 -0.000000 -0.000000
682.336431 -0.000000 -0.000000
683.550533 -0.000000 -0.000000
692.121127 0.000000 0.000000
682.228755 -0.000000 -0.000000
683.303630 -0.000000 -0.000000
686.054062 -0.000000 -0.000000
681.636075 -0.000000 -0.000000
683.926253 -0.000000 -0.000000
681.940861 -0.000000 0.000000
683.475070 -0.000000 0.000000
681.990107 -0.000000 -0.000000
681.527537 0.000000 0.000000
680.937044 0.000000 0.000000
734.104682 -0.000000 -0.000000
699.591226 -0.000000 -0.000000
687.103085 -0.000000 -0.000000
692.489770 -0.000000 -0.000000
695.164367 -0.000000 -0.000000
936.038449 -0.000000 -0.000000
712.339371 0.000000 0.000000
734.039337 0.000000 -0.000000
688.074605 -0.000000 -0.000000
701.125695 -0.000000 -0.000000
685.106301 -0.000000 -0.000000
695.753039 -0.000000 -0.000000
683.569173 -0.000000 -0.000000
693.100719 -0.000000 -0.000000
683.994503 -0.000000 -0.000000
691.861108 -0.000000 -0.000000
683.203357 -0.000000 0.000000
802.729815 -0.000000 -0.000000
683.858096 -0.000000 0.000000
686.001107 -0.000000 -0.000000
682.449222 -0.000000 -0.000000
683.255498 -0.000000 -0.000000
687.687986 -0.000000 -0.000000
682.508111 -0.000000 0.000000
683.601588 -0.000000 -0.000000
681.948291 0.000000 0.000000
684.059069 -0.000000 -0.000000
681.871823 0.000000 0.000000
683.552818 -0.000000 -0.000000
681.913113 -0.000000 -0.000000
681.827685 -0.000000 -0.000000
681.483291 -0.000000 -0.000000
681.709922 -0.000000 -0.000000
681.759471 -0.000000 -0.000000
687.244741 -0.000000 -0.000000
681.065548 -0.000000 -0.000000
681.722769 -0.000000 0.000000
681.960057 0.000000 0.000000
681.144326 -0.000000 -0.000000
681.640145 -0.000000 -0.000000
681.213016 -0.000000 -0.000000
681.386170 -0.000000 -0.000000
680.850051 0.000000 0.000000
745.212209 0.000000 0.000000
705.081410 0.000000 -0.000000
688.213087 -0.000000 -0.000000
689.280346 -0.000000 0.000000
699.076760 -0.000000 -0.000000
893.407196 -0.000000 -0.000000
702.942511 -0.000000 -0.000000
702.618974 -0.000000 -0.000000
713.018487 0.000000 -0.000000
687.423240 0.000000 -0.000000
711.130344 -0.000000 -0.000000
688.357338 -0.000000 -0.000000
699.852950 -0.000000 -0.000000
684.583140 -0.000000 -0.000000
699.598725 -0.000000 -0.000000
683.393671 -0.000000 -0.000000
686.758209 -0.000000 -0.000000
767.151859 -0.000000 -0.000000
684.319281 -0.000000 -0.000000
695.771115 -0.000000 -0.000000
682.837179 -0.000000 -0.000000
686.474517 -0.000000 -0.000000
683.135438 -0.000000 -0.000000
685.194516 -0.000000 -0.000000
682.352740 -0.000000 -0.000000
689.003536 -0.000000 -0.000000
682.677015 0.000000 -0.000000
682.611375 -0.000000 -0.000000
682.627181 -0.000000 -0.000000
684.625698 -0.000000 -0.000000
681.751405 -0.000000 -0.000000
681.783404 -0.000000 -0.000000
681.875619 -0.000000 -0.000000
681.505802 -0.000000 -0.000000
681.876106 0.000000 -0.000000
681.038715 0.000000 -0.000000
682.030080 -0.000000 -0.000000
681.125859 0.000000 -0.000000
681.901343 -0.000000 -0.000000
681.081233 -0.000000 -0.000000
682.838141 -0.000000 -0.000000
681.097907 0.000000 -0.000000
681.688484 -0.000000 -0.000000
680.993170 0.000000 -0.000000
681.119040 0.000000 -0.000000
680.908476 0.000000 0.000000
681.456565 0.000000 -0.000000
680.893122 -0.000000 -0.000000
680.854085 0.000000 -0.000000
680.919490 -0.000000 0.000000
681.111448 -0.000000 -0.000000
680.814507 -0.000000 -0.000000
740.898400 0.000000 -0.000000
702.416330 -0.000000 -0.000000
687.764573 -0.000000 -0.000000
691.452884 -0.000000 0.000000
699.938499 -0.000000 0.000000
913.963803 -0.000000 0.000000
707.090552 0.000000 -0.000000
742.075780 -0.000000 0.000000
686.816318 -0.000000 -0.000000
700.779722 -0.000000 -0.000000
688.444880 0.000000 -0.000000
698.993464 -0.000000 -0.000000
689.741656 0.000000 -0.000000
692.535027 0.000000 -0.000000
685.298889 -0.000000 -0.000000
685.842300 -0.000000 -0.000000
685.336374 -0.000000 -0.000000
771.979739 -0.000000 -0.000000
684.368387 -0.000000 0.000000
688.636061 -0.000000 -0.000000
683.279107 -0.000000 -0.000000
686.755917 -0.000000 -0.000000
682.758869 -0.000000 -0.000000
686.644580 -0.000000 -0.000000
682.795231 0.000000 0.000000
684.948472 -0.000000 0.000000
682.646410 -0.000000 -0.000000
684.959024 -0.000000 0.000000
683.004024 0.000000 -0.000000
684.230983 -0.000000 -0.000000
682.190528 -0.000000 -0.000000
681.438773 -0.000000 -0.000000
681.744838 -0.000000 -0.000000
681.339301 0.000000 0.000000
683.576552 -0.000000 -0.000000
681.589466 -0.000000 -0.000000
681.961504 -0.000000 -0.000000
681.187034 0.000000 -0.000000
681.750709 0.000000 -0.000000
681.204229 -0.000000 -0.000000
682.279665 -0.000000 0.000000
681.177364 -0.000000 -0.000000
680.897024 0.000000 0.000000
681.293204 -0.000000 -0.000000
681.029637 0.000000 0.000000
680.802916 -0.000000 -0.000000
743.414665 -0.000000 0.000000
703.710503 -0.000000 -0.000000
688.046822 -0.000000 -0.000000
689.229974 -0.000000 -0.000000
699.302058 -0.000000 -0.000000
906.741882 0.000000 -0.000000
704.623061 -0.000000 -0.000000
740.992698 0.000000 -0.000000
685.641607 -0.000000 -0.000000
698.909454 -0.000000 -0.000000
700.964406 0.000000 0.000000
685.002810 -0.000000 -0.000000
699.921791 -0.000000 -0.000000
687.353411 -0.000000 0.000000
698.959105 0.000000 -0.000000
683.407533 -0.000000 -0.000000
770.152598 -0.000000 -0.000000
684.178660 -0.000000 -0.000000
684.143845 0.000000 -0.000000
688.622898 -0.000000 -0.000000
682.511424 -0.000000 -0.000000
684.712521 -0.000000 -0.000000
682.719516 0.000000 0.000000
693.403415 -0.000000 -0.000000
682.575101 0.000000 -0.000000
685.335041 -0.000000 0.000000
682.085269 -0.000000 -0.000000
682.981845 -0.000000 -0.000000
681.947128 -0.000000 -0.000000
681.669778 -0.000000 -0.000000
682.874198 -0.000000 0.000000
681.818778 -0.000000 -0.000000
682.896516 -0.000000 -0.000000
681.616051 -0.000000 -0.000000
681.486710 -0.000000 -0.000000
681.580437 -0.000000 0.000000
681.491358 0.000000 0.000000
681.137867 -0.000000 -0.000000
681.665242 -0.000000 -0.000000
681.147468 -0.000000 -0.000000
681.247310 0.000000 0.000000
681.466202 -0.000000 -0.000000
681.263975 -0.000000 0.000000
681.483079 -0.000000 -0.000000
681.086572 -0.000000 -0.000000
681.420299 -0.000000 -0.000000
680.984370 -0.000000 -0.000000
681.025076 -0.000000 -0.000000
680.873420 0.000000 0.000000
681.135207 -0.000000 -0.000000
680.879722 -0.000000 -0.000000
680.743108 -0.000000 -0.000000
740.914736 0.000000 0.000000
702.270439 0.000000 0.000000
687.121365 -0.000000 -0.000000
693.717084 0.000000 0.000000
698.969935 -0.000000 -0.000000
926.335974 -0.000000 -0.000000
706.063479 -0.000000 -0.000000
743.470613 -0.000000 -0.000000
686.279860 -0.000000 -0.000000
699.920797 -0.000000 -0.000000
687.833055 -0.000000 0.000000
699.385527 -0.000000 0.000000
684.906288 0.000000 -0.000000
693.505068 0.000000 -0.000000
684.712758 -0.000000 -0.000000
686.375020 -0.000000 -0.000000
735.730038 -0.000000 -0.000000
684.165800 -0.000000 -0.000000
687.573794 -0.000000 -0.000000
682.790399 -0.000000 -0.000000
692.889252 -0.000000 0.000000
682.440553 0.000000 -0.000000
684.799369 -0.000000 0.000000
682.936266 -0.000000 -0.000000
682.774624 -0.000000 -0.000000
685.319151 -0.000000 -0.000000
682.669568 0.000000 -0.000000
681.978003 -0.000000 -0.000000
682.763420 -0.000000 -0.000000
682.026623 -0.000000 -0.000000
682.780517 -0.000000 -0.000000
681.511711 0.000000 -0.000000
687.027956 -0.000000 -0.000000
681.651513 -0.000000 0.000000
681.547156 -0.000000 -0.000000
682.881878 -0.000000 -0.000000
681.198064 0.000000 -0.000000
681.056185 -0.000000 -0.000000
682.226394 -0.000000 -0.000000
681.077193 -0.000000 -0.000000
682.174381 -0.000000 -0.000000
680.915116 -0.000000 -0.000000
680.976614 -0.000000 -0.000000
680.784715 -0.000000 -0.000000
680.978382 -0.000000 -0.000000
681.472626 -0.000000 -0.000000
680.749570 -0.000000 0.000000
681.039343 -0.000000 -0.000000
680.743696 -0.000000 -0.000000
681.037750 -0.000000 -0.000000
680.755533 -0.000000 -0.000000
680.896927 -0.000000 -0.000000
680.723704 -0.000000 -0.000000
742.856661 0.000000 0.000000
700.466321 -0.000000 -0.000000
687.630580 -0.000000 -0.000000
691.068750 0.000000 -0.000000
699.885441 -0.000000 0.000000
871.734032 -0.000000 -0.000000
699.531703 -0.000000 -0.000000
705.358378 -0.000000 -0.000000
684.492239 -0.000000 -0.000000
697.890894 -0.000000 -0.000000
705.696635 -0.000000 -0.000000
688.289578 0.000000 0.000000
705.360187 0.000000 -0.000000
688.561041 -0.000000 -0.000000
689.958831 -0.000000 -0.000000
684.865945 0.000000 -0.000000
688.621056 -0.000000 -0.000000
684.621300 -0.000000 -0.000000
694.860547 -0.000000 -0.000000
683.919161 -0.000000 -0.000000
706.309560 -0.000000 -0.000000
684.542139 0.000000 -0.000000
682.142704 -0.000000 -0.000000
682.969651 -0.000000 -0.000000
691.291628 -0.000000 -0.000000
682.744895 -0.000000 -0.000000
683.350984 -0.000000 -0.000000
684.011097 0.000000 -0.000000
682.059109 -0.000000 -0.000000
685.013192 -0.000000 -0.000000
681.729344 0.000000 -0.000000
684.547410 -0.000000 -0.000000
681.475032 0.000000 -0.000000
681.840784 -0.000000 -0.000000
681.652460 -0.000000 0.000000
681.524999 -0.000000 0.000000
682.883209 -0.000000 -0.000000
680.872775 -0.000000 0.000000
681.845153 -0.000000 -0.000000
681.089519 0.000000 0.000000
681.921944 -0.000000 -0.000000
681.024513 -0.000000 -0.000000
681.723295 0.000000 -0.000000
680.901844 -0.000000 -0.000000
681.654598 -0.000000 -0.000000
680.924740 -0.000000 -0.000000
680.867274 -0.000000 -0.000000
681.017365 -0.000000 -0.000000
680.782270 -0.000000 -0.000000
681.232411 0.000000 -0.000000
680.768608 -0.000000 -0.000000
680.648571 -0.000000 -0.000000
741.951269 0.000000 0.000000
701.391997 -0.000000 -0.000000
687.267642 -0.000000 -0.000000
693.106556 0.000000 0.000000
699.637011 -0.000000 -0.000000
897.377453 -0.000000 -0.000000
702.121919 -0.000000 -0.000000
743.644613 0.000000 0.000000
685.462219 -0.000000 0.000000
700.110592 -0.000000 -0.000000
687.920594 0.000000 -0.000000
699.055945 -0.000000 0.000000
689.292183 -0.000000 -0.000000
690.377794 -0.000000 -0.000000
685.114806 -0.000000 -0.000000
688.044952 0.000000 -0.000000
683.938419 -0.000000 -0.000000
686.360896 -0.000000 0.000000
699.736102 -0.000000 -0.000000
684.494695 -0.000000 -0.000000
687.636922 0.000000 -0.000000
683.322418 -0.000000 -0.000000
689.192538 -0.000000 -0.000000
682.916723 -0.000000 -0.000000
681.865551 -0.000000 -0.000000
683.060922 -0.000000 -0.000000
683.495084 -0.000000 -0.000000
681.309681 0.000000 -0.000000
688.571105 -0.000000 -0.000000
681.701898 -0.000000 -0.000000
683.018069 -0.000000 -0.000000
681.907416 0.000000 0.000000
682.947946 -0.000000 -0.000000
681.631743 -0.000000 -0.000000
681.050295 -0.000000 -0.000000
681.620775 -0.000000 -0.000000
682.382816 -0.000000 -0.000000
681.152365 0.000000 -0.000000
681.861106 0.000000 -0.000000
681.102138 -0.000000 -0.000000
681.593259 -0.000000 -0.000000
681.029686 -0.000000 -0.000000
680.974207 -0.000000 -0.000000
680.932600 0.000000 -0.000000
681.489611 -0.000000 -0.000000
680.806949 -0.000000 -0.000000
680.970891 -0.000000 -0.000000
680.900175 0.000000 -0.000000
680.795588 -0.000000 -0.000000
681.114930 -0.000000 -0.000000
680.763706 -0.000000 -0.000000
680.923732 0.000000 -0.000000
680.752386 -0.000000 -0.000000
680.933944 -0.000000 -0.000000
680.732264 0.000000 0.000000
681.038256 -0.000000 0.000000
680.697641 -0.000000 -0.000000
680.914328 -0.000000 -0.000000
680.691154 -0.000000 -0.000000
680.676804 0.000000 0.000000
680.708282 -0.000000 -0.000000
680.774277 -0.000000 -0.000000
680.668290 -0.000000 -0.000000
680.724334 -0.000000 -0.000000
680.661089 -0.000000 -0.000000
680.747687 -0.000000 -0.000000
680.661837 -0.000000 -0.000000
680.638668 -0.000000 -0.000000
739.894405 0.000000 -0.000000
700.182655 -0.000000 -0.000000
687.323348 -0.000000 -0.000000
691.878062 0.000000 -0.000000
698.929316 -0.000000 -0.000000
896.487003 -0.000000 -0.000000
703.444630 -0.000000 -0.000000
740.683198 0.000000 -0.000000
686.044250 -0.000000 -0.000000
701.134722 -0.000000 -0.000000
685.427232 -0.000000 -0.000000
694.643523 -0.000000 -0.000000
687.131859 -0.000000 -0.000000
689.810438 0.000000 -0.000000
684.360206 -0.000000 -0.000000
728.135433 -0.000000 -0.000000
684.306045 -0.000000 0.000000
685.622897 -0.000000 0.000000
696.386823 -0.000000 -0.000000
682.346135 -0.000000 -0.000000
686.023173 -0.000000 -0.000000
682.781512 0.000000 -0.000000
686.293662 -0.000000 -0.000000
682.767315 -0.000000 -0.000000
681.713031 0.000000 -0.000000
689.908749 0.000000 -0.000000
682.644182 0.000000 -0.000000
682.237854 -0.000000 -0.000000
682.640423 -0.000000 -0.000000
685.291662 -0.000000 -0.000000
681.682008 0.000000 -0.000000
682.206353 -0.000000 -0.000000
682.002257 0.000000 -0.000000
682.456311 -0.000000 -0.000000
681.374114 -0.000000 -0.000000
681.988228 -0.000000 -0.000000
682.264617 -0.000000 -0.000000
681.183325 -0.000000 -0.000000
682.124333 -0.000000 -0.000000
681.198860 -0.000000 -0.000000
681.249406 -0.000000 -0.000000
681.828132 -0.000000 -0.000000
681.183812 -0.000000 -0.000000
680.775454 -0.000000 -0.000000
681.473133 0.000000 0.000000
680.923526 -0.000000 -0.000000
680.968051 -0.000000 -0.000000
680.830035 -0.000000 -0.000000
681.200547 0.000000 -0.000000
680.800164 -0.000000 -0.000000
681.020423 -0.000000 -0.000000
680.770832 -0.000000 -0.000000
680.853355 -0.000000 -0.000000
680.716832 -0.000000 -0.000000
680.844701 -0.000000 -0.000000
680.706978 -0.000000 -0.000000
680.767727 -0.000000 -0.000000
680.699989 -0.000000 -0.000000
680.826512 -0.000000 -0.000000
680.675823 -0.000000 -0.000000
680.746869 -0.000000 -0.000000
680.666279 -0.000000 0.000000
680.675164 -0.000000 -0.000000
680.713751 -0.000000 -0.000000
680.660527 -0.000000 -0.000000
680.697669 -0.000000 -0.000000
680.657247 -0.000000 -0.000000
680.657474 -0.000000 -0.000000
680.687081 -0.000000 -0.000000
680.644272 -0.000000 -0.000000
680.669005 -0.000000 -0.000000
680.647916 -0.000000 -0.000000
680.684871 -0.000000 -0.000000
680.640377 -0.000000 -0.000000
680.653632 -0.000000 -0.000000
680.640479 -0.000000 -0.000000
680.652578 -0.000000 -0.000000
680.641465 -0.000000 -0.000000
680.644775 -0.000000 -0.000000
680.637189 -0.000000 -0.000000
680.754147 -0.000000 -0.000000
687.555064 -0.000000 -0.000000
680.641504 -0.000000 -0.000000
680.633740 -0.000000 -0.000000
680.650609 -0.000000 -0.000000
681.661851 -0.000000 -0.000000
680.634140 -0.000000 -0.000000
681.606352 -0.000000 -0.000000
683.765789 -0.000000 -0.000000
685.019310 -0.000000 -0.000000
682.906757 -0.000000 -0.000000
686.400937 0.000000 -0.000000
680.645077 -0.000000 -0.000000
680.963441 -0.000000 -0.000000
680.638630 -0.000000 -0.000000
680.652306 -0.000000 -0.000000
680.631503 -0.000000 -0.000000
741.137785 0.000000 -0.000000
701.003500 -0.000000 -0.000000
687.301364 -0.000000 -0.000000
692.153969 -0.000000 -0.000000
698.958382 0.000000 -0.000000
897.138973 -0.000000 -0.000000
702.752269 -0.000000 -0.000000
741.835302 -0.000000 0.000000
685.577324 -0.000000 -0.000000
700.072188 -0.000000 -0.000000
687.843055 -0.000000 -0.000000
698.989199 -0.000000 -0.000000
684.876812 0.000000 0.000000
695.113856 0.000000 -0.000000
684.000408 -0.000000 -0.000000
684.835044 -0.000000 -0.000000
772.166000 -0.000000 -0.000000
683.906534 0.000000 -0.000000
689.422254 0.000000 -0.000000
682.452387 -0.000000 0.000000
685.329830 -0.000000 -0.000000
682.244826 -0.000000 -0.000000
686.174022 -0.000000 -0.000000
682.307055 0.000000 -0.000000
683.782745 -0.000000 -0.000000
683.882818 -0.000000 -0.000000
681.033373 0.000000 -0.000000
684.147103 -0.000000 -0.000000
681.873684 -0.000000 -0.000000
683.202095 -0.000000 -0.000000
681.404470 -0.000000 -0.000000
681.296016 0.000000 0.000000
681.430016 0.000000 -0.000000
682.927427 -0.000000 -0.000000
681.057458 0.000000 0.000000
682.038343 -0.000000 -0.000000
680.896762 -0.000000 0.000000
681.511365 0.000000 -0.000000
680.949953 -0.000000 -0.000000
681.511198 0.000000 -0.000000
680.879753 -0.000000 -0.000000
681.086676 -0.000000 -0.000000
680.861930 -0.000000 -0.000000
680.876119 -0.000000 -0.000000
680.806613 -0.000000 -0.000000
680.859049 -0.000000 -0.000000
680.797046 -0.000000 -0.000000
680.744451 -0.000000 -0.000000
680.999741 -0.000000 -0.000000
680.714030 -0.000000 0.000000
680.887681 -0.000000 -0.000000
680.707110 -0.000000 -0.000000
680.806867 -0.000000 -0.000000
680.692264 -0.000000 -0.000000
680.857561 -0.000000 -0.000000
680.690874 -0.000000 -0.000000
680.765757 -0.000000 -0.000000
680.674199 -0.000000 -0.000000
680.696940 -0.000000 -0.000000
680.701732 -0.000000 -0.000000
680.664613 -0.000000 -0.000000
680.697845 0.000000 -0.000000
680.665281 -0.000000 -0.000000
680.670110 -0.000000 -0.000000
680.707297 -0.000000 -0.000000
680.657275 -0.000000 -0.000000
680.682611 -0.000000 -0.000000
680.660301 -0.000000 -0.000000
680.680940 -0.000000 -0.000000
680.649098 -0.000000 -0.000000
680.644909 -0.000000 -0.000000
680.658543 -0.000000 -0.000000
680.656908 -0.000000 -0.000000
680.649729 -0.000000 -0.000000
680.654842 -0.000000 -0.000000
680.653596 -0.000000 -0.000000
680.666585 -0.000000 -0.000000
680.645610 -0.000000 -0.000000
680.655768 -0.000000 -0.000000
680.642582 -0.000000 -0.000000
680.638657 -0.000000 -0.000000
680.644330 -0.000000 -0.000000
680.632720 -0.000000 -0.000000
680.642761 -0.000000 -0.000000
680.646130 -0.000000 -0.000000
680.637329 -0.000000 -0.000000
680.634413 -0.000000 -0.000000
680.636838 -0.000000 -0.000000
680.633846 -0.000000 -0.000000
680.633678 -0.000000 -0.000000
680.639862 -0.000000 -0.000000
680.632041 -0.000000 -0.000000
680.634348 -0.000000 -0.000000
680.631333 -0.000000 -0.000000
680.636088 -0.000000 -0.000000
680.633424 -0.000000 -0.000000
680.631559 -0.000000 -0.000000
680.688292 -0.000000 -0.000000
698.113146 -0.000000 -0.000000
680.636734 -0.000000 -0.000000
685.236065 -0.000000 -0.000000
684.213751 -0.000000 -0.000000
684.695577 -0.000000 -0.000000
698.684093 -0.000000 -0.000000
685.715509 -0.000000 -0.000000
700.724977 -0.000000 0.000000
680.635626 -0.000000 -0.000000
680.749816 0.000000 -0.000000
681.059206 0.000000 -0.000000
681.453105 0.000000 -0.000000
681.137991 -0.000000 -0.000000
681.351894 -0.000000 -0.000000
680.633772 -0.000000 -0.000000
680.706248 -0.000000 -0.000000
680.759178 -0.000000 -0.000000
680.803676 -0.000000 0.000000
680.826720 0.000000 -0.000000
680.821201 -0.000000 -0.000000
680.630236 -0.000000 -0.000000
680.640398 -0.000000 -0.000000
680.630205 -0.000000 -0.000000
680.633496 -0.000000 -0.000000
680.633093 -0.000000 -0.000000
680.631693 -0.000000 -0.000000
680.630139 -0.000000 -0.000000
680.632697 -0.000000 -0.000000
680.630547 -0.000000 -0.000000
680.732692 -0.000000 -0.000000
680.785554 -0.000000 -0.000000
680.791581 0.000000 -0.000000
680.841947 -0.000000 -0.000000
680.824156 -0.000000 -0.000000
680.630209 -0.000000 -0.000000
680.631096 -0.000000 -0.000000
680.630319 -0.000000 -0.000000
680.630721 -0.000000 -0.000000
680.630197 -0.000000 -0.000000
680.630395 -0.000000 -0.000000
680.630145 -0.000000 -0.000000
680.630271 -0.000000 -0.000000
680.630128 -0.000000 -0.000000
680.630173 -0.000000 -0.000000
680.630207 -0.000000 -0.000000
680.630116 -0.000000 -0.000000
680.630291 -0.000000 -0.000000
680.630107 -0.000000 -0.000000
680.630618 -0.000000 -0.000000
680.630169 -0.000000 -0.000000
680.630154 -0.000000 -0.000000
680.630102 -0.000000 -0.000000
680.630696 -0.000000 -0.000000
680.630169 -0.000000 -0.000000
680.630120 -0.000000 -0.000000
680.648763 -0.000000 -0.000000
680.659864 -0.000000 -0.000000
680.660176 -0.000000 -0.000000
680.666309 -0.000000 -0.000000
680.681798 -0.000000 -0.000000
680.630150 -0.000000 -0.000000
680.630062 -0.000000 -0.000000
680.630362 -0.000000 -0.000000
680.630061 -0.000000 -0.000000
680.630060 -0.000000 -0.000000
680.630082 -0.000000 -0.000000
680.630123 -0.000000 -0.000000
680.630083 -0.000000 -0.000000
680.632419 -0.000000 -0.000000
680.634914 -0.000000 -0.000000
680.636560 -0.000000 -0.000000
680.639687 -0.000000 -0.000000
680.640732 -0.000000 -0.000000
680.630064 -0.000000 -0.000000
680.630059 -0.000000 -0.000000
680.630071 -0.000000 -0.000000
680.630103 -0.000000 -0.000000
680.630070 -0.000000 -0.000000
680.631250 -0.000000 -0.000000
680.631413 -0.000000 -0.000000
680.631438 -0.000000 -0.000000
680.631856 -0.000000 -0.000000
680.632777 -0.000000 -0.000000
680.630062 -0.000000 -0.000000
680.630057 -0.000000 -0.000000
680.630067 -0.000000 -0.000000
680.630057 -0.000000 -0.000000
680.630060 -0.000000 -0.000000
680.630156 -0.000000 -0.000000
680.630248 -0.000000 -0.000000
680.630487 -0.000000 -0.000000
680.630554 -0.000000 -0.000000
680.630767 -0.000000 -0.000000
680.630058 -0.000000 -0.000000
680.630057 -0.000000 -0.000000
680.630059 -0.000000 -0.000000
680.630058 -0.000000 -0.000000
680.630089 -0.000000 -0.000000
680.630123 -0.000000 -0.000000
680.630135 -0.000000 -0.000000
680.630107 -0.000000 -0.000000
680.630154 -0.000000 -0.000000
680.630057 -0.000000 -0.000000
680.630073 -0.000000 -0.000000
680.630058 -0.000000 -0.000000
680.630058 -0.000000 -0.000000
680.630066 -0.000000 -0.000000
680.630111 -0.000000 -0.000000
680.630101 -0.000000 -0.000000
680.630089 -0.000000 -0.000000
680.630105 -0.000000 -0.000000
680.630057 -0.000000 -0.000000
680.630067 -0.000000 -0.000000
680.630058 -0.000000 -0.000000
680.630057 -0.000000 -0.000000
680.630064 -0.000000 -0.000000
680.630059 -0.000000 -0.000000
680.630065 -0.000000 -0.000000
680.630065 -0.000000 -0.000000
680.630065 -0.000000 -0.000000
680.630057 -0.000000 -0.000000
680.630060 -0.000000 -0.000000
680.630057 -0.000000 -0.000000
680.630057 -0.000000 -0.000000
680.630058 -0.000000 -0.000000
680.630058 -0.000000 -0.000000
680.630058 -0.000000 -0.000000
680.630058 -0.000000 -0.000000
680.630058 -0.000000 -0.000000
680.630060 -0.000000 -0.000000
680.630058 -0.000000 -0.000000
680.630057 -0.000000 -0.000000
680.630057 -0.000000 -0.000000
680.630058 -0.000000 -0.000000
680.630057 -0.000000 -0.000000
680.630058 -0.000000 -0.000000
680.630058 -0.000000 -0.000000
680.630058 -0.000000 -0.000000
680.630057 -0.000000 -0.000000
680.630057 -0.000000 -0.000000
680.630057 -0.000000 -0.000000
680.630057 -0.000000 -0.000000
680.630057 -0.000000 -0.000000
680.630058 -0.000000 -0.000000
680.630057 -0.000000 -0.000000
680.630057 -0.000000 -0.000000
680.630057 -0.000000 -0.000000
680.630057 -0.000000 -0.000000
680.630057 -0.000000 -0.000000
680.630057 -0.000000 -0.000000
680.630057 -0.000000 -0.000000
680.630057 -0.000000 -0.000000
680.630057 -0.000000 -0.000000
680.630057 -0.000000 -0.000000
680.630057 -0.000000 -0.000000
680.630057 -0.000000 -0.000000
680.630057 -0.000000 -0.000000
680.630057 -0.000000 -0.000000
680.630057 -0.000000 -0.000000
680.630057 -0.000000 -0.000000
680.630057 -0.000000 -0.000000
680.630057 -0.000000 -0.000000
680.630057 -0.000000 -0.000000
680.630057 -0.000000 -0.000000
680.630057 -0.000000 -0.000000
680.630057 -0.000000 -0.000000
680.630057 -0.000000 -0.000000
680.630057 -0.000000 -0.000000
680.630057 -0.000000 -0.000000
680.630057 -0.000000 -0.000000
680.630057 -0.000000 -0.000000
680.630057 -0.000000 -0.000000
680.630057 -0.000000 -0.000000
680.630057 -0.000000 -0.000000
680.630057 -0.000000 -0.000000
680.630057 -0.000000 -0.000000
680.630057 -0.000000 -0.000000
680.630057 -0.000000 -0.000000
680.630057 -0.000000 -0.000000
680.630057 -0.000000 -0.000000
680.630057 -0.000000 -0.000000
680.630057 -0.000000 -0.000000
680.630057 -0.000000 -0.000000
680.630057 -0.000000 -0.000000
680.630057 -0.000000 -0.000000
680.630057 -0.000000 -0.000000
680.630057 -0.000000 -0.000000
680.630057 -0.000000 -0.000000
680.630057 -0.000000 -0.000000
680.630057 -0.000000 -0.000000
680.630057 -0.000000 -0.000000
680.630057 -0.000000 -0.000000
680.630057 -0.000000 -0.000000
680.630057 -0.000000 -0.000000
680.630057 -0.000000 -0.000000
680.630057 -0.000000 -0.000000
680.630057 -0.000000 -0.000000
680.630057 -0.000000 -0.000000
680.630057 -0.000000 -0.000000
680.630057 -0.000000 -0.000000
680.630057 -0.000000 -0.000000
680.630057 -0.000000 -0.000000
680.630057 -0.000000 -0.000000
680.630057 -0.000000 -0.000000
680.630057 -0.000000 -0.000000
680.630057 -0.000000 -0.000000
680.630057 -0.000000 -0.000000
680.630057 -0.000000 -0.000000
680.630057 -0.000000 -0.000000
680.630057 -0.000000 -0.000000
680.630057 -0.000000 -0.000000
680.630057 -0.000000 -0.000000
680.630057 -0.000000 -0.000000
680.630057 -0.000000 -0.000000
680.630057 -0.000000 -0.000000
680.630057 -0.000000 -0.000000
680.630057 -0.000000 -0.000000
680.630057 -0.000000 -0.000000
680.630057 -0.000000 -0.000000
680.630057 -0.000000 -0.000000
680.630057 -0.000000 -0.000000
680.630057 -0.000000 -0.000000
680.630057 -0.000000 -0.000000
680.630057 -0.000000 -0.000000
680.630057 -0.000000 -0.000000
680.630057 -0.000000 -0.000000
680.630057 -0.000000 -0.000000
680.630057 -0.000000 -0.000000
680.630057 -0.000000 -0.000000
680.630057 -0.000000 -0.000000
680.630057 -0.000000 -0.000000
680.630057 -0.000000 -0.000000
680.630057 -0.000000 -0.000000
680.630057 -0.000000 -0.000000
680.630057 -0.000000 -0.000000
680.630057 -0.000000 -0.000000
680.630057 -0.000000 -0.000000
680.630057 -0.000000 -0.000000
680.630057 -0.000000 -0.000000
680.630057 -0.000000 -0.000000
680.630057 -0.000000 -0.000000
680.630057 -0.000000 -0.000000
680.630057 -0.000000 -0.000000
680.630057 -0.000000 -0.000000
680.630057 -0.000000 -0.000000
680.630057 -0.000000 -0.000000
680.630057 -0.000000 -0.000000
680.630057 -0.000000 -0.000000
680.630057 -0.000000 -0.000000
680.630057 -0.000000 -0.000000
680.630057 -0.000000 -0.000000
680.630057 -0.000000 -0.000000
680.630057 -0.000000 -0.000000
680.630057 -0.000000 -0.000000
680.630057 -0.000000 -0.000000
680.630057 -0.000000 -0.000000
680.630057 -0.000000 -0.000000
680.630057 -0.000000 -0.000000
680.630057 -0.000000 -0.000000
680.630057 -0.000000 -0.000000
680.630057 -0.000000 -0.000000
680.630057 -0.000000 -0.000000
680.630057 -0.000000 -0.000000
680.630057 -0.000000 -0.000000
680.630057 -0.000000 -0.000000
680.630057 -0.000000 -0.000000
680.630057 -0.000000 -0.000000
680.630057 -0.000000 -0.000000
680.630057 -0.000000 -0.000000
680.630057 -0.000000 -0.000000
680.630057 -0.000000 -0.000000
680.630057 -0.000000 -0.000000
680.630057 -0.000000 -0.000000
680.630057 -0.000000 -0.000000
680.630057 -0.000000 -0.000000
680.630057 -0.000000 -0.000000
680.630057 -0.000000 -0.000000
680.630057 -0.000000 -0.000000
680.630057 -0.000000 -0.000000
680.630057 -0.000000 -0.000000
680.630057 -0.000000 -0.000000
680.630057 -0.000000 -0.000000
680.630057 -0.000000 -0.000000
680.630057 -0.000000 -0.000000
680.630057 -0.000000 -0.000000
680.630057 -0.000000 -0.000000
680.630057 -0.000000 -0.000000
680.630057 -0.000000 -0.000000
680.630057 -0.000000 -0.000000
680.630057 -0.000000 -0.000000
680.630057 -0.000000 -0.000000
680.630057 -0.000000 -0.000000
680.630057 -0.000000 -0.000000
680.630057 -0.000000 -0.000000
680.630057 -0.000000 -0.000000
680.630057 -0.000000 -0.000000
680.630057 -0.000000 -0.000000
680.630057 -0.000000 -0.000000
680.630057 -0.000000 -0.000000
680.630057 -0.000000 -0.000000
680.630057 -0.000000 -0.000000
680.630057 -0.000000 -0.000000
680.630057 -0.000000 -0.000000
680.630057 -0.000000 -0.000000
680.630057 -0.000000 -0.000000
680.630057 -0.000000 -0.000000
680.630057 -0.000000 -0.000000
680.630057 -0.000000 -0.000000
680.630057 -0.000000 -0.000000
680.630057 -0.000000 -0.000000
680.630057 -0.000000 -0.000000
680.630057 -0.000000 -0.000000
680.630057 -0.000000 -0.000000
680.630057 -0.000000 -0.000000
680.630057 -0.000000 -0.000000
680.630057 -0.000000 -0.000000
680.630057 -0.000000 -0.000000
680.630057 -0.000000 -0.000000
680.630057 -0.000000 -0.000000
680.630057 -0.000000 -0.000000
680.630057 -0.000000 -0.000000
680.630057 -0.000000 -0.000000
680.630057 -0.000000 -0.000000
680.630057 -0.000000 -0.000000
680.630057 -0.000000 -0.000000
680.630057 -0.000000 -0.000000
680.630057 -0.000000 -0.000000
680.630057 -0.000000 -0.000000
680.630057 -0.000000 -0.000000
680.630057 -0.000000 -0.000000
680.630057 -0.000000 -0.000000
680.630057 -0.000000 -0.000000
680.630057 -0.000000 -0.000000
680.630057 -0.000000 -0.000000
680.630057 -0.000000 -0.000000
680.630057 -0.000000 -0.000000
680.630057 -0.000000 -0.000000
680.630057 -0.000000 -0.000000
680.630057 -0.000000 -0.000000
680.630057 -0.000000 -0.000000
680.630057 -0.000000 -0.000000
680.630057 -0.000000 -0.000000
680.630057 -0.000000 -0.000000
680.630057 -0.000000 -0.000000
680.630057 -0.000000 -0.000000
680.630057 -0.000000 -0.000000
