0.000000 -0.000000 2.837000 -0.000000 0.116800 -0.000000
0.000000 669.853000 21.518700 13.525000 0.105120 2.196000
0.000000 0.107000 3.824000 -0.000000 0.883200 -0.000000
0.000000 0.126000 2.837000 0.235000 0.116800 1.000000
0.000000 -0.000000 25.787000 -0.000000 1.116800 -0.000000
0.000000 21.563000 2.664000 0.838000 1.116800 0.196000
0.000000 -0.000000 3.120700 -0.000000 0.128480 -0.000000
0.000000 45.830000 2.837000 0.921000 0.116800 0.007100
0.000000 13.697000 3.010000 0.842000 0.883200 0.196000
0.000000 85.560000 0.567000 9.827000 4.116800 2.595100
0.000000 683.559812 7.138425 7.466250 2.619720 2.694875
0.000000 92.873617 3.231342 4.865725 1.307501 1.183604
0.000000 3.053866 14.265017 3.446754 0.656166 0.188651
0.000000 1.418287 3.789215 0.164707 0.363200 0.009471
0.000000 2.708685 5.188802 0.581618 0.225400 0.515676
0.000000 3.617828 12.218992 2.545196 0.486917 0.077926
0.000000 1.119492 2.375120 2.694247 0.111800 0.108671
0.000000 0.115730 3.208350 0.065238 0.132640 0.000100
0.000000 22.409481 5.116333 0.279250 0.225200 0.018490
0.000000 1.204476 10.319297 2.749659 0.466883 0.034626
0.000000 495.317509 30.904434 0.442641 1.072406 0.077965
0.000000 8.862832 3.768916 3.783630 0.529145 0.667483
0.000000 3.184209 0.083995 2.087892 0.290013 0.398866
0.000000 0.786600 2.837000 0.000400 0.116800 -0.000000
0.000000 1.350056 3.496237 0.153858 0.063083 0.016022
0.000000 0.886466 1.690859 0.454306 0.056450 0.185854
0.000000 26.604184 1.747564 1.824016 0.124602 0.743416
0.000000 3.307789 5.599132 1.606477 0.482634 0.022517
0.000000 0.962115 1.426585 1.143890 0.101997 0.272333
0.000000 5.570185 3.034977 2.531312 0.007322 0.263889
0.000000 0.777616 2.424802 1.394124 0.085585 0.149600
0.000000 2.367139 1.636192 0.329167 0.224756 0.390167
0.000000 2.627348 1.396732 0.507883 0.054499 0.500778
0.000000 3.276808 1.155340 0.725074 0.049822 0.625898
0.000000 0.445070 2.525366 0.153802 0.103907 0.154649
0.000000 0.083544 3.177143 0.112400 0.131355 0.041960
0.000000 1.098258 1.910675 0.405824 0.071884 0.383329
0.000000 6.058922 4.023032 1.569862 0.083165 0.256330
0.000000 82.903645 2.078271 3.784247 0.269848 0.084680
0.000000 0.426770 1.447839 0.683673 0.055666 0.682534
0.000000 6.696263 0.643273 1.485164 0.050917 2.673774
0.000000 5.344711 1.181733 0.580516 0.023071 0.704636
0.000000 0.149240 2.434445 0.262237 0.100134 0.293751
0.000000 3.616455 3.220465 0.836644 0.068367 0.677805
0.000000 28.836134 10.223509 0.333776 0.415855 0.731837
0.000000 2.422854 2.652654 0.994403 0.067034 1.682005
0.000000 27.857100 11.712588 0.246720 0.708597 0.657650
0.000000 15.110230 1.446974 2.151327 0.060666 0.780534
0.000000 9.949273 2.918583 0.284347 0.001194 0.691792
0.000000 25.167102 0.733925 1.076419 0.045433 0.686384
0.000000 10.330961 2.379750 1.927988 0.002465 0.688392
0.000000 125.012591 8.412140 2.861902 0.150485 0.335893
0.000000 6.392618 0.662253 1.367664 0.050917 2.173774
0.000000 0.082718 2.515866 0.231926 0.105353 0.003920
0.000000 4.739848 1.769608 1.132045 0.029416 0.196247
0.000000 1.673249 2.200266 0.778606 0.063168 0.166609
0.000000 1.398908 1.994970 0.515950 0.000301 0.178738
0.000000 0.096484 1.120304 0.152771 0.073298 0.394596
0.000000 1.799850 0.233087 0.246846 0.175146 0.604165
0.000000 1.725484 0.986670 0.011028 0.112956 0.297187
0.000000 1.788868 0.690821 0.107518 0.098403 0.536565
0.000000 5.034577 0.979255 0.730310 0.025717 0.434196
0.000000 1.093970 1.747145 0.242670 0.002484 0.239638
0.000000 12.505263 0.503434 2.592030 0.376190 0.515218
0.000000 7.452320 0.429539 0.383253 0.134982 0.372034
0.000000 0.561583 1.483192 0.190577 0.017501 0.395258
0.000000 1.593478 0.600107 0.412321 0.062382 0.400645
0.000000 3.385028 0.666082 1.199395 0.055331 0.363188
0.000000 0.370044 1.108386 0.555641 0.070465 0.400689
0.000000 1.711928 1.127641 0.128299 0.072742 0.393654
0.000000 0.667531 1.018784 0.039932 0.068786 0.389076
0.000000 0.955396 1.424966 0.223881 0.193885 0.395807
0.000000 1.264783 0.482064 0.793894 0.186165 0.415538
0.000000 1.135828 0.808833 0.348862 0.067881 0.419505
0.000000 4.583575 0.637161 0.595281 0.294864 0.412263
0.000000 84.034141 2.610577 3.386012 0.096213 0.499247
0.000000 7.364610 5.785177 1.349553 0.172253 0.597230
0.000000 3.721230 2.610151 2.605161 0.020718 1.485664
0.000000 1.306121 1.502095 0.028609 0.070758 0.387687
0.000000 7.378599 0.189548 1.356676 0.073630 0.561544
0.000000 0.180547 0.890424 1.026128 0.081098 0.399545
0.000000 73.347330 0.717465 7.218810 0.039594 1.100027
0.000000 12.409469 0.476198 2.575580 0.376190 0.445218
0.000000 4.164918 0.584606 0.989525 0.218714 0.125069
0.000000 0.037884 1.262179 0.244789 0.015650 0.546705
0.000000 0.744942 0.500809 0.007893 0.043104 0.447836
0.000000 1.867889 0.144892 0.082350 0.162240 0.475285
0.000000 0.967904 0.193851 0.033245 0.155381 0.462054
0.000000 0.266682 1.186470 0.817846 0.059802 0.447543
0.000000 0.716804 1.005895 0.466153 0.002318 0.443805
0.000000 1.987698 0.865168 0.619265 0.030099 0.454356
0.000000 0.349903 0.820503 0.096638 0.063531 0.427485
0.000000 0.483131 0.754770 1.025458 0.031999 0.477016
0.000000 0.016273 0.852528 0.496424 0.062748 0.419385
0.000000 0.224262 0.412858 0.244983 0.090397 0.307216
0.000000 0.874288 0.024886 0.457186 0.122312 0.187907
0.000000 0.619387 0.445342 0.582256 0.139314 0.372647
0.000000 1.398804 0.119391 0.417417 0.091214 0.411592
0.000000 0.408848 0.857238 0.327255 0.071448 0.403287
0.000000 1.066633 0.892123 0.604434 0.167394 0.343609
0.000000 0.539689 0.084873 0.195621 0.086980 0.324576
0.000000 12.355991 1.391168 0.376316 0.295837 0.661751
0.000000 2.493846 1.703594 0.762033 0.117393 0.312774
0.000000 3.084123 0.220554 0.252210 0.135749 1.299267
0.000000 3.170141 5.005369 0.010768 0.084318 0.257867
0.000000 15.341597 0.048406 1.297715 0.091565 0.344987
0.000000 10.085981 0.943137 0.545013 0.228641 0.275209
0.000000 3.703700 0.644053 0.278606 0.066562 0.311386
0.000000 1.363055 1.097007 0.220810 0.018511 0.311925
0.000000 0.892465 1.952041 1.257725 0.063968 0.306980
0.000000 1.610609 0.766286 0.696084 0.167394 0.046391
0.000000 0.944952 0.813885 0.396139 0.009520 0.255396
0.000000 0.254177 0.404605 0.074387 0.111847 0.412989
0.000000 0.647929 0.067006 0.058578 0.092579 0.320568
0.000000 0.160414 0.386681 0.253554 0.090797 0.318214
0.000000 1.340314 0.306965 0.284662 0.090797 0.351214
0.000000 0.723236 0.096507 0.250092 0.017112 0.311252
0.000000 4.783561 0.398633 0.880206 0.047914 0.191761
0.000000 1.107226 0.508344 0.417210 0.184197 0.259863
0.000000 6.079932 0.246453 0.820226 0.051314 0.824021
0.000000 0.711737 2.678359 0.207340 0.009203 0.293214
0.000000 6.186097 0.094143 0.583347 0.140446 0.843882
0.000000 0.549254 0.451943 0.313917 0.085061 0.299074
0.000000 0.861281 0.424523 0.671363 0.065914 0.183224
0.000000 5.600524 0.429800 0.070976 0.051314 0.134021
0.000000 29.778417 1.680627 0.541906 0.156216 0.177734
0.000000 1.314440 0.308149 0.278924 0.091997 0.351207
0.000000 1.008683 0.114458 0.196000 0.199355 0.231207
0.000000 0.429678 0.399045 0.057949 0.018776 0.395243
0.000000 2.988184 0.434242 0.016093 0.089848 0.348067
0.000000 1.635776 0.485671 0.111592 0.145531 0.329976
0.000000 0.181863 0.296237 0.259486 0.091888 0.521618
0.000000 0.374035 1.536085 0.261734 0.040764 0.302416
0.000000 0.826075 0.531564 0.261800 0.056601 0.356405
0.000000 2.614916 0.529277 0.030355 0.080062 0.340125
0.000000 2.718323 0.398788 0.179176 0.090214 0.316285
0.000000 0.599354 0.388642 0.077417 0.090647 0.317982
0.000000 13.213360 1.096561 1.306317 0.125019 0.036180
0.000000 0.332171 0.445146 0.497531 0.154379 0.418860
0.000000 0.430388 0.179885 0.066843 0.050497 0.337890
0.000000 0.306264 0.094812 0.314053 0.068018 0.420790
0.000000 0.474770 0.594123 0.393903 0.060538 0.437304
0.000000 0.317238 0.097656 0.054802 0.084429 0.346908
0.000000 0.558786 0.048347 0.270200 0.149200 0.355384
0.000000 0.226678 0.312658 0.113531 0.051780 0.380012
0.000000 0.385861 0.132825 0.030976 0.065238 0.194594
0.000000 0.779739 0.023450 0.086095 0.049224 0.025052
0.000000 0.495743 0.590896 0.059790 0.064929 0.358893
0.000000 0.158418 0.085241 0.162615 0.082035 0.327663
0.000000 0.138149 0.033273 0.209489 0.033671 0.243841
0.000000 0.461048 0.135963 0.285316 0.006160 0.165647
0.000000 0.500693 0.082459 0.028899 0.042359 0.333893
0.000000 0.738410 0.204490 0.118107 0.057523 0.202231
0.000000 0.042599 0.117899 0.205966 0.065381 0.363718
0.000000 0.154068 0.417523 0.216251 0.089647 0.297875
0.000000 0.103986 0.042560 0.027242 0.039381 0.308860
0.000000 0.134505 0.255539 0.170896 0.012575 0.292820
0.000000 0.509793 0.188389 0.041072 0.029420 0.331495
0.000000 0.020068 0.267065 0.151743 0.074372 0.300941
0.000000 0.270177 0.067958 0.291998 0.074365 0.278355
0.000000 0.226438 0.125234 0.154933 0.078328 0.216157
0.000000 0.333938 0.072651 0.056515 0.057066 0.299751
0.000000 0.252009 0.034177 0.151348 0.039664 0.221930
0.000000 0.420337 0.050148 0.316216 0.063151 0.247061
0.000000 0.149664 0.067808 0.036667 0.058445 0.286623
0.000000 0.566755 0.033975 0.231018 0.051220 0.375634
0.000000 0.162251 0.095202 0.080191 0.062244 0.239756
0.000000 0.060323 0.015656 0.023454 0.051897 0.175237
0.000000 0.093849 0.083178 0.066544 0.045159 0.075973
0.000000 0.099982 0.248481 0.025356 0.035657 0.179606
0.000000 0.103880 0.155692 0.021906 0.015922 0.112865
0.000000 0.205682 0.050367 0.058831 0.004464 0.203643
0.000000 0.361214 0.103305 0.106105 0.034388 0.188562
0.000000 0.102015 0.001673 0.087018 0.038355 0.213553
0.000000 0.301680 0.119548 0.197909 0.040088 0.163294
0.000000 0.048404 0.001766 0.109100 0.035711 0.218934
0.000000 0.089191 0.169972 0.006579 0.010700 0.101329
0.000000 0.090024 0.077462 0.064237 0.022612 0.030220
0.000000 0.214402 0.076117 0.112234 0.013908 0.113922
0.000000 0.104333 0.160644 0.021644 0.023170 0.119784
0.000000 0.196102 0.159556 0.045700 0.013224 0.029624
0.000000 0.350566 0.173809 0.095291 0.040354 0.016821
0.000000 0.084068 0.005004 0.019916 0.013398 0.154476
0.000000 0.138221 0.080992 0.089332 0.064505 0.229930
0.000000 0.101997 0.101669 0.012163 0.006312 0.077121
0.000000 0.071958 0.105488 0.069065 0.005099 0.006707
0.000000 0.065833 0.142655 0.138684 0.000352 0.049591
0.000000 0.163938 0.371001 0.088199 0.006696 0.010389
0.000000 0.051934 0.026599 0.006379 0.019094 0.092323
0.000000 0.102926 0.007954 0.041385 0.014617 0.006758
0.000000 0.082193 0.049205 0.067663 0.020650 0.000590
0.000000 0.060444 0.055239 0.081445 0.036457 0.162398
0.000000 0.038114 0.009150 0.027066 0.027505 0.109557
0.000000 0.162789 0.065324 0.022322 0.026906 0.059886
0.000000 0.036855 0.021600 0.021557 0.016808 0.105848
0.000000 0.068978 0.027301 0.035497 0.011752 0.028379
0.000000 0.144689 0.081355 0.086892 0.039942 0.009418
0.000000 0.123538 0.077260 0.007904 0.022380 0.017616
0.000000 0.063142 0.034409 0.007814 0.018334 0.027514
0.000000 0.040674 0.111150 0.063537 0.026871 0.098185
0.000000 0.036482 0.049665 0.035345 0.010525 0.027121
0.000000 0.136937 0.092366 0.094932 0.006320 0.074134
0.000000 0.035483 0.033942 0.025192 0.018499 0.038648
0.000000 0.096021 0.007003 0.058070 0.000869 0.025569
0.000000 0.025505 0.054505 0.039970 0.000498 0.073276
0.000000 0.000488 0.007225 0.010290 0.000402 0.043734
0.000000 0.013694 0.020669 0.025738 0.007799 0.113519
0.000000 0.077679 0.008456 0.062842 0.018472 0.088156
0.000000 0.057418 0.006544 0.028663 0.003905 0.005337
0.000000 0.156286 0.005756 0.049654 0.000317 0.055455
0.000000 0.039013 0.007216 0.018361 0.011024 0.016438
0.000000 0.026811 0.044233 0.012302 0.006284 0.048945
0.000000 0.064516 0.040094 0.043138 0.010449 0.058162
0.000000 0.011147 0.032127 0.020624 0.003088 0.035462
0.000000 0.059728 0.060799 0.040787 0.026754 0.014042
0.000000 0.041630 0.006126 0.016164 0.002182 0.017800
0.000000 0.057572 0.075785 0.007866 0.008618 0.013010
0.000000 0.030274 0.006395 0.003705 0.011643 0.017401
0.000000 0.033788 0.025523 0.044769 0.000509 0.022559
0.000000 0.015708 0.039215 0.005817 0.017679 0.062762
0.000000 0.010868 0.023885 0.010117 0.000286 0.021081
0.000000 0.131945 0.109835 0.053985 0.036010 0.135897
0.000000 0.050795 0.025909 0.013664 0.011745 0.034898
0.000000 0.010594 0.011118 0.005134 0.004245 0.014497
0.000000 0.341369 0.220961 0.025882 0.024959 0.005465
0.000000 0.127647 0.009622 0.018119 0.005755 0.025503
0.000000 0.129390 0.018646 0.006658 0.005991 0.013223
0.000000 1.848337 0.507242 0.065259 0.007116 0.044956
0.000000 0.805249 0.109818 0.040992 0.095755 0.014497
0.000000 0.777853 0.894542 0.002667 0.031062 0.156310
0.000000 0.765752 2.266613 0.085312 0.124263 0.058906
0.000000 6.245076 1.897778 1.249091 0.096075 0.193944
0.000000 2.243908 0.668706 0.046163 0.011487 0.068763
0.000000 5.985047 0.485931 0.077862 0.016753 0.068877
0.000000 0.772214 1.670277 1.141358 0.046035 0.197971
0.000000 4.642652 7.078164 0.080242 0.175760 0.108593
0.000000 0.054077 0.118341 0.050675 0.016481 0.005686
0.000000 0.062957 0.034391 0.044188 0.006289 0.026077
0.000000 0.016783 0.010563 0.023496 0.001205 0.012945
0.000000 1.530228 0.060950 0.130459 0.006536 0.047284
0.000000 0.116129 0.079740 0.015778 0.044196 0.024163
0.000000 3.997192 0.287816 0.614529 0.044403 0.049905
0.000000 0.150880 1.156120 0.066490 0.052746 0.019971
0.000000 3.646266 0.080510 0.163652 0.011657 0.053676
0.000000 0.758931 0.025154 0.110710 0.000936 0.023354
0.000000 2.047550 0.035457 0.004751 0.006708 0.032508
0.000000 0.958875 0.122660 0.215601 0.016908 0.088979
0.000000 8.358432 1.415607 0.333572 0.022183 0.051345
0.000000 0.057633 0.000571 0.041778 0.001257 0.006614
0.000000 0.031513 0.003710 0.010918 0.003161 0.002277
0.000000 1.838354 0.162546 0.117312 0.014111 0.023479
0.000000 0.234473 0.083203 0.024427 0.012070 0.009084
0.000000 0.753585 0.086885 0.078054 0.003425 0.033659
0.000000 0.674284 0.473648 0.104699 0.018441 0.034656
0.000000 0.045181 0.350673 0.057262 0.018640 0.046292
0.000000 1.177176 0.117418 0.104455 0.008001 0.029136
0.000000 0.583173 0.060114 0.010882 0.008869 0.009168
0.000000 0.361751 0.080058 0.099117 0.010785 0.007240
0.000000 4.252358 0.119780 0.479119 0.056634 0.005513
0.000000 0.024489 0.034147 0.015453 0.002064 0.045106
0.000000 0.003568 0.014758 0.011592 0.002792 0.015281
0.000000 0.111480 0.023018 0.005815 0.004880 0.011788
0.000000 0.605669 0.248407 0.122674 0.002402 0.009759
0.000000 0.109969 0.056421 0.020228 0.000682 0.006860
0.000000 0.574874 0.242800 0.094937 0.006287 0.025022
0.000000 0.809331 0.154212 0.009522 0.020565 0.008365
0.000000 0.076479 0.022985 0.013044 0.001377 0.015273
0.000000 0.509442 0.026277 0.022544 0.005568 0.014066
0.000000 0.311556 0.172016 0.028461 0.010597 0.018398
0.000000 0.912107 0.343632 0.004804 0.008834 0.034952
0.000000 0.042214 0.010233 0.011778 0.008634 0.028064
0.000000 0.021044 0.002217 0.009151 0.000513 0.006366
0.000000 0.054438 0.006315 0.029661 0.007189 0.029182
0.000000 0.015513 0.003947 0.006384 0.006458 0.005038
0.000000 0.012632 0.011621 0.003245 0.004909 0.043197
0.000000 0.002851 0.002643 0.006920 0.001531 0.022023
0.000000 0.025067 0.011553 0.013356 0.008865 0.027853
0.000000 0.016456 0.001973 0.000584 0.006519 0.006091
0.000000 0.020205 0.025998 0.002642 0.004750 0.017514
0.000000 0.002292 0.011636 0.006879 0.000982 0.011470
0.000000 0.060698 0.052474 0.026078 0.015597 0.064117
0.000000 0.028191 0.003603 0.022713 0.000764 0.009370
0.000000 0.016584 0.002468 0.002525 0.002591 0.000583
0.000000 0.071456 0.026152 0.030643 0.007368 0.032123
0.000000 0.025890 0.013551 0.018042 0.003035 0.008993
0.000000 0.004149 0.003368 0.012994 0.001723 0.007427
0.000000 0.063707 0.020584 0.058822 0.000897 0.026068
0.000000 0.015245 0.016289 0.005316 0.001236 0.026965
0.000000 0.002550 0.005759 0.008076 0.002357 0.002167
0.000000 0.004170 0.032754 0.006646 0.004250 0.030963
0.000000 0.003471 0.001910 0.002704 0.004027 0.017679
0.000000 0.304157 0.007556 0.046602 0.008998 0.015361
0.000000 1.003380 0.031730 0.083459 0.055716 0.013271
0.000000 0.047402 0.029579 0.005898 0.005314 0.102376
0.000000 0.047208 0.222145 0.002414 0.009444 0.001014
0.000000 0.549047 0.079465 0.022958 0.046092 0.027748
0.000000 0.175749 0.024855 0.033597 0.010531 0.001494
0.000000 0.845270 0.030814 0.048904 0.011848 0.012528
0.000000 0.297175 0.029534 0.023503 0.023404 0.008893
0.000000 1.167009 0.246296 0.176165 0.015356 0.144570
0.000000 0.003383 0.032755 0.006688 0.004247 0.030937
0.000000 0.002969 0.004974 0.003989 0.003592 0.012453
0.000000 0.240027 0.037211 0.029685 0.007609 0.002630
0.000000 0.219803 0.021968 0.010335 0.023904 0.010215
0.000000 0.042613 0.008829 0.001611 0.003626 0.051468
0.000000 0.033755 0.104119 0.004897 0.009545 0.008789
0.000000 0.400777 0.003538 0.038995 0.001866 0.001385
0.000000 0.028743 0.087649 0.026003 0.011322 0.013811
0.000000 0.226578 0.005253 0.003555 0.002440 0.002070
0.000000 0.033399 0.078028 0.027262 0.011614 0.013695
0.000000 0.334973 0.327105 0.018847 0.031700 0.029645
0.000000 0.007444 0.017662 0.008306 0.011251 0.011651
0.000000 0.006614 0.003995 0.001756 0.000336 0.007932
0.000000 0.024965 0.000386 0.010792 0.001099 0.011103
0.000000 0.005801 0.003094 0.002085 0.004531 0.000999
0.000000 0.012808 0.007662 0.003110 0.001656 0.013465
0.000000 0.008809 0.000471 0.001251 0.004429 0.001206
0.000000 0.001094 0.003454 0.007453 0.000892 0.014984
0.000000 0.007857 0.008640 0.002008 0.003984 0.015467
0.000000 0.000422 0.006692 0.004661 0.001710 0.004707
0.000000 0.015052 0.001813 0.009193 0.002107 0.003465
0.000000 0.009145 0.002260 0.000371 0.002520 0.000479
0.000000 0.015409 0.004911 0.032581 0.011048 0.002503
0.000000 0.002671 0.000570 0.002567 0.004241 0.015676
0.000000 0.002219 0.001290 0.000074 0.003404 0.007989
0.000000 0.082295 0.000347 0.001648 0.005790 0.002381
0.000000 0.159391 0.015201 0.005965 0.024685 0.002332
0.000000 0.018887 0.006606 0.010760 0.005584 0.020866
0.000000 0.024175 0.043008 0.000792 0.001364 0.001694
0.000000 0.419114 0.005805 0.031366 0.001964 0.003265
0.000000 0.027216 0.024197 0.029267 0.011601 0.008172
0.000000 0.242077 0.006765 0.001824 0.003045 0.002828
0.000000 0.035212 0.011620 0.037080 0.001133 0.005245
0.000000 0.168013 0.080223 0.035343 0.014484 0.021485
0.000000 0.009914 0.008440 0.011378 0.003855 0.006573
0.000000 0.001236 0.000354 0.006905 0.002205 0.003933
0.000000 0.219878 0.003356 0.010663 0.007256 0.003154
0.000000 0.031328 0.005700 0.002576 0.014430 0.002788
0.000000 0.164218 0.001783 0.016634 0.006951 0.010044
0.000000 0.025071 0.019494 0.001675 0.003300 0.001169
0.000000 0.017856 0.007742 0.003132 0.008259 0.009882
0.000000 0.079312 0.002488 0.003147 0.003242 0.003755
0.000000 0.018622 0.008186 0.005477 0.002322 0.006400
0.000000 0.002886 0.003571 0.014287 0.004306 0.001475
0.000000 0.360566 0.048150 0.021567 0.009279 0.003605
0.000000 0.001508 0.001164 0.008320 0.001614 0.017381
0.000000 0.002579 0.003437 0.000908 0.003097 0.004994
0.000000 0.003227 0.009698 0.006291 0.006396 0.006238
0.000000 0.004172 0.000586 0.000256 0.001349 0.004390
0.000000 0.007663 0.001696 0.005483 0.003453 0.005503
0.000000 0.000041 0.003901 0.004688 0.002631 0.000250
0.000000 0.005897 0.004472 0.002193 0.000933 0.004781
0.000000 0.010056 0.003225 0.003536 0.002444 0.005369
0.000000 0.004361 0.002501 0.001164 0.002502 0.000983
0.000000 0.000338 0.002279 0.001621 0.003453 0.000751
0.000000 0.000832 0.006801 0.004739 0.004324 0.003483
0.000000 0.007423 0.001716 0.000120 0.004860 0.002206
0.000000 0.002558 0.002923 0.001614 0.001915 0.003035
0.000000 0.014127 0.016773 0.009913 0.006354 0.005922
0.000000 0.002205 0.001912 0.002577 0.001978 0.006700
0.000000 0.043312 0.002392 0.000151 0.003476 0.002126
0.000000 0.099716 0.011710 0.007863 0.013504 0.000922
0.000000 0.009694 0.000022 0.001411 0.003600 0.010780
0.000000 0.009157 0.025008 0.004336 0.002282 0.000631
0.000000 0.033746 0.002794 0.013044 0.001831 0.002449
0.000000 0.006639 0.005379 0.000747 0.003418 0.000657
0.000000 0.006054 0.007281 0.014635 0.004661 0.000655
0.000000 0.139517 0.007966 0.002343 0.004806 0.000861
0.000000 0.038185 0.036541 0.004106 0.006527 0.009301
0.000000 0.014492 0.016731 0.009912 0.006310 0.005965
0.000000 0.001286 0.004061 0.005486 0.003159 0.005255
0.000000 0.000587 0.000757 0.003807 0.002443 0.001636
0.000000 0.007087 0.000048 0.004974 0.000310 0.000337
0.000000 0.002538 0.002332 0.000317 0.003477 0.000666
0.000000 0.003440 0.001337 0.000405 0.003238 0.007547
0.000000 0.000799 0.001767 0.001833 0.002293 0.003139
0.000000 0.013111 0.002466 0.000611 0.001519 0.002701
0.000000 0.047816 0.000075 0.002866 0.008120 0.003416
0.000000 0.015986 0.005127 0.003912 0.005314 0.005843
0.000000 0.014505 0.011799 0.001102 0.001048 0.001594
0.000000 0.038810 0.008028 0.001104 0.005583 0.000450
0.000000 0.006562 0.006885 0.002177 0.004611 0.000053
0.000000 0.112631 0.014364 0.005556 0.008325 0.002018
0.000000 0.006014 0.001693 0.008054 0.003216 0.000886
0.000000 0.152128 0.024869 0.007304 0.006662 0.005273
0.000000 0.002156 0.000593 0.003762 0.001918 0.006305
0.000000 0.001389 0.002425 0.000260 0.002802 0.002170
0.000000 0.000834 0.001438 0.002939 0.002427 0.001079
0.000000 0.001304 0.004107 0.006752 0.002326 0.001744
0.000000 0.004221 0.002834 0.000694 0.003979 0.004388
0.000000 0.002066 0.000270 0.000366 0.002006 0.002196
0.000000 0.004979 0.000813 0.000414 0.002702 0.000679
0.000000 0.002647 0.000016 0.000019 0.002652 0.000263
0.000000 0.001899 0.001962 0.001272 0.003473 0.003554
0.000000 0.001443 0.001703 0.000893 0.002304 0.001388
0.000000 0.002148 0.001526 0.000960 0.001619 0.000660
0.000000 0.004465 0.003453 0.001597 0.000689 0.001322
0.000000 0.000886 0.000528 0.003873 0.002445 0.001886
0.000000 0.000216 0.000438 0.001886 0.002444 0.000755
0.000000 0.001253 0.001859 0.001887 0.002634 0.003862
0.000000 0.000288 0.000859 0.000903 0.002378 0.001388
0.000000 0.001361 0.002907 0.000154 0.002018 0.003089
0.000000 0.000701 0.001090 0.000157 0.002606 0.000855
0.000000 0.000526 0.002111 0.002046 0.002180 0.007819
0.000000 0.000616 0.002623 0.002179 0.001156 0.001644
0.000000 0.028756 0.000786 0.002359 0.001480 0.000334
0.000000 0.041449 0.001971 0.000203 0.002823 0.004113
0.000000 0.017872 0.003567 0.000713 0.000396 0.005970
0.000000 0.002644 0.003809 0.000771 0.002367 0.001691
0.000000 0.043918 0.001064 0.004696 0.001099 0.000554
0.000000 0.001846 0.000644 0.000849 0.002621 0.001964
0.000000 0.050624 0.000711 0.000390 0.003337 0.003221
0.000000 0.007447 0.000963 0.002614 0.001709 0.000116
0.000000 0.100307 0.007065 0.002964 0.005571 0.003866
0.000000 0.000509 0.002111 0.002047 0.002180 0.007819
0.000000 0.001010 0.002082 0.000674 0.003502 0.001512
0.000000 0.000212 0.001451 0.001463 0.001742 0.000855
0.000000 0.001982 0.001720 0.000803 0.001817 0.002801
0.000000 0.000893 0.000053 0.000838 0.002420 0.000772
0.000000 0.003225 0.001041 0.001887 0.001728 0.000973
0.000000 0.001183 0.000273 0.000457 0.002421 0.000046
0.000000 0.002304 0.000789 0.001524 0.002478 0.002023
0.000000 0.000971 0.000400 0.000655 0.002124 0.001141
0.000000 0.001804 0.000970 0.000937 0.002134 0.001277
0.000000 0.000989 0.000301 0.000926 0.002176 0.000611
0.000000 0.002090 0.002566 0.000860 0.002959 0.000867
0.000000 0.001094 0.000503 0.000936 0.001954 0.000278
0.000000 0.000613 0.000366 0.000303 0.002011 0.001082
0.000000 0.001032 0.000329 0.001397 0.001794 0.002000
0.000000 0.000323 0.000466 0.001312 0.001700 0.000472
0.000000 0.000837 0.001244 0.001890 0.001246 0.001136
0.000000 0.000657 0.000567 0.000668 0.001758 0.001470
0.000000 0.000260 0.001666 0.000090 0.002398 0.000620
0.000000 0.000233 0.000672 0.001075 0.001907 0.000486
0.000000 0.001653 0.000022 0.000594 0.001592 0.001323
0.000000 0.002649 0.000367 0.001009 0.001384 0.000824
0.000000 0.000224 0.000113 0.000595 0.002161 0.000240
0.000000 0.000654 0.000093 0.000872 0.002355 0.000724
0.000000 0.000377 0.000594 0.000865 0.001882 0.001009
0.000000 0.001324 0.000227 0.000646 0.001532 0.000785
0.000000 0.000236 0.000001 0.000522 0.001550 0.001021
0.000000 0.000847 0.000150 0.000321 0.001237 0.001838
0.000000 0.000132 0.000406 0.000744 0.001916 0.001172
0.000000 0.000875 0.000571 0.000429 0.001711 0.000342
0.000000 0.000767 0.000248 0.001850 0.001579 0.001203
0.000000 0.000267 0.000213 0.000236 0.001902 0.000510
0.000000 0.000388 0.000914 0.000524 0.001714 0.001253
0.000000 0.000271 0.000040 0.000591 0.001628 0.002023
0.000000 0.000033 0.000315 0.000706 0.001844 0.000373
0.000000 0.000351 0.000617 0.000856 0.001864 0.000809
0.000000 0.000346 0.000697 0.000251 0.001659 0.000365
0.000000 0.000643 0.001382 0.000161 0.001535 0.000790
0.000000 0.000237 0.000573 0.000319 0.001651 0.001041
0.000000 0.001710 0.000383 0.000447 0.002012 0.000489
0.000000 0.000568 0.000075 0.000596 0.001653 0.000467
0.000000 0.000166 0.000719 0.000399 0.001834 0.000177
0.000000 0.000163 0.000291 0.000070 0.001290 0.000049
0.000000 0.000353 0.000380 0.000192 0.000854 0.000194
0.000000 0.001119 0.000214 0.000081 0.001526 0.000570
0.000000 0.000230 0.000413 0.000131 0.001554 0.000932
0.000000 0.000560 0.000337 0.000399 0.001289 0.000343
0.000000 0.000460 0.001004 0.000705 0.001163 0.000276
0.000000 0.000405 0.000802 0.000188 0.000909 0.000808
0.000000 0.000623 0.000523 0.000370 0.001131 0.000214
0.000000 0.000632 0.000867 0.000110 0.001002 0.000974
0.000000 0.000150 0.000991 0.000360 0.000738 0.000779
0.000000 0.000811 0.000442 0.000167 0.000500 0.000051
0.000000 0.000380 0.000733 0.000122 0.000342 0.000736
0.000000 0.000135 0.000075 0.000903 0.000528 0.000357
0.000000 0.000170 0.000014 0.000286 0.000570 0.001047
0.000000 0.000273 0.000463 0.000031 0.000105 0.000095
0.000000 0.000694 0.000526 0.000247 0.000488 0.000313
0.000000 0.000289 0.000088 0.000595 0.000283 0.000784
0.000000 0.000232 0.000545 0.000106 0.000341 0.000801
0.000000 0.000919 0.000344 0.000956 0.000251 0.000489
0.000000 0.000237 0.000306 0.000039 0.000786 0.000038
0.000000 0.000446 0.000237 0.000217 0.000364 0.001043
0.000000 0.000293 0.000182 0.000235 0.000416 0.000520
0.000000 0.002150 0.002993 0.000701 0.002142 0.000204
0.000000 0.000089 0.000151 0.000659 0.000170 0.000059
0.000000 0.017383 0.001179 0.000366 0.000353 0.000047
0.000000 0.005249 0.001843 0.000635 0.002098 0.000552
0.000000 0.020471 0.001000 0.000815 0.000553 0.002006
0.000000 0.022380 0.005161 0.000171 0.000660 0.000734
0.000000 0.031528 0.001810 0.003507 0.000390 0.000480
0.000000 0.060911 0.008232 0.000784 0.001457 0.002076
0.000000 0.010332 0.000878 0.000312 0.000366 0.000782
0.000000 0.020927 0.001610 0.004209 0.000507 0.000490
0.000000 0.083986 0.015792 0.002992 0.003390 0.000226
0.000000 0.000894 0.000393 0.000388 0.001351 0.000108
0.000000 0.000296 0.000296 0.000088 0.000028 0.000208
0.000000 0.000365 0.000205 0.000259 0.000426 0.000547
0.000000 0.000483 0.000316 0.000625 0.000502 0.000723
0.000000 0.000096 0.000013 0.000290 0.000338 0.000408
0.000000 0.007502 0.000381 0.000505 0.000009 0.000462
0.000000 0.014322 0.002729 0.000848 0.001949 0.000191
0.000000 0.000018 0.000124 0.000205 0.000064 0.001207
0.000000 0.004319 0.002225 0.000490 0.000146 0.000213
0.000000 0.014267 0.000184 0.001530 0.000053 0.000270
0.000000 0.009153 0.000553 0.000891 0.000411 0.000283
0.000000 0.006313 0.000984 0.000454 0.000241 0.000178
0.000000 0.014830 0.002009 0.000572 0.000688 0.000312
0.000000 0.044814 0.002141 0.000548 0.003183 0.001247
0.000000 0.000413 0.000879 0.000986 0.001353 0.000974
0.000000 0.000252 0.000491 0.000470 0.000538 0.000609
0.000000 0.000468 0.000272 0.000671 0.000423 0.000382
0.000000 0.004810 0.001015 0.000087 0.000987 0.000208
0.000000 0.001269 0.000270 0.000090 0.000053 0.000717
0.000000 0.003862 0.001252 0.000229 0.000322 0.000190
0.000000 0.012299 0.000063 0.000903 0.000297 0.000230
0.000000 0.002050 0.001172 0.000037 0.000121 0.000208
0.000000 0.002820 0.000982 0.000517 0.000877 0.000209
0.000000 0.009097 0.000849 0.000601 0.000789 0.000208
0.000000 0.017750 0.001122 0.000715 0.001296 0.000482
0.000000 0.001194 0.000208 0.000472 0.000266 0.000484
0.000000 0.000310 0.000279 0.000007 0.000309 0.000159
0.000000 0.004059 0.000280 0.000122 0.000053 0.000223
0.000000 0.003341 0.000822 0.000006 0.000470 0.000229
0.000000 0.000916 0.000207 0.000171 0.000015 0.000394
0.000000 0.000171 0.000754 0.000025 0.000037 0.000191
0.000000 0.003717 0.000272 0.000220 0.000006 0.000181
0.000000 0.001041 0.000613 0.000187 0.000015 0.000152
0.000000 0.001084 0.000336 0.000370 0.000100 0.000278
0.000000 0.004526 0.000414 0.000477 0.000242 0.000414
0.000000 0.004689 0.001033 0.000173 0.000420 0.000192
0.000000 0.000065 0.000177 0.000093 0.000574 0.000479
0.000000 0.000477 0.000367 0.000080 0.000013 0.000236
0.000000 0.002016 0.000456 0.000084 0.000175 0.000209
0.000000 0.000178 0.000255 0.000075 0.000035 0.000308
0.000000 0.000176 0.000133 0.000036 0.000057 0.000610
0.000000 0.000247 0.000314 0.000261 0.000398 0.000105
0.000000 0.000600 0.000311 0.000119 0.000005 0.000334
0.000000 0.002798 0.000100 0.000051 0.000020 0.000310
0.000000 0.000012 0.000194 0.000028 0.000037 0.000508
0.000000 0.000122 0.000331 0.000065 0.000207 0.000305
0.000000 0.002568 0.000069 0.000261 0.000232 0.000316
0.000000 0.000189 0.000416 0.000075 0.000030 0.000308
0.000000 0.001075 0.000538 0.000049 0.000128 0.000308
0.000000 0.000022 0.000250 0.000055 0.000038 0.000308
0.000000 0.000445 0.000235 0.000446 0.000047 0.000309
0.000000 0.000094 0.000608 0.000365 0.000328 0.000142
0.000000 0.000095 0.000162 0.000126 0.000171 0.000341
0.000000 0.000022 0.000141 0.000050 0.000090 0.000250
0.000000 0.000128 0.000003 0.000113 0.000150 0.000221
0.000000 0.000181 0.000014 0.000027 0.000049 0.000502
0.000000 0.000062 0.000238 0.000037 0.000090 0.000087
0.000000 0.000099 0.000260 0.000070 0.000154 0.000124
0.000000 0.000453 0.000143 0.000010 0.000310 0.000418
0.000000 0.000119 0.000245 0.000008 0.000154 0.000224
0.000000 0.000339 0.000466 0.000015 0.000098 0.000005
0.000000 0.000051 0.000127 0.000016 0.000012 0.000378
0.000000 0.000007 0.000098 0.000098 0.000306 0.000221
0.000000 0.000256 0.000083 0.000167 0.000209 0.000322
0.000000 0.000158 0.000243 0.000024 0.000031 0.000236
0.000000 0.000143 0.000121 0.000167 0.000233 0.000203
0.000000 0.000120 0.000204 0.000024 0.000042 0.000136
0.000000 0.000228 0.000225 0.000100 0.000022 0.000033
0.000000 0.000083 0.000104 0.000027 0.000272 0.000125
0.000000 0.000018 0.000221 0.000068 0.000316 0.000007
0.000000 0.000064 0.000281 0.000021 0.000002 0.000092
0.000000 0.000092 0.000299 0.000137 0.000016 0.000083
0.000000 0.000006 0.000217 0.000089 0.000142 0.000316
0.000000 0.000015 0.000220 0.000029 0.000202 0.000073
0.000000 0.000121 0.000187 0.000023 0.000032 0.000047
0.000000 0.000240 0.000159 0.000039 0.000029 0.000042
0.000000 0.000166 0.000176 0.000009 0.000155 0.000013
0.000000 0.000164 0.000089 0.000158 0.000205 0.000117
0.000000 0.000100 0.000142 0.000084 0.000158 0.000108
0.000000 0.000007 0.000294 0.000008 0.000079 0.000070
0.000000 0.000016 0.000246 0.000013 0.000009 0.000084
0.000000 0.000061 0.000184 0.000002 0.000057 0.000124
0.000000 0.000064 0.000273 0.000031 0.000018 0.000084
0.000000 0.000022 0.000131 0.000037 0.000110 0.000030
0.000000 0.000000 0.000056 0.000067 0.000164 0.000001
0.000000 0.000012 0.000104 0.000065 0.000117 0.000234
0.000000 0.000025 0.000146 0.000041 0.000092 0.000155
0.000000 0.000125 0.000194 0.000033 0.000036 0.000206
0.000000 0.000093 0.000180 0.000015 0.000107 0.000042
0.000000 0.000448 0.000038 0.000220 0.000343 0.000020
0.000000 0.000071 0.000114 0.000083 0.000111 0.000011
0.000000 0.003414 0.000507 0.000200 0.000386 0.000495
0.000000 0.002880 0.000550 0.000269 0.000608 0.000184
0.000000 0.003484 0.000207 0.000231 0.000322 0.000587
0.000000 0.000117 0.000589 0.000047 0.000090 0.000024
0.000000 0.005080 0.000031 0.000274 0.000020 0.000093
0.000000 0.000107 0.000281 0.000038 0.000111 0.000025
0.000000 0.001924 0.000089 0.000080 0.000078 0.000053
0.000000 0.000263 0.000019 0.000734 0.000025 0.000090
0.000000 0.000675 0.000080 0.000588 0.000121 0.001282
0.000000 0.000094 0.000169 0.000025 0.000016 0.000015
0.000000 0.001012 0.000091 0.000063 0.000078 0.000253
0.000000 0.000904 0.000399 0.000213 0.000301 0.000130
0.000000 0.002379 0.000071 0.000035 0.000258 0.000252
0.000000 0.001424 0.000506 0.000019 0.000204 0.000072
0.000000 0.000986 0.000148 0.000135 0.000165 0.000021
0.000000 0.000269 0.000183 0.000050 0.000086 0.000049
0.000000 0.001450 0.000141 0.000038 0.000143 0.000001
0.000000 0.000974 0.000142 0.000369 0.000149 0.000005
0.000000 0.004670 0.000502 0.000277 0.000240 0.000318
0.000000 0.000037 0.000046 0.000036 0.000127 0.000022
0.000000 0.000064 0.000054 0.000048 0.000187 0.000009
0.000000 0.000213 0.000210 0.000033 0.000179 0.000002
0.000000 0.000093 0.000061 0.000019 0.000114 0.000116
0.000000 0.000962 0.000129 0.000008 0.000193 0.000067
0.000000 0.001874 0.000240 0.000103 0.000328 0.000020
0.000000 0.000178 0.000022 0.000079 0.000120 0.000224
0.000000 0.000022 0.000276 0.000026 0.000089 0.000016
0.000000 0.001580 0.000040 0.000080 0.000117 0.000026
0.000000 0.000410 0.000262 0.000102 0.000235 0.000032
0.000000 0.000412 0.000091 0.000071 0.000166 0.000026
0.000000 0.000340 0.000048 0.000363 0.000129 0.000022
0.000000 0.002088 0.000653 0.000347 0.000232 0.000233
0.000000 0.000207 0.000003 0.000046 0.000100 0.000042
0.000000 0.000018 0.000135 0.000023 0.000105 0.000021
0.000000 0.000261 0.000011 0.000014 0.000099 0.000054
0.000000 0.000688 0.000051 0.000099 0.000165 0.000099
0.000000 0.000420 0.000145 0.000069 0.000196 0.000125
0.000000 0.000535 0.000040 0.000043 0.000024 0.000077
0.000000 0.001316 0.000068 0.000037 0.000068 0.000058
0.000000 0.000086 0.000131 0.000036 0.000152 0.000006
0.000000 0.000193 0.000046 0.000041 0.000127 0.000022
0.000000 0.000082 0.000031 0.000168 0.000120 0.000027
0.000000 0.000214 0.000149 0.000104 0.000194 0.000269
0.000000 0.000165 0.000034 0.000036 0.000073 0.000013
0.000000 0.000124 0.000049 0.000030 0.000127 0.000027
0.000000 0.000345 0.000096 0.000057 0.000177 0.000022
0.000000 0.000048 0.000034 0.000055 0.000126 0.000072
0.000000 0.000045 0.000091 0.000026 0.000127 0.000024
0.000000 0.000171 0.000030 0.000034 0.000131 0.000033
0.000000 0.000001 0.000058 0.000032 0.000127 0.000023
0.000000 0.000116 0.000096 0.000019 0.000127 0.000027
0.000000 0.000165 0.000097 0.000048 0.000113 0.000017
0.000000 0.000052 0.000061 0.000035 0.000124 0.000025
0.000000 0.000179 0.000119 0.000041 0.000179 0.000067
0.000000 0.000079 0.000055 0.000038 0.000100 0.000007
0.000000 0.000007 0.000097 0.000004 0.000073 0.000057
0.000000 0.000010 0.000118 0.000028 0.000027 0.000086
0.000000 0.000035 0.000013 0.000025 0.000117 0.000033
0.000000 0.000064 0.000046 0.000018 0.000121 0.000034
0.000000 0.000045 0.000021 0.000040 0.000125 0.000045
0.000000 0.000095 0.000005 0.000040 0.000103 0.000047
0.000000 0.000014 0.000043 0.000007 0.000098 0.000007
0.000000 0.000003 0.000047 0.000017 0.000083 0.000047
0.000000 0.000125 0.000011 0.000015 0.000090 0.000022
0.000000 0.000007 0.000049 0.000030 0.000115 0.000024
0.000000 0.000047 0.000092 0.000007 0.000114 0.000005
0.000000 0.000059 0.000019 0.000031 0.000106 0.000034
0.000000 0.000007 0.000117 0.000004 0.000087 0.000007
0.000000 0.000007 0.000068 0.000000 0.000075 0.000009
0.000000 0.000008 0.000079 0.000018 0.000049 0.000003
0.000000 0.000034 0.000012 0.000026 0.000105 0.000040
0.000000 0.000050 0.000028 0.000002 0.000060 0.000015
0.000000 0.000076 0.000013 0.000019 0.000026 0.000010
0.000000 0.000032 0.000021 0.000022 0.000069 0.000031
0.000000 0.000032 0.000040 0.000005 0.000095 0.000025
0.000000 0.000028 0.000024 0.000029 0.000059 0.000016
0.000000 0.000072 0.000026 0.000060 0.000036 0.000041
0.000000 0.000034 0.000012 0.000042 0.000035 0.000017
0.000000 0.000054 0.000043 0.000078 0.000004 0.000037
0.000000 0.000010 0.000017 0.000054 0.000013 0.000038
0.000000 0.000019 0.000050 0.000076 0.000002 0.000065
0.000000 0.000006 0.000034 0.000050 0.000028 0.000039
0.000000 0.000026 0.000095 0.000068 0.000005 0.000003
0.000000 0.000017 0.000006 0.000013 0.000070 0.000020
0.000000 0.000014 0.000005 0.000045 0.000004 0.000025
0.000000 0.000023 0.000030 0.000058 0.000036 0.000062
0.000000 0.000025 0.000057 0.000051 0.000027 0.000018
0.000000 0.000062 0.000019 0.000054 0.000003 0.000059
0.000000 0.000008 0.000011 0.000030 0.000051 0.000009
0.000000 0.000003 0.000077 0.000020 0.000044 0.000003
0.000000 0.000018 0.000024 0.000043 0.000031 0.000014
0.000000 0.000068 0.000004 0.000057 0.000047 0.000038
0.000000 0.000040 0.000009 0.000029 0.000031 0.000002
0.000000 0.000025 0.000031 0.000021 0.000046 0.000020
0.000000 0.000061 0.000034 0.000040 0.000011 0.000007
0.000000 0.000006 0.000009 0.000032 0.000047 0.000010
0.000000 0.000010 0.000000 0.000061 0.000006 0.000013
0.000000 0.000041 0.000027 0.000022 0.000047 0.000044
0.000000 0.000003 0.000006 0.000046 0.000021 0.000018
0.000000 0.000010 0.000006 0.000035 0.000021 0.000023
0.000000 0.000031 0.000016 0.000031 0.000014 0.000042
0.000000 0.000010 0.000034 0.000059 0.000004 0.000014
0.000000 0.000016 0.000014 0.000031 0.000035 0.000012
0.000000 0.000007 0.000000 0.000012 0.000066 0.000007
0.000000 0.000009 0.000000 0.000048 0.000012 0.000008
0.000000 0.000003 0.000030 0.000031 0.000024 0.000026
0.000000 0.000024 0.000001 0.000044 0.000002 0.000007
0.000000 0.000028 0.000001 0.000049 0.000010 0.000020
0.000000 0.000023 0.000006 0.000034 0.000026 0.000004
0.000000 0.000025 0.000002 0.000046 0.000011 0.000032
0.000000 0.000002 0.000006 0.000036 0.000032 0.000000
0.000000 0.000081 0.000039 0.000004 0.000073 0.000014
0.000000 0.000024 0.000028 0.000049 0.000013 0.000011
0.000000 0.000003 0.000015 0.000035 0.000022 0.000017
0.000000 0.000043 0.000041 0.000037 0.000023 0.000000
0.000000 0.000017 0.000002 0.000031 0.000016 0.000042
0.000000 0.000007 0.000004 0.000042 0.000020 0.000003
0.000000 0.000246 0.000035 0.000046 0.000046 0.000015
0.000000 0.000961 0.000121 0.000012 0.000122 0.000024
0.000000 0.000847 0.000040 0.000067 0.000032 0.000049
0.000000 0.000317 0.000127 0.000007 0.000019 0.000002
0.000000 0.000239 0.000049 0.000208 0.000006 0.000064
0.000000 0.000207 0.000154 0.000016 0.000018 0.000007
0.000000 0.000679 0.000023 0.000069 0.000034 0.000031
0.000000 0.000780 0.000028 0.000291 0.000017 0.000034
0.000000 0.000765 0.000246 0.000546 0.000101 0.000019
0.000000 0.000004 0.000010 0.000031 0.000038 0.000008
0.000000 0.000001 0.000026 0.000046 0.000007 0.000000
0.000000 0.000012 0.000004 0.000034 0.000028 0.000009
0.000000 0.000007 0.000011 0.000024 0.000034 0.000004
0.000000 0.000006 0.000017 0.000012 0.000045 0.000002
0.000000 0.000013 0.000001 0.000040 0.000007 0.000024
0.000000 0.000010 0.000012 0.000026 0.000049 0.000012
0.000000 0.000016 0.000002 0.000039 0.000011 0.000009
0.000000 0.000010 0.000004 0.000037 0.000018 0.000017
0.000000 0.000006 0.000010 0.000031 0.000039 0.000005
0.000000 0.000008 0.000003 0.000037 0.000015 0.000017
0.000000 0.000006 0.000004 0.000036 0.000010 0.000023
0.000000 0.000022 0.000003 0.000037 0.000019 0.000000
0.000000 0.000009 0.000006 0.000028 0.000019 0.000027
0.000000 0.000014 0.000008 0.000033 0.000017 0.000009
0.000000 0.000020 0.000019 0.000032 0.000015 0.000006
0.000000 0.000006 0.000001 0.000030 0.000020 0.000028
0.000000 0.000001 0.000010 0.000032 0.000008 0.000024
0.000000 0.000019 0.000007 0.000036 0.000014 0.000004
0.000000 0.000030 0.000005 0.000029 0.000014 0.000012
0.000000 0.000000 0.000004 0.000035 0.000017 0.000016
0.000000 0.000008 0.000003 0.000040 0.000012 0.000000
0.000000 0.000000 0.000006 0.000029 0.000021 0.000016
0.000000 0.000008 0.000008 0.000024 0.000026 0.000019
0.000000 0.000007 0.000005 0.000031 0.000025 0.000000
0.000000 0.000005 0.000007 0.000028 0.000022 0.000002
0.000000 0.000004 0.000008 0.000023 0.000025 0.000006
0.000000 0.000009 0.000003 0.000026 0.000026 0.000012
0.000000 0.000002 0.000003 0.000038 0.000004 0.000013
0.000000 0.000005 0.000004 0.000022 0.000023 0.000021
0.000000 0.000003 0.000002 0.000023 0.000020 0.000007
0.000000 0.000004 0.000002 0.000018 0.000021 0.000002
0.000000 0.000005 0.000006 0.000023 0.000032 0.000007
0.000000 0.000013 0.000013 0.000020 0.000027 0.000003
0.000000 0.000008 0.000015 0.000029 0.000010 0.000023
0.000000 0.000001 0.000000 0.000025 0.000027 0.000000
0.000000 0.000012 0.000003 0.000019 0.000019 0.000016
0.000000 0.000006 0.000012 0.000007 0.000043 0.000003
0.000000 0.000003 0.000001 0.000030 0.000014 0.000011
0.000000 0.000003 0.000006 0.000020 0.000018 0.000004
0.000000 0.000009 0.000007 0.000018 0.000014 0.000001
0.000000 0.000003 0.000003 0.000014 0.000021 0.000004
0.000000 0.000002 0.000005 0.000020 0.000019 0.000015
0.000000 0.000014 0.000006 0.000022 0.000013 0.000002
0.000000 0.000002 0.000006 0.000016 0.000009 0.000000
0.000000 0.000003 0.000010 0.000012 0.000001 0.000001
0.000000 0.000001 0.000002 0.000015 0.000006 0.000008
0.000000 0.000007 0.000005 0.000004 0.000015 0.000009
0.000000 0.000021 0.000003 0.000012 0.000008 0.000021
0.000000 0.000012 0.000003 0.000013 0.000011 0.000012
0.000000 0.000010 0.000000 0.000009 0.000007 0.000011
0.000000 0.000003 0.000013 0.000004 0.000011 0.000002
0.000000 0.000004 0.000008 0.000005 0.000000 0.000003
0.000000 0.000005 0.000011 0.000002 0.000011 0.000005
0.000000 0.000013 0.000008 0.000006 0.000006 0.000003
0.000000 0.000002 0.000004 0.000001 0.000003 0.000000
0.000000 0.000002 0.000002 0.000010 0.000011 0.000001
0.000000 0.000004 0.000008 0.000000 0.000004 0.000015
0.000000 0.000000 0.000008 0.000009 0.000012 0.000019
0.000000 0.000005 0.000005 0.000005 0.000008 0.000002
0.000000 0.000005 0.000010 0.000017 0.000012 0.000007
0.000000 0.000010 0.000007 0.000005 0.000001 0.000016
0.000000 0.000000 0.000008 0.000001 0.000003 0.000007
0.000000 0.000399 0.000021 0.000030 0.000001 0.000015
0.000000 0.000407 0.000044 0.000026 0.000047 0.000002
0.000000 0.000056 0.000092 0.000070 0.000007 0.000021
0.000000 0.000004 0.000013 0.000040 0.000008 0.000009
0.000000 0.000443 0.000030 0.000050 0.000003 0.000005
0.000000 0.000032 0.000011 0.000079 0.000012 0.000016
0.000000 0.000235 0.000023 0.000008 0.000002 0.000003
0.000000 0.000198 0.000062 0.000145 0.000000 0.000008
0.000000 0.000899 0.000057 0.000266 0.000040 0.000027
0.000000 0.000011 0.000002 0.000000 0.000017 0.000002
0.000000 0.000000 0.000010 0.000003 0.000004 0.000001
0.000000 0.000337 0.000003 0.000047 0.000002 0.000006
0.000000 0.000160 0.000023 0.000010 0.000017 0.000000
0.000000 0.000007 0.000001 0.000002 0.000003 0.000010
0.000000 0.000008 0.000027 0.000018 0.000004 0.000001
0.000000 0.000145 0.000002 0.000019 0.000004 0.000001
0.000000 0.000006 0.000032 0.000003 0.000004 0.000000
0.000000 0.000058 0.000008 0.000071 0.000003 0.000003
0.000000 0.000025 0.000011 0.000034 0.000002 0.000005
0.000000 0.000412 0.000074 0.000019 0.000021 0.000024
0.000000 0.000003 0.000000 0.000005 0.000009 0.000008
0.000000 0.000078 0.000005 0.000005 0.000003 0.000002
0.000000 0.000081 0.000009 0.000013 0.000007 0.000001
0.000000 0.000014 0.000010 0.000010 0.000001 0.000005
0.000000 0.000033 0.000001 0.000030 0.000008 0.000003
0.000000 0.000078 0.000006 0.000008 0.000003 0.000000
0.000000 0.000002 0.000018 0.000001 0.000004 0.000000
0.000000 0.000044 0.000004 0.000012 0.000004 0.000001
0.000000 0.000071 0.000019 0.000024 0.000000 0.000003
0.000000 0.000193 0.000029 0.000052 0.000011 0.000010
0.000000 0.000003 0.000000 0.000011 0.000000 0.000004
0.000000 0.000038 0.000004 0.000001 0.000003 0.000001
0.000000 0.000037 0.000009 0.000001 0.000002 0.000001
0.000000 0.000006 0.000004 0.000005 0.000004 0.000002
0.000000 0.000002 0.000008 0.000002 0.000003 0.000000
0.000000 0.000075 0.000005 0.000015 0.000004 0.000001
0.000000 0.000004 0.000010 0.000006 0.000003 0.000000
0.000000 0.000019 0.000005 0.000006 0.000004 0.000001
0.000000 0.000000 0.000006 0.000001 0.000005 0.000002
0.000000 0.000032 0.000018 0.000025 0.000003 0.000001
0.000000 0.000008 0.000014 0.000014 0.000001 0.000004
0.000000 0.000000 0.000003 0.000004 0.000001 0.000002
0.000000 0.000001 0.000007 0.000004 0.000012 0.000004
0.000000 0.000003 0.000006 0.000003 0.000003 0.000001
0.000000 0.000004 0.000002 0.000002 0.000008 0.000000
0.000000 0.000006 0.000002 0.000000 0.000002 0.000007
0.000000 0.000002 0.000001 0.000005 0.000005 0.000001
0.000000 0.000002 0.000004 0.000008 0.000002 0.000003
0.000000 0.000000 0.000004 0.000005 0.000003 0.000002
0.000000 0.000002 0.000006 0.000004 0.000004 0.000007
0.000000 0.000004 0.000003 0.000001 0.000003 0.000004
0.000000 0.000001 0.000007 0.000003 0.000003 0.000002
0.000000 0.000000 0.000000 0.000002 0.000000 0.000001
0.000000 0.000000 0.000004 0.000003 0.000001 0.000002
0.000000 0.000004 0.000000 0.000002 0.000007 0.000000
0.000000 0.000003 0.000002 0.000002 0.000005 0.000000
0.000000 0.000003 0.000001 0.000003 0.000001 0.000000
0.000000 0.000000 0.000002 0.000009 0.000008 0.000000
0.000000 0.000003 0.000004 0.000000 0.000000 0.000001
0.000000 0.000002 0.000004 0.000000 0.000002 0.000003
0.000000 0.000004 0.000001 0.000001 0.000001 0.000000
0.000000 0.000000 0.000001 0.000002 0.000002 0.000003
0.000000 0.000001 0.000002 0.000001 0.000005 0.000001
0.000000 0.000001 0.000001 0.000003 0.000001 0.000004
0.000000 0.000002 0.000000 0.000003 0.000005 0.000001
0.000000 0.000001 0.000002 0.000001 0.000003 0.000001
0.000000 0.000004 0.000000 0.000002 0.000001 0.000001
0.000000 0.000002 0.000002 0.000002 0.000005 0.000002
0.000000 0.000002 0.000002 0.000001 0.000001 0.000000
0.000000 0.000003 0.000003 0.000002 0.000003 0.000003
0.000000 0.000002 0.000000 0.000002 0.000000 0.000002
0.000000 0.000002 0.000003 0.000002 0.000001 0.000002
0.000000 0.000002 0.000001 0.000002 0.000001 0.000001
0.000000 0.000000 0.000002 0.000005 0.000000 0.000002
0.000000 0.000003 0.000000 0.000000 0.000001 0.000000
0.000000 0.000000 0.000002 0.000001 0.000000 0.000001
0.000000 0.000001 0.000001 0.000003 0.000000 0.000001
0.000000 0.000002 0.000001 0.000001 0.000001 0.000002
0.000000 0.000001 0.000001 0.000001 0.000003 -0.000000
0.000000 0.000001 0.000000 0.000001 0.000001 0.000000
0.000000 0.000004 0.000000 0.000001 0.000001 0.000001
0.000000 0.000000 0.000001 0.000002 0.000000 0.000001
0.000000 0.000001 0.000001 0.000000 0.000000 0.000002
0.000000 0.000001 0.000001 0.000001 0.000001 0.000002
0.000000 0.000000 0.000003 0.000000 0.000001 0.000001
0.000000 0.000001 0.000000 0.000001 0.000000 0.000001
0.000000 0.000001 0.000002 0.000002 0.000001 0.000000
0.000000 0.000000 0.000001 0.000001 0.000001 0.000000
0.000000 0.000001 0.000001 0.000001 0.000001 0.000000
0.000000 0.000000 0.000000 0.000001 0.000001 0.000002
0.000000 0.000000 0.000001 0.000001 0.000001 0.000001
0.000000 0.000000 0.000000 0.000002 0.000000 0.000002
0.000000 0.000001 0.000001 0.000001 0.000000 0.000001
0.000000 0.000001 0.000000 0.000000 0.000001 0.000001
0.000000 0.000001 0.000001 0.000003 0.000001 0.000002
0.000000 0.000000 0.000001 0.000000 0.000000 0.000000
0.000000 0.000001 0.000001 0.000001 0.000000 0.000001
0.000000 0.000001 0.000000 0.000000 0.000000 0.000001
0.000000 0.000000 0.000000 0.000001 0.000000 0.000001
0.000000 0.000000 0.000000 0.000000 0.000000 0.000002
0.000000 0.000000 0.000000 0.000000 0.000000 0.000001
0.000000 0.000002 0.000002 0.000000 0.000001 0.000001
0.000000 0.000000 0.000000 0.000001 0.000000 0.000000
0.000000 0.000000 0.000000 0.000002 0.000000 0.000002
0.000000 0.000001 0.000000 0.000000 0.000000 0.000000
0.000000 0.000001 0.000001 0.000000 0.000000 0.000001
0.000000 0.000001 0.000000 0.000000 0.000000 0.000001
0.000000 0.000000 0.000000 0.000000 0.000001 0.000000
0.000000 0.000001 0.000000 0.000001 0.000001 0.000001
0.000000 0.000001 0.000000 0.000001 0.000001 0.000000
0.000000 0.000002 0.000004 0.000004 0.000004 0.000001
0.000000 0.000020 0.000003 0.000003 0.000002 0.000000
0.000000 0.000030 0.000006 0.000003 0.000005 -0.000000
0.000000 0.000009 0.000000 0.000001 0.000000 0.000002
0.000000 0.000017 0.000005 0.000001 0.000001 0.000000
0.000000 0.000072 0.000000 0.000001 0.000001 0.000000
0.000000 0.000002 0.000007 0.000000 0.000000 0.000000
0.000000 0.000015 0.000002 0.000004 0.000001 0.000001
0.000000 0.000020 0.000001 0.000013 0.000000 0.000001
0.000000 0.000082 0.000004 0.000024 0.000001 0.000003
0.000000 0.000020 0.000002 0.000000 0.000000 0.000001
0.000000 0.000015 0.000003 0.000001 0.000002 0.000000
0.000000 0.000002 0.000000 0.000001 0.000000 0.000001
0.000000 0.000002 0.000004 0.000001 0.000000 0.000000
0.000000 0.000020 0.000000 0.000006 0.000000 0.000000
0.000000 0.000005 0.000004 0.000006 0.000000 0.000000
0.000000 0.000019 0.000000 0.000005 0.000000 0.000000
0.000000 0.000019 0.000001 0.000005 0.000000 0.000000
0.000000 0.000061 0.000002 0.000009 0.000003 0.000001
0.000000 0.000007 0.000001 0.000000 0.000000 0.000001
0.000000 0.000008 0.000002 0.000002 0.000001 0.000001
0.000000 0.000005 0.000002 0.000002 0.000001 0.000001
0.000000 0.000001 0.000003 0.000001 0.000000 0.000000
0.000000 0.000008 0.000001 0.000001 0.000000 0.000000
0.000000 0.000001 0.000002 0.000000 0.000000 0.000001
0.000000 0.000008 0.000002 0.000001 0.000001 0.000000
0.000000 0.000007 0.000002 0.000003 0.000000 0.000000
0.000000 0.000031 0.000004 0.000002 0.000003 -0.000000
0.000000 0.000003 0.000001 0.000000 0.000000 0.000001
0.000000 0.000003 0.000001 0.000001 0.000000 0.000000
0.000000 0.000001 0.000001 0.000000 0.000000 0.000001
0.000000 0.000002 0.000002 0.000000 0.000000 0.000000
0.000000 0.000002 0.000001 0.000001 0.000000 0.000000
0.000000 0.000002 0.000002 0.000000 0.000000 0.000000
0.000000 0.000000 0.000001 0.000000 0.000000 0.000000
0.000000 0.000007 0.000002 0.000001 0.000000 0.000000
0.000000 0.000008 0.000001 0.000002 0.000000 0.000000
0.000000 0.000001 0.000001 0.000001 0.000001 0.000001
0.000000 0.000001 0.000000 0.000001 0.000001 0.000000
0.000000 0.000001 0.000001 0.000000 0.000000 0.000001
0.000000 0.000001 0.000001 -0.000000 0.000000 0.000000
0.000000 0.000002 0.000001 0.000000 0.000000 0.000001
0.000000 0.000002 0.000001 0.000000 0.000000 0.000000
0.000000 0.000001 0.000001 0.000000 0.000000 0.000000
0.000000 0.000002 0.000002 0.000000 0.000000 0.000000
0.000000 0.000001 0.000001 0.000000 0.000000 0.000000
0.000000 0.000001 0.000001 0.000001 0.000000 0.000000
0.000000 0.000008 0.000000 0.000000 0.000000 0.000000
0.000000 0.000001 0.000001 0.000000 0.000000 0.000000
0.000000 0.000000 0.000001 0.000001 0.000001 0.000001
0.000000 0.000000 0.000001 0.000001 0.000000 0.000000
0.000000 0.000000 0.000001 0.000001 0.000000 0.000001
0.000000 0.000000 0.000001 0.000000 0.000000 0.000000
0.000000 0.000001 0.000001 0.000000 -0.000000 0.000001
0.000000 0.000001 0.000001 0.000000 0.000000 0.000000
0.000000 0.000001 0.000001 0.000000 0.000000 0.000000
0.000000 0.000000 0.000001 0.000000 0.000000 0.000000
0.000000 0.000000 0.000001 0.000000 0.000000 0.000000
0.000000 0.000000 0.000001 0.000000 0.000000 0.000000
0.000000 0.000001 0.000001 0.000000 0.000000 0.000000
0.000000 0.000000 0.000001 0.000000 0.000000 0.000000
0.000000 0.000000 0.000001 0.000000 0.000000 0.000000
0.000000 -0.000000 0.000001 0.000000 0.000000 0.000000
0.000000 0.000003 0.000001 0.000001 0.000000 0.000000
0.000000 0.000000 0.000002 0.000000 0.000000 0.000000
0.000000 0.000000 0.000001 0.000000 0.000000 0.000000
0.000000 0.000000 0.000002 0.000000 0.000000 0.000000
0.000000 0.000000 0.000001 0.000000 0.000000 0.000000
0.000000 0.000000 0.000001 0.000000 0.000000 0.000000
0.000000 -0.000000 0.000001 0.000000 0.000000 0.000000
0.000000 0.000001 0.000001 0.000000 0.000000 0.000000
0.000000 0.000000 0.000001 0.000000 0.000000 0.000000
0.000000 0.000001 0.000001 0.000000 0.000000 0.000000
0.000000 0.000000 0.000001 0.000000 0.000000 0.000000
0.000000 0.000000 0.000001 0.000000 0.000000 0.000000
0.000000 0.000000 0.000001 0.000000 0.000000 0.000000
0.000000 0.000001 0.000001 0.000000 0.000000 0.000000
0.000000 0.000000 0.000001 0.000000 0.000000 0.000000
0.000000 0.000000 0.000001 0.000000 0.000000 0.000000
0.000000 0.000000 0.000001 0.000000 0.000000 0.000000
0.000000 0.000000 0.000001 0.000000 0.000000 0.000000
0.000000 0.000000 0.000001 0.000000 0.000000 0.000000
0.000000 0.000000 0.000001 0.000000 0.000000 0.000000
0.000000 0.000001 0.000001 0.000000 0.000000 0.000000
0.000000 0.000000 0.000001 0.000000 0.000000 0.000000
0.000000 0.000000 0.000001 0.000000 0.000000 0.000000
0.000000 0.000000 0.000001 0.000000 0.000000 0.000000
0.000000 0.000000 0.000001 0.000000 0.000000 0.000000
0.000000 0.000000 0.000001 0.000000 0.000000 0.000000
0.000000 0.000000 0.000001 0.000000 0.000000 0.000000
0.000000 0.000000 0.000001 0.000000 0.000000 0.000000
0.000000 0.000000 0.000001 0.000000 0.000000 0.000000
0.000000 0.000000 0.000001 0.000000 0.000000 0.000000
0.000000 0.000000 0.000001 0.000000 0.000000 0.000000
0.000000 0.000000 0.000001 0.000000 0.000000 0.000000
0.000000 0.000000 0.000001 0.000000 0.000000 0.000000
0.000000 0.000000 0.000001 0.000000 0.000000 0.000000
0.000000 0.000000 0.000001 0.000000 0.000000 0.000000
0.000000 0.000001 0.000001 0.000000 0.000000 0.000000
0.000000 0.000000 0.000001 0.000000 0.000000 0.000000
0.000000 0.000000 0.000001 0.000000 0.000000 0.000000
0.000000 0.000000 0.000001 0.000000 0.000000 0.000000
0.000000 0.000000 0.000001 0.000000 0.000000 0.000000
0.000000 0.000000 0.000001 0.000000 0.000000 0.000000
0.000000 0.000000 0.000001 0.000000 0.000000 0.000000
0.000000 0.000000 0.000001 0.000000 0.000000 0.000000
0.000000 0.000000 0.000001 0.000000 0.000000 0.000000
0.000000 0.000000 0.000001 0.000000 0.000000 0.000000
0.000000 0.000000 0.000001 0.000000 0.000000 0.000000
0.000000 0.000000 0.000001 0.000000 0.000000 0.000000
0.000000 0.000000 0.000001 0.000000 0.000000 0.000000
0.000000 0.000000 0.000001 0.000000 0.000000 0.000000
0.000000 0.000000 0.000001 0.000000 0.000000 0.000000
0.000000 0.000000 0.000001 0.000000 0.000000 0.000000
0.000000 0.000000 0.000001 0.000000 0.000000 0.000000
0.000000 0.000000 0.000001 0.000000 0.000000 0.000000
0.000000 0.000000 0.000001 0.000000 0.000000 0.000000
0.000000 0.000000 0.000001 0.000000 0.000000 0.000000
0.000000 0.000000 0.000001 0.000000 0.000000 0.000000
0.000000 0.000000 0.000001 0.000000 0.000000 0.000000
0.000000 0.000000 0.000001 0.000000 0.000000 0.000000
0.000000 0.000000 0.000001 0.000000 0.000000 0.000000
0.000000 0.000000 0.000001 0.000000 0.000000 0.000000
0.000000 0.000000 0.000001 0.000000 0.000000 0.000000
0.000000 0.000000 0.000001 0.000000 0.000000 0.000000
0.000000 0.000000 0.000001 0.000000 0.000000 0.000000
0.000000 0.000000 0.000001 0.000000 0.000000 0.000000
0.000000 0.000000 0.000001 0.000000 0.000000 0.000000
0.000000 0.000000 0.000001 0.000000 0.000000 0.000000
0.000000 0.000000 0.000001 0.000000 0.000000 0.000000
0.000000 0.000000 0.000001 0.000000 0.000000 0.000000
0.000000 0.000000 0.000001 0.000000 0.000000 0.000000
0.000000 0.000000 0.000001 0.000000 0.000000 0.000000
0.000000 0.000000 0.000001 0.000000 0.000000 0.000000
0.000000 0.000000 0.000001 0.000000 0.000000 0.000000
0.000000 0.000000 0.000001 0.000000 0.000000 0.000000
0.000000 0.000000 0.000001 0.000000 0.000000 0.000000
0.000000 0.000000 0.000001 0.000000 0.000000 0.000000
0.000000 0.000000 0.000001 0.000000 0.000000 0.000000
0.000000 0.000000 0.000001 0.000000 0.000000 0.000000
0.000000 0.000000 0.000001 0.000000 0.000000 0.000000
0.000000 0.000000 0.000001 0.000000 0.000000 0.000000
0.000000 0.000000 0.000001 0.000000 0.000000 0.000000
0.000000 0.000000 0.000001 0.000000 0.000000 0.000000
0.000000 0.000000 0.000001 0.000000 0.000000 0.000000
0.000000 0.000000 0.000001 0.000000 0.000000 0.000000
0.000000 0.000000 0.000001 0.000000 0.000000 0.000000
0.000000 0.000000 0.000001 0.000000 0.000000 0.000000
0.000000 0.000000 0.000001 0.000000 0.000000 0.000000
0.000000 0.000000 0.000001 0.000000 0.000000 0.000000
0.000000 0.000000 0.000001 0.000000 0.000000 0.000000
0.000000 0.000000 0.000001 0.000000 0.000000 0.000000
0.000000 0.000000 0.000001 0.000000 0.000000 0.000000
0.000000 0.000000 0.000001 0.000000 0.000000 0.000000
0.000000 0.000000 0.000001 0.000000 0.000000 0.000000
0.000000 0.000000 0.000001 0.000000 0.000000 0.000000
0.000000 0.000000 0.000001 0.000000 0.000000 0.000000
0.000000 0.000000 0.000001 0.000000 0.000000 0.000000
0.000000 0.000000 0.000001 0.000000 0.000000 0.000000
0.000000 0.000000 0.000001 0.000000 0.000000 0.000000
0.000000 0.000000 0.000001 0.000000 0.000000 0.000000
0.000000 0.000000 0.000001 0.000000 0.000000 0.000000
0.000000 0.000000 0.000001 0.000000 0.000000 0.000000
0.000000 0.000000 0.000001 0.000000 0.000000 0.000000
0.000000 0.000000 0.000001 0.000000 0.000000 0.000000
0.000000 0.000000 0.000001 0.000000 0.000000 0.000000
0.000000 0.000000 0.000001 0.000000 0.000000 0.000000
0.000000 0.000000 0.000001 0.000000 0.000000 0.000000
0.000000 0.000000 0.000001 0.000000 0.000000 0.000000
0.000000 0.000000 0.000001 0.000000 0.000000 0.000000
0.000000 0.000000 0.000001 0.000000 0.000000 0.000000
0.000000 0.000000 0.000001 0.000000 0.000000 0.000000
0.000000 0.000000 0.000001 0.000000 0.000000 0.000000
0.000000 0.000000 0.000001 0.000000 0.000000 0.000000
0.000000 0.000000 0.000001 0.000000 0.000000 0.000000
0.000000 0.000000 0.000001 0.000000 0.000000 0.000000
0.000000 0.000000 0.000001 0.000000 0.000000 0.000000
0.000000 0.000000 0.000001 0.000000 0.000000 0.000000
0.000000 0.000000 0.000001 0.000000 0.000000 0.000000
0.000000 0.000000 0.000001 0.000000 0.000000 0.000000
0.000000 0.000000 0.000001 0.000000 0.000000 0.000000
0.000000 0.000000 0.000001 0.000000 0.000000 0.000000
0.000000 0.000000 0.000001 0.000000 0.000000 0.000000
0.000000 0.000000 0.000001 0.000000 0.000000 0.000000
0.000000 0.000000 0.000001 0.000000 0.000000 0.000000
0.000000 0.000000 0.000001 0.000000 0.000000 0.000000
0.000000 0.000000 0.000001 0.000000 0.000000 0.000000
0.000000 0.000000 0.000001 0.000000 0.000000 0.000000
0.000000 0.000000 0.000001 0.000000 0.000000 0.000000
0.000000 0.000000 0.000001 0.000000 0.000000 0.000000
0.000000 0.000000 0.000001 0.000000 0.000000 0.000000
0.000000 0.000000 0.000001 0.000000 0.000000 0.000000
0.000000 0.000000 0.000001 0.000000 0.000000 0.000000
0.000000 0.000000 0.000001 0.000000 0.000000 0.000000
0.000000 0.000000 0.000001 0.000000 0.000000 0.000000
0.000000 0.000000 0.000001 0.000000 0.000000 0.000000
0.000000 0.000000 0.000001 0.000000 0.000000 0.000000
0.000000 0.000000 0.000001 0.000000 0.000000 0.000000
0.000000 0.000000 0.000001 0.000000 0.000000 0.000000
0.000000 0.000000 0.000001 0.000000 0.000000 0.000000
0.000000 0.000000 0.000001 0.000000 0.000000 0.000000
0.000000 0.000000 0.000001 0.000000 0.000000 0.000000
0.000000 0.000000 0.000001 0.000000 0.000000 0.000000
0.000000 0.000000 0.000001 0.000000 0.000000 0.000000
0.000000 0.000000 0.000001 0.000000 0.000000 0.000000
0.000000 0.000000 0.000001 0.000000 0.000000 0.000000
0.000000 0.000000 0.000001 0.000000 0.000000 0.000000
0.000000 0.000000 0.000001 0.000000 0.000000 0.000000
0.000000 0.000000 0.000001 0.000000 0.000000 0.000000
0.000000 0.000000 0.000001 0.000000 0.000000 0.000000
0.000000 0.000000 0.000001 0.000000 0.000000 0.000000
0.000000 0.000000 0.000001 0.000000 0.000000 0.000000
0.000000 0.000000 0.000001 0.000000 0.000000 0.000000
0.000000 0.000000 0.000001 0.000000 0.000000 0.000000
0.000000 0.000000 0.000001 0.000000 0.000000 0.000000
0.000000 0.000000 0.000001 0.000000 0.000000 0.000000
0.000000 0.000000 0.000001 0.000000 0.000000 0.000000
0.000000 0.000000 0.000001 0.000000 0.000000 0.000000
0.000000 0.000000 0.000001 0.000000 0.000000 0.000000
0.000000 0.000000 0.000001 0.000000 0.000000 0.000000
0.000000 0.000000 0.000001 0.000000 0.000000 0.000000
0.000000 0.000000 0.000001 0.000000 0.000000 0.000000
0.000000 0.000000 0.000001 0.000000 0.000000 0.000000
0.000000 0.000000 0.000001 0.000000 0.000000 0.000000
0.000000 0.000000 0.000001 0.000000 0.000000 0.000000
0.000000 0.000000 0.000001 0.000000 0.000000 0.000000
0.000000 0.000000 0.000001 0.000000 0.000000 0.000000
0.000000 0.000000 0.000001 0.000000 0.000000 0.000000
0.000000 0.000000 0.000001 0.000000 0.000000 0.000000
0.000000 0.000000 0.000001 0.000000 0.000000 0.000000
0.000000 0.000000 0.000001 0.000000 0.000000 0.000000
0.000000 0.000000 0.000001 0.000000 0.000000 0.000000
0.000000 0.000000 0.000001 0.000000 0.000000 0.000000
0.000000 0.000000 0.000001 0.000000 0.000000 0.000000
0.000000 0.000000 0.000001 0.000000 0.000000 0.000000
0.000000 0.000000 0.000001 0.000000 0.000000 0.000000
0.000000 0.000000 0.000001 0.000000 0.000000 0.000000
0.000000 0.000000 0.000001 0.000000 0.000000 0.000000
0.000000 0.000000 0.000001 0.000000 0.000000 0.000000
0.000000 0.000000 0.000001 0.000000 0.000000 0.000000
0.000000 0.000000 0.000001 0.000000 0.000000 0.000000
0.000000 0.000000 0.000001 0.000000 0.000000 0.000000
0.000000 0.000000 0.000001 0.000000 0.000000 0.000000
0.000000 0.000000 0.000001 0.000000 0.000000 0.000000
0.000000 0.000000 0.000001 0.000000 0.000000 0.000000
0.000000 0.000000 0.000001 0.000000 0.000000 0.000000
0.000000 0.000000 0.000001 0.000000 0.000000 0.000000
0.000000 0.000000 0.000001 0.000000 0.000000 0.000000
