46.913465 0.000000 -0.000000 0.000000
58.766222 0.000000 0.000000 0.000000
41.334345 -0.000000 0.000000 0.000000
27.386366 -0.000000 0.000000 -0.000000
41.565605 -0.000000 0.000000 -0.000000
28.762495 -0.000000 0.000000 -0.000000
19.748466 -0.000000 0.000000 -0.000000
20.018981 -0.000000 0.000000 0.000000
24.536413 -0.000000 0.000000 0.000000
24.588521 0.000000 0.000000 0.000000
19.805837 -0.000000 0.000000 -0.000000
24.532044 -0.000000 -0.000000 -0.000000
17.237140 -0.000000 0.000000 0.000000
20.197039 -0.000000 0.000000 0.000000
12.386552 -0.000000 0.000000 -0.000000
17.928736 -0.000000 0.000000 -0.000000
11.070954 -0.000000 0.000000 0.000000
8.666085 -0.000000 -0.000000 0.000000
8.102693 -0.000000 -0.000000 -0.000000
13.948118 -0.000000 0.000000 0.000000
14.525191 -0.000000 0.000000 -0.000000
6.406399 -0.000000 0.000000 -0.000000
18.186250 -0.000000 0.000000 0.000000
6.374009 -0.000000 -0.000000 0.000000
6.372743 -0.000000 -0.000000 -0.000000
7.957903 0.000000 0.000000 0.000000
6.401536 -0.000000 0.000000 -0.000000
7.639087 -0.000000 0.000000 -0.000000
6.194708 -0.000000 0.000000 0.000000
7.309595 -0.000000 0.000000 -0.000000
7.305472 -0.000000 0.000000 0.000000
6.304826 -0.000000 -0.000000 -0.000000
6.405374 -0.000000 -0.000000 0.000000
6.204647 -0.000000 -0.000000 0.000000
6.308902 -0.000000 -0.000000 -0.000000
6.430103 -0.000000 0.000000 -0.000000
7.083732 -0.000000 -0.000000 -0.000000
6.188655 0.000000 0.000000 0.000000
6.542604 -0.000000 0.000000 0.000000
6.195617 -0.000000 0.000000 -0.000000
6.190525 -0.000000 -0.000000 0.000000
6.188731 -0.000000 0.000000 0.000000
6.205263 0.000000 0.000000 0.000000
6.502225 -0.000000 0.000000 0.000000
6.299053 -0.000000 0.000000 0.000000
6.188159 -0.000000 0.000000 0.000000
6.191015 -0.000000 0.000000 0.000000
6.188130 -0.000000 0.000000 0.000000
6.188443 -0.000000 0.000000 -0.000000
6.188549 -0.000000 0.000000 0.000000
6.188266 -0.000000 0.000000 0.000000
6.188260 -0.000000 -0.000000 0.000000
6.192742 -0.000000 0.000000 0.000000
6.270915 -0.000000 0.000000 -0.000000
6.188168 -0.000000 0.000000 0.000000
6.188121 -0.000000 0.000000 -0.000000
6.188354 -0.000000 0.000000 -0.000000
6.188151 -0.000000 0.000000 -0.000000
6.188157 -0.000000 0.000000 0.000000
6.188179 -0.000000 0.000000 -0.000000
6.195720 -0.000000 0.000000 -0.000000
6.201839 -0.000000 0.000000 -0.000000
6.188356 -0.000000 0.000000 0.000000
6.188125 -0.000000 0.000000 -0.000000
6.188156 -0.000000 0.000000 0.000000
6.188155 -0.000000 0.000000 0.000000
6.188158 -0.000000 0.000000 0.000000
6.188154 -0.000000 0.000000 0.000000
6.188158 -0.000000 0.000000 0.000000
6.188154 -0.000000 -0.000000 -0.000000
6.189766 0.000000 0.000000 0.000000
6.191587 -0.000000 0.000000 0.000000
6.188120 -0.000000 -0.000000 -0.000000
6.188156 -0.000000 0.000000 0.000000
6.188151 -0.000000 0.000000 0.000000
6.191438 -0.000000 0.000000 0.000000
6.192946 -0.000000 0.000000 0.000000
6.188119 0.000000 0.000000 0.000000
6.188121 -0.000000 0.000000 0.000000
6.188122 -0.000000 0.000000 0.000000
6.188120 0.000000 0.000000 0.000000
6.188119 -0.000000 0.000000 0.000000
6.189938 -0.000000 0.000000 -0.000000
6.189690 -0.000000 0.000000 0.000000
6.188119 -0.000000 -0.000000 0.000000
6.188119 -0.000000 0.000000 0.000000
6.188120 -0.000000 0.000000 0.000000
6.188119 0.000000 0.000000 0.000000
6.188247 -0.000000 0.000000 0.000000
6.188304 -0.000000 0.000000 0.000000
6.188119 -0.000000 -0.000000 0.000000
6.188153 -0.000000 0.000000 0.000000
6.188161 -0.000000 0.000000 -0.000000
6.188119 -0.000000 0.000000 -0.000000
6.188119 0.000000 0.000000 -0.000000
6.188119 0.000000 0.000000 -0.000000
6.188132 -0.000000 0.000000 -0.000000
6.188128 -0.000000 0.000000 -0.000000
6.188119 -0.000000 -0.000000 0.000000
6.188119 0.000000 0.000000 -0.000000
6.188122 -0.000000 0.000000 -0.000000
6.188120 -0.000000 0.000000 0.000000
6.188119 -0.000000 0.000000 0.000000
6.188119 0.000000 0.000000 0.000000
6.188119 -0.000000 -0.000000 -0.000000
6.188119 -0.000000 0.000000 0.000000
6.188119 0.000000 0.000000 0.000000
6.188119 0.000000 0.000000 0.000000
6.188119 -0.000000 0.000000 0.000000
6.188120 -0.000000 0.000000 0.000000
6.188119 0.000000 0.000000 0.000000
6.188119 -0.000000 0.000000 0.000000
6.188119 -0.000000 0.000000 0.000000
6.188120 -0.000000 -0.000000 0.000000
6.188119 -0.000000 -0.000000 0.000000
6.188119 -0.000000 -0.000000 -0.000000
6.188119 0.000000 0.000000 0.000000
6.188119 -0.000000 0.000000 0.000000
6.188119 -0.000000 0.000000 -0.000000
6.188119 -0.000000 -0.000000 -0.000000
6.188119 -0.000000 0.000000 -0.000000
6.188119 -0.000000 0.000000 -0.000000
6.188119 -0.000000 0.000000 -0.000000
6.188119 0.000000 0.000000 0.000000
6.188119 0.000000 -0.000000 0.000000
6.188119 0.000000 0.000000 0.000000
6.188119 -0.000000 0.000000 -0.000000
6.188119 -0.000000 0.000000 0.000000
6.188119 0.000000 0.000000 0.000000
6.188119 -0.000000 0.000000 0.000000
6.188119 -0.000000 0.000000 0.000000
6.188119 -0.000000 0.000000 0.000000
6.188119 -0.000000 -0.000000 0.000000
6.188119 -0.000000 -0.000000 -0.000000
6.188119 -0.000000 -0.000000 0.000000
6.188119 0.000000 0.000000 0.000000
6.188119 -0.000000 0.000000 -0.000000
6.188119 -0.000000 -0.000000 0.000000
6.188119 -0.000000 0.000000 0.000000
6.188119 -0.000000 0.000000 -0.000000
6.188119 -0.000000 0.000000 -0.000000
6.188119 0.000000 0.000000 0.000000
6.188119 -0.000000 0.000000 -0.000000
6.188119 -0.000000 0.000000 0.000000
6.188119 -0.000000 -0.000000 0.000000
6.188119 -0.000000 0.000000 0.000000
6.188119 0.000000 0.000000 0.000000
6.188119 -0.000000 0.000000 -0.000000
6.188119 -0.000000 0.000000 -0.000000
6.188119 -0.000000 0.000000 0.000000
6.188119 -0.000000 0.000000 -0.000000
6.188119 -0.000000 0.000000 -0.000000
6.188119 0.000000 0.000000 0.000000
6.188119 0.000000 0.000000 0.000000
6.188119 -0.000000 -0.000000 -0.000000
6.188119 -0.000000 0.000000 -0.000000
6.188119 -0.000000 0.000000 0.000000
6.188119 0.000000 0.000000 0.000000
6.188119 -0.000000 0.000000 0.000000
6.188119 -0.000000 0.000000 0.000000
6.188119 -0.000000 0.000000 0.000000
6.188119 0.000000 0.000000 0.000000
6.188119 -0.000000 -0.000000 0.000000
6.188119 -0.000000 0.000000 -0.000000
6.188119 -0.000000 0.000000 -0.000000
6.188119 -0.000000 0.000000 0.000000
6.188119 0.000000 0.000000 0.000000
6.188119 -0.000000 0.000000 0.000000
6.188119 0.000000 0.000000 0.000000
6.188119 -0.000000 -0.000000 -0.000000
6.188119 -0.000000 0.000000 0.000000
6.188119 -0.000000 0.000000 0.000000
6.188119 -0.000000 0.000000 0.000000
6.188119 -0.000000 0.000000 0.000000
6.188119 -0.000000 0.000000 -0.000000
6.188119 -0.000000 0.000000 0.000000
6.188119 0.000000 -0.000000 -0.000000
6.188119 -0.000000 0.000000 -0.000000
6.188119 -0.000000 -0.000000 0.000000
6.188119 -0.000000 0.000000 -0.000000
6.188119 0.000000 0.000000 0.000000
6.188119 0.000000 0.000000 0.000000
6.188119 -0.000000 0.000000 0.000000
6.188119 -0.000000 0.000000 -0.000000
6.188119 -0.000000 0.000000 0.000000
6.188119 0.000000 0.000000 0.000000
6.188119 -0.000000 0.000000 -0.000000
6.188119 0.000000 0.000000 0.000000
6.188119 -0.000000 0.000000 -0.000000
6.188119 -0.000000 0.000000 0.000000
6.188119 -0.000000 0.000000 -0.000000
6.188119 0.000000 0.000000 0.000000
6.188119 -0.000000 0.000000 0.000000
6.188119 -0.000000 0.000000 0.000000
6.188119 -0.000000 0.000000 0.000000
6.188119 -0.000000 -0.000000 -0.000000
6.188119 0.000000 0.000000 0.000000
6.188119 -0.000000 0.000000 -0.000000
6.188119 -0.000000 -0.000000 0.000000
6.188119 0.000000 0.000000 0.000000
6.188119 0.000000 -0.000000 0.000000
6.188119 -0.000000 -0.000000 0.000000
6.188119 0.000000 0.000000 0.000000
6.188119 -0.000000 0.000000 -0.000000
6.188119 -0.000000 0.000000 0.000000
6.188119 0.000000 0.000000 0.000000
6.188119 0.000000 0.000000 0.000000
6.188119 -0.000000 0.000000 -0.000000
6.188119 -0.000000 -0.000000 0.000000
6.188119 -0.000000 0.000000 0.000000
6.188119 -0.000000 -0.000000 0.000000
6.188119 -0.000000 -0.000000 -0.000000
6.188119 -0.000000 -0.000000 0.000000
6.188119 0.000000 0.000000 0.000000
6.188119 -0.000000 -0.000000 0.000000
6.188119 -0.000000 0.000000 0.000000
6.188119 -0.000000 -0.000000 0.000000
6.188119 -0.000000 0.000000 -0.000000
6.188119 0.000000 0.000000 0.000000
6.188119 -0.000000 -0.000000 0.000000
6.188119 -0.000000 0.000000 0.000000
6.188119 -0.000000 0.000000 0.000000
6.188119 0.000000 0.000000 0.000000
6.188119 -0.000000 0.000000 0.000000
6.188119 -0.000000 0.000000 -0.000000
6.188119 -0.000000 -0.000000 -0.000000
6.188119 0.000000 0.000000 0.000000
6.188119 -0.000000 0.000000 0.000000
6.188119 -0.000000 0.000000 0.000000
6.188119 -0.000000 0.000000 -0.000000
6.188119 0.000000 0.000000 0.000000
6.188119 -0.000000 0.000000 0.000000
6.188119 0.000000 0.000000 0.000000
6.188119 0.000000 0.000000 0.000000
6.188119 0.000000 0.000000 0.000000
6.188119 0.000000 0.000000 -0.000000
6.188119 0.000000 0.000000 0.000000
6.188119 -0.000000 -0.000000 0.000000
6.188119 -0.000000 -0.000000 -0.000000
6.188119 -0.000000 -0.000000 -0.000000
6.188119 -0.000000 0.000000 -0.000000
6.188119 -0.000000 0.000000 -0.000000
6.188119 0.000000 0.000000 0.000000
6.188119 -0.000000 0.000000 0.000000
6.188119 0.000000 -0.000000 0.000000
6.188119 -0.000000 -0.000000 -0.000000
6.188119 -0.000000 0.000000 0.000000
6.188119 -0.000000 0.000000 -0.000000
6.188119 -0.000000 0.000000 0.000000
6.188119 -0.000000 0.000000 -0.000000
6.188119 0.000000 0.000000 0.000000
6.188119 0.000000 0.000000 0.000000
6.188119 -0.000000 0.000000 0.000000
6.188119 0.000000 0.000000 0.000000
6.188119 0.000000 0.000000 0.000000
