5.590268 -0.000000 -0.000000 0.000000
4.689866 -0.000000 -0.000000 0.000000
1.795588 0.000000 -0.000000 0.000000
15.296279 -0.000000 -0.000000 -0.000000
2.556451 -0.000000 -0.000000 0.000000
5.263763 -0.000000 -0.000000 0.000000
6.910449 0.000000 -0.000000 0.000000
1.589323 0.000000 -0.000000 0.000000
8.326588 -0.000000 -0.000000 0.000000
0.962979 -0.000000 -0.000000 0.000000
2.245465 -0.000000 -0.000000 0.000000
14.294407 0.000000 -0.000000 0.000000
1.076003 -0.000000 -0.000000 0.000000
2.670778 0.000000 -0.000000 0.000000
3.620418 -0.000000 0.000000 -0.000000
6.727854 0.000000 0.000000 -0.000000
0.875432 -0.000000 -0.000000 0.000000
1.450340 -0.000000 -0.000000 0.000000
2.484043 0.000000 -0.000000 0.000000
1.509805 0.000000 -0.000000 0.000000
1.488309 0.000000 -0.000000 0.000000
1.717024 -0.000000 -0.000000 0.000000
0.824920 0.000000 -0.000000 0.000000
1.933128 0.000000 0.000000 0.000000
0.824968 0.000000 -0.000000 0.000000
0.967536 0.000000 -0.000000 0.000000
1.940967 0.000000 -0.000000 0.000000
0.824985 0.000000 -0.000000 0.000000
1.255029 0.000000 -0.000000 0.000000
0.825832 -0.000000 -0.000000 0.000000
0.826475 0.000000 -0.000000 0.000000
0.825163 -0.000000 -0.000000 0.000000
0.862793 0.000000 -0.000000 0.000000
1.093714 0.000000 -0.000000 0.000000
0.824918 -0.000000 -0.000000 0.000000
0.826223 0.000000 -0.000000 0.000000
0.824977 0.000000 -0.000000 0.000000
0.833009 0.000000 -0.000000 0.000000
0.870793 0.000000 -0.000000 0.000000
0.824918 0.000000 -0.000000 0.000000
0.825135 0.000000 -0.000000 0.000000
0.824920 0.000000 -0.000000 0.000000
0.826286 0.000000 -0.000000 0.000000
0.836977 0.000000 -0.000000 0.000000
0.824919 -0.000000 -0.000000 0.000000
0.824892 0.000000 -0.000000 0.000000
0.825127 0.000000 -0.000000 0.000000
0.824892 0.000000 -0.000000 0.000000
0.824918 -0.000000 -0.000000 0.000000
0.824899 0.000000 -0.000000 0.000000
0.827869 -0.000000 -0.000000 0.000000
0.827784 0.000000 -0.000000 0.000000
0.824892 0.000000 -0.000000 0.000000
0.824899 0.000000 -0.000000 0.000000
0.824893 0.000000 -0.000000 0.000000
0.824953 0.000000 -0.000000 0.000000
0.825328 0.000000 -0.000000 0.000000
0.824892 -0.000000 -0.000000 0.000000
0.824892 0.000000 -0.000000 0.000000
0.824892 0.000000 -0.000000 0.000000
0.824892 0.000000 -0.000000 0.000000
0.824909 0.000000 -0.000000 0.000000
0.825001 -0.000000 -0.000000 0.000000
0.824892 0.000000 -0.000000 0.000000
0.824892 0.000000 -0.000000 0.000000
0.824892 -0.000000 -0.000000 0.000000
0.824905 0.000000 -0.000000 0.000000
0.824920 0.000000 -0.000000 0.000000
0.824892 0.000000 -0.000000 0.000000
0.824892 -0.000000 -0.000000 0.000000
0.824895 0.000000 -0.000000 0.000000
0.824896 0.000000 -0.000000 0.000000
0.824892 -0.000000 -0.000000 0.000000
0.824892 0.000000 -0.000000 0.000000
0.824892 0.000000 -0.000000 0.000000
0.824893 0.000000 -0.000000 0.000000
0.824892 0.000000 -0.000000 0.000000
0.824892 0.000000 -0.000000 0.000000
0.824892 0.000000 -0.000000 0.000000
0.824892 0.000000 -0.000000 0.000000
0.824892 0.000000 -0.000000 0.000000
0.824892 0.000000 -0.000000 0.000000
0.824892 0.000000 -0.000000 0.000000
0.824892 0.000000 -0.000000 0.000000
0.824892 0.000000 -0.000000 0.000000
0.824892 -0.000000 -0.000000 0.000000
0.824892 0.000000 -0.000000 0.000000
0.824892 0.000000 -0.000000 0.000000
0.824892 0.000000 -0.000000 0.000000
0.824892 -0.000000 -0.000000 0.000000
0.824892 -0.000000 -0.000000 0.000000
0.824892 -0.000000 -0.000000 0.000000
0.824892 0.000000 -0.000000 0.000000
0.824892 0.000000 -0.000000 0.000000
0.824892 0.000000 -0.000000 0.000000
0.824892 0.000000 -0.000000 0.000000
0.824892 0.000000 -0.000000 0.000000
0.824892 0.000000 -0.000000 0.000000
0.824892 0.000000 -0.000000 0.000000
0.824892 -0.000000 -0.000000 0.000000
0.824892 0.000000 -0.000000 0.000000
0.824892 -0.000000 -0.000000 0.000000
0.824892 -0.000000 -0.000000 0.000000
0.824892 -0.000000 -0.000000 0.000000
0.824892 0.000000 -0.000000 0.000000
0.824892 -0.000000 -0.000000 0.000000
0.824892 0.000000 -0.000000 0.000000
0.824892 0.000000 -0.000000 0.000000
0.824892 -0.000000 -0.000000 0.000000
0.824892 0.000000 -0.000000 0.000000
0.824892 0.000000 -0.000000 0.000000
0.824892 0.000000 -0.000000 0.000000
0.824892 0.000000 -0.000000 0.000000
0.824892 -0.000000 -0.000000 0.000000
0.824892 0.000000 -0.000000 0.000000
0.824892 0.000000 -0.000000 0.000000
0.824892 -0.000000 -0.000000 0.000000
0.824892 0.000000 -0.000000 0.000000
0.824892 0.000000 -0.000000 0.000000
0.824892 0.000000 -0.000000 0.000000
0.824892 0.000000 -0.000000 0.000000
0.824892 0.000000 -0.000000 0.000000
0.824892 -0.000000 -0.000000 0.000000
0.824892 0.000000 -0.000000 0.000000
0.824892 0.000000 -0.000000 0.000000
0.824892 0.000000 -0.000000 0.000000
0.824892 0.000000 -0.000000 0.000000
0.824892 0.000000 -0.000000 0.000000
0.824892 0.000000 -0.000000 0.000000
0.824892 0.000000 -0.000000 0.000000
0.824892 0.000000 -0.000000 0.000000
0.824892 0.000000 -0.000000 0.000000
0.824892 0.000000 -0.000000 0.000000
0.824892 -0.000000 -0.000000 0.000000
0.824892 0.000000 -0.000000 0.000000
0.824892 0.000000 -0.000000 0.000000
0.824892 0.000000 -0.000000 0.000000
0.824892 0.000000 -0.000000 0.000000
0.824892 0.000000 -0.000000 0.000000
0.824892 0.000000 -0.000000 0.000000
0.824892 0.000000 -0.000000 0.000000
0.824892 0.000000 -0.000000 0.000000
0.824892 0.000000 -0.000000 0.000000
0.824892 0.000000 -0.000000 0.000000
0.824892 -0.000000 -0.000000 0.000000
0.824892 0.000000 -0.000000 0.000000
0.824892 0.000000 -0.000000 0.000000
0.824892 -0.000000 -0.000000 0.000000
0.824892 0.000000 -0.000000 0.000000
0.824892 -0.000000 -0.000000 0.000000
0.824892 0.000000 -0.000000 0.000000
0.824892 0.000000 -0.000000 0.000000
0.824892 -0.000000 -0.000000 0.000000
0.824892 0.000000 -0.000000 0.000000
0.824892 0.000000 -0.000000 0.000000
0.824892 -0.000000 -0.000000 0.000000
0.824892 0.000000 -0.000000 0.000000
0.824892 -0.000000 -0.000000 0.000000
0.824892 -0.000000 -0.000000 0.000000
0.824892 0.000000 -0.000000 0.000000
0.824892 0.000000 -0.000000 0.000000
0.824892 0.000000 -0.000000 0.000000
0.824892 0.000000 -0.000000 0.000000
0.824892 0.000000 -0.000000 0.000000
0.824892 0.000000 -0.000000 0.000000
0.824892 0.000000 -0.000000 0.000000
0.824892 0.000000 -0.000000 0.000000
0.824892 0.000000 -0.000000 0.000000
0.824892 0.000000 -0.000000 0.000000
0.824892 0.000000 -0.000000 0.000000
0.824892 0.000000 -0.000000 0.000000
0.824892 0.000000 -0.000000 0.000000
0.824892 0.000000 -0.000000 0.000000
0.824892 0.000000 -0.000000 0.000000
0.824892 0.000000 -0.000000 0.000000
0.824892 0.000000 -0.000000 0.000000
0.824892 0.000000 -0.000000 0.000000
0.824892 0.000000 -0.000000 0.000000
0.824892 0.000000 -0.000000 0.000000
0.824892 0.000000 -0.000000 0.000000
0.824892 0.000000 -0.000000 0.000000
0.824892 0.000000 -0.000000 0.000000
0.824892 0.000000 -0.000000 0.000000
0.824892 0.000000 -0.000000 0.000000
0.824892 -0.000000 -0.000000 0.000000
0.824892 0.000000 -0.000000 0.000000
0.824892 0.000000 -0.000000 0.000000
0.824892 0.000000 -0.000000 0.000000
0.824892 -0.000000 -0.000000 0.000000
0.824892 0.000000 -0.000000 0.000000
0.824892 0.000000 -0.000000 0.000000
0.824892 0.000000 -0.000000 0.000000
0.824892 0.000000 -0.000000 0.000000
0.824892 -0.000000 -0.000000 0.000000
0.824892 0.000000 -0.000000 0.000000
0.824892 0.000000 -0.000000 0.000000
0.824892 0.000000 -0.000000 0.000000
0.824892 -0.000000 -0.000000 0.000000
0.824892 0.000000 -0.000000 0.000000
0.824892 -0.000000 -0.000000 0.000000
0.824892 0.000000 -0.000000 0.000000
0.824892 0.000000 -0.000000 0.000000
0.824892 0.000000 -0.000000 0.000000
0.824892 0.000000 -0.000000 0.000000
0.824892 0.000000 -0.000000 0.000000
0.824892 0.000000 -0.000000 0.000000
0.824892 0.000000 -0.000000 0.000000
0.824892 0.000000 -0.000000 0.000000
0.824892 0.000000 -0.000000 0.000000
0.824892 0.000000 -0.000000 0.000000
0.824892 0.000000 -0.000000 0.000000
0.824892 0.000000 -0.000000 0.000000
0.824892 0.000000 -0.000000 0.000000
0.824892 0.000000 -0.000000 0.000000
0.824892 -0.000000 -0.000000 0.000000
0.824892 0.000000 -0.000000 0.000000
