-2.000000 10.000000 2.000000
-2.000000 16.000000 6.000000
-3.000000 29.000000 2.000000
-3.000000 34.000000 3.000000
-1.000000 2.000000 6.000000
2.000000 10.000000 6.000000
-1.000000 3.000000 10.000000
0.000000 7.000000 6.000000
0.000000 -0.000000 8.000000
-2.000000 7.000000 10.000000
-2.000000 10.000000 7.000000
0.000000 5.000000 8.000000
-3.000000 33.000000 5.000000
2.000000 9.000000 2.000000
1.000000 1.750000 2.250000
1.000000 0.562500 0.437500
-2.000000 14.796900 5.916900
1.000000 2.391600 2.988100
1.000000 2.019900 2.768900
1.000000 2.190400 1.000000
3.000000 14.631600 10.750000
0.000000 1.510000 4.624400
2.000000 3.313600 4.225600
1.000000 1.997500 2.044900
1.000000 28.562500 7.937500
2.000000 2.937500 4.437500
1.000000 1.937500 1.562500
1.000000 1.437500 1.562500
1.000000 0.562500 3.062500
1.000000 0.937500 0.562500
0.000000 0.562500 1.562500
2.000000 0.062500 8.937500
1.000000 26.250000 7.750000
0.500000 0.894600 3.000000
0.880000 1.298628 0.497500
0.440000 2.051716 0.777500
0.860000 0.200456 0.798000
1.870000 5.430303 3.080800
0.470000 0.305777 1.292000
0.790000 1.484939 2.225500
0.860000 0.882344 0.323500
1.390000 1.595619 1.394500
0.700000 0.029400 1.022900
0.710000 3.202089 0.040000
0.930000 0.760257 0.672700
1.130000 0.070797 0.764000
1.000000 2.345600 1.511600
0.950000 0.654875 0.610400
1.110000 1.097231 0.432000
0.920000 0.670212 0.382300
1.010000 1.779699 1.482500
0.960000 0.571136 0.591300
0.500000 1.393400 0.312500
1.000000 0.592900 1.062500
0.960000 1.224164 1.408700
0.910000 2.808929 1.388100
1.630000 4.868347 0.984500
1.150000 0.388725 1.334100
0.930000 0.001857 0.292700
1.030000 1.205673 1.213300
0.980000 0.136792 0.132500
1.100000 0.508500 0.002900
0.880000 0.048572 0.738500
0.940000 0.010584 0.374000
0.980000 0.867592 0.842100
0.990000 0.209701 0.107600
0.820000 0.434732 0.306000
1.030000 0.227127 0.096700
1.030000 0.078327 0.178000
1.090000 0.162529 0.335600
0.970000 0.030173 0.136700
0.940000 0.297016 0.149300
0.960000 0.194864 0.103200
0.770000 0.393067 0.504700
0.970000 0.382273 0.872700
0.960000 0.212164 0.217500
0.960000 1.117764 0.167300
1.190000 1.400259 0.566100
0.980000 0.216292 0.103700
0.990000 0.098601 0.062500
1.030000 0.283127 0.101600
0.980000 0.068408 0.047500
0.930000 0.064543 0.252700
1.010000 0.053401 0.087200
1.000000 0.172400 0.172400
0.980000 0.054292 0.062500
1.010000 0.069299 0.197200
0.980000 0.001308 0.057200
0.990000 0.118199 0.052800
0.990000 0.032201 0.022500
1.020000 0.121292 0.262800
0.960000 0.070864 0.096000
1.000000 0.030400 0.047100
1.000000 0.097500 0.057600
0.980000 0.038408 0.017500
1.000000 0.065600 0.092400
0.980000 0.011592 0.032500
0.950000 0.034725 0.017500
0.980000 0.011592 0.008000
0.980000 0.001308 0.008000
0.950000 0.072225 0.065900
0.990000 0.040699 0.012800
0.960000 0.044864 0.046800
0.980000 0.041208 0.008000
0.960000 0.019664 0.001600
0.980000 0.901308 0.203500
1.080000 0.017188 0.330000
1.180000 0.820532 0.612800
0.960000 1.004736 1.071300
0.700000 1.183400 0.617600
0.960000 0.027836 0.058400
0.980000 0.018408 0.002500
0.970000 0.036927 0.016800
0.920000 0.029088 0.556000
0.880000 0.567428 0.182000
0.970000 0.170173 0.016800
0.940000 0.374984 0.442000
1.190000 0.096259 0.803200
0.970000 0.036927 0.028875
0.977500 0.004407 0.022180
0.972500 0.029852 0.018751
0.976300 0.000972 0.016947
0.998200 0.005710 0.014618
0.987300 0.026782 0.021212
0.981800 0.016112 0.004790
0.993700 0.007681 0.000751
1.002400 0.005183 0.007519
0.994200 0.013801 0.010623
0.984900 0.007119 0.001396
0.971100 0.013818 0.005220
0.977900 0.004446 0.005443
0.988300 0.033591 0.010637
0.982100 0.005244 0.000719
0.992100 0.015913 0.030289
0.992100 0.009113 0.014467
1.082100 0.552675 0.248859
0.912100 0.256800 0.337873
0.962100 0.048055 0.005247
0.912100 0.006800 0.260845
1.042100 0.315908 0.826429
0.994700 0.008216 0.019412
0.989300 0.010783 0.009165
0.982300 0.006357 0.001305
0.932100 0.126199 0.159038
0.962800 0.142887 0.120342
0.984700 0.074799 0.033616
0.970700 0.032358 0.036799
1.060200 0.155448 0.035439
0.969900 0.004110 0.001606
0.958000 0.002494 0.002934
0.922300 0.001219 0.009025
0.968300 0.000617 0.007785
0.975500 0.004092 0.002632
0.908000 0.132978 0.091324
0.957600 0.115765 0.112442
0.957900 0.035080 0.046816
0.957600 0.004539 0.109348
1.008900 0.216721 0.164237
0.922300 0.001281 0.006525
0.960500 0.001723 0.004480
0.938000 0.063591 0.029772
0.958900 0.021148 0.033913
0.962800 0.061511 0.092391
0.959800 0.030172 0.032148
0.970500 0.102115 0.018106
0.949900 0.001292 0.006441
0.974000 0.004246 0.001180
0.955700 0.002321 0.002476
0.945800 0.001598 0.002387
0.963400 0.004255 0.000313
0.950700 0.002101 0.001482
0.941100 0.001297 0.001385
0.930200 0.000976 0.002047
0.924200 0.000496 0.004592
0.953600 0.002738 0.000904
0.927400 0.000933 0.000415
0.912000 0.000770 0.000806
0.886300 0.001937 0.002398
0.904700 0.000435 0.000076
0.881600 0.001049 0.000942
0.836600 0.003116 0.002384
0.871800 0.000511 0.004277
0.923800 0.000123 0.000062
0.983800 0.002783 0.001478
0.953800 0.002705 0.005770
0.903800 0.011273 0.000410
0.923800 0.107877 0.036142
0.943800 0.073398 0.204986
0.823800 0.228731 0.211578
0.913800 0.063651 0.118314
1.013800 0.009474 0.496846
0.981100 0.002439 0.000163
0.952400 0.001753 0.000793
0.899300 0.000537 0.000356
0.930000 0.045041 0.081144
0.873800 0.079651 0.177784
0.954600 0.121590 0.018315
0.947300 0.100245 0.044585
0.913300 0.091343 0.271663
0.915600 0.000022 0.000922
0.903800 0.039237 0.016336
0.936800 0.065495 0.020238
0.920200 0.006396 0.023010
0.916100 0.011335 0.076385
0.942100 0.020615 0.095991
0.894300 0.000099 0.000220
0.913800 0.024757 0.019811
0.923500 0.006951 0.017232
0.923900 0.012333 0.002183
0.922800 0.010740 0.023742
0.935000 0.029876 0.015861
0.923750 0.000089 0.001564
0.914938 0.000538 0.000216
0.928192 0.010915 0.004990
0.918800 0.012743 0.019754
0.925027 0.008563 0.000917
0.922671 0.002168 0.005874
0.924310 0.009434 0.029914
0.915075 0.000440 0.000562
0.917188 0.000374 0.001132
0.918828 0.000257 0.000460
0.909252 0.000858 0.000451
0.913789 0.000454 0.000226
0.920146 0.000287 0.001517
0.916737 0.000062 0.000315
0.921502 0.000366 0.000408
0.919895 0.000160 0.000166
0.923371 0.003228 0.001009
0.924690 0.001155 0.003023
0.925800 0.005142 0.005715
0.923657 0.001685 0.002355
0.921482 0.005354 0.001028
0.926153 0.001071 0.002048
0.921648 0.000050 0.000627
0.916023 0.000549 0.000418
0.918867 0.000192 0.000207
0.920384 0.000175 0.000841
0.921332 0.000082 0.000258
0.920445 0.000285 0.000527
0.921238 0.000202 0.000176
0.924295 0.003005 0.000406
0.923679 0.000552 0.002422
0.923036 0.001406 0.000786
0.922800 0.002291 0.002428
0.925190 0.000634 0.006356
0.919964 0.000324 0.001939
0.921511 0.000024 0.000943
0.922319 0.001350 0.000811
0.922498 0.000662 0.000413
0.920979 0.000146 0.002109
0.923057 0.000102 0.000645
0.923990 0.000321 0.001191
0.922131 0.000062 0.000410
0.922820 0.000666 0.000578
0.922579 0.000330 0.000165
0.922022 0.000008 0.001049
0.922798 0.000079 0.000221
0.924006 0.000223 0.000647
0.922237 0.000018 0.000309
0.923576 0.000090 0.000480
0.922492 0.000069 0.000188
0.923086 0.000308 0.000272
0.922705 0.000170 0.000056
0.923660 0.000079 0.000385
0.922593 0.000034 0.000135
0.922997 0.000003 0.000323
0.922848 0.000058 0.000085
0.923481 0.000001 0.000222
0.922739 0.000052 0.000085
0.923285 0.000160 0.000093
0.922850 0.000088 0.000019
0.923526 0.000004 0.000176
0.922826 0.000026 0.000058
0.921832 0.000234 0.000082
0.923308 0.000033 0.000026
0.924753 0.000214 0.000279
0.923014 0.000008 0.000135
0.922889 0.000044 0.000029
0.923685 0.001788 0.002740
0.924308 0.003063 0.000291
0.922824 0.000285 0.001477
0.923046 0.000206 0.001836
0.922677 0.004938 0.000414
0.924753 0.000214 0.000278
0.923197 0.000011 0.000094
0.923083 0.000021 0.000049
0.923490 0.000339 0.001537
0.923808 0.001182 0.000521
0.923376 0.000678 0.000263
0.923321 0.000499 0.000427
0.922545 0.002863 0.001761
0.923203 0.000059 0.000004
0.923415 0.000040 0.000112
0.922973 0.000010 0.000015
0.922924 0.000080 0.000040
0.923133 0.000024 0.000013
0.923069 0.000023 0.000022
0.923353 0.000079 0.000028
0.923005 0.000013 0.000015
0.922782 0.000021 0.000031
0.922914 0.000008 0.000017
0.922944 0.000026 0.000020
0.923038 0.000010 0.000012
0.922832 0.000034 0.000028
0.923058 0.000010 0.000003
0.923118 0.000007 0.000047
0.922986 0.000015 0.000035
0.923000 0.000006 0.000002
0.922828 0.000055 0.000001
0.923121 0.000009 0.000007
0.922000 0.003003 0.002279
0.922961 0.000055 0.001200
0.923625 0.002275 0.000567
0.922396 0.000348 0.001139
0.924018 0.001168 0.004064
0.922828 0.000054 0.000000
0.923135 0.000021 0.000015
0.923014 0.000002 0.000008
0.922876 0.000777 0.000324
0.922654 0.000574 0.001232
0.923230 0.001046 0.000384
0.923500 0.001107 0.000572
0.922741 0.000769 0.000611
0.923059 0.000006 0.000014
0.923054 0.000002 0.000007
0.922800 0.000348 0.000378
0.922987 0.000068 0.000257
0.922840 0.000595 0.000258
0.923013 0.000177 0.000079
0.923361 0.000867 0.000984
0.922941 0.000009 0.000004
0.922947 0.000019 0.000004
0.923030 0.000002 0.000001
0.923119 0.000029 0.000002
0.923107 0.000005 0.000006
0.922964 0.000013 0.000086
0.923165 0.000459 0.000057
0.922984 0.000070 0.000092
0.922830 0.000565 0.000529
0.923207 0.000038 0.000771
0.923082 0.000002 0.000016
0.923031 0.000001 0.000002
0.923019 0.000162 0.000028
0.922986 0.000069 0.000214
0.923114 0.000286 0.000150
0.923130 0.000216 0.000111
0.922902 0.000283 0.000012
0.922950 0.000009 0.000001
0.923068 0.000002 0.000004
0.923011 0.000000 0.000004
0.923070 0.000008 0.000003
0.923018 0.000003 0.000001
0.922977 0.000003 0.000006
0.923045 0.000001 0.000002
0.923057 0.000102 0.000085
0.923080 0.000145 0.000049
0.923012 0.000003 0.000039
0.923004 0.000055 0.000079
0.922997 0.000206 0.000009
0.923051 0.000000 0.000006
0.923021 0.000000 0.000002
0.923046 0.000004 0.000001
0.923025 0.000001 0.000000
0.923008 0.000001 0.000002
0.923017 0.000000 0.000001
0.923016 0.000001 0.000001
0.923009 0.000002 0.000002
0.923025 0.000001 0.000000
0.923020 0.000001 0.000002
0.923021 0.000000 0.000001
0.923036 0.000004 0.000008
0.923028 0.000002 0.000002
0.923019 0.000001 0.000000
0.922975 0.000123 0.000090
0.923029 0.000058 0.000016
0.923022 0.000038 0.000018
0.923020 0.000033 0.000057
0.923077 0.000065 0.000183
0.923025 0.000001 0.000001
0.923020 0.000000 0.000000
-0.076980 0.290231 5.168393
-1.076980 0.958486 4.014434
0.923020 1.000000 1.000000
0.923020 0.000000 3.322352
0.923020 0.077069 0.000000
-0.076980 0.786839 0.846041
1.923020 3.247891 5.168393
-0.036980 0.200010 6.914739
-0.776980 0.624522 6.000557
0.423020 0.652776 0.398156
0.993020 0.501359 0.363224
0.883020 0.423272 0.328883
1.423020 2.134051 2.036732
0.893020 2.106433 2.440981
1.463020 3.215560 1.219120
1.343020 2.921156 0.688686
0.723020 0.149582 0.341544
0.863020 0.196871 0.336196
1.073020 0.714477 0.090788
1.013020 0.258506 0.548714
0.943020 0.667465 0.727955
1.043020 0.240217 1.009048
0.993020 0.140798 0.527276
0.823020 0.137417 0.002369
0.943020 0.179940 0.039526
0.833020 0.276919 0.200985
0.983020 0.094950 0.415274
1.033020 0.180571 0.172394
1.086520 0.285268 0.534930
1.034920 0.212123 0.210072
0.923120 0.051209 0.001513
0.873020 0.130405 0.058991
0.932120 0.024057 0.129499
0.913920 0.027400 0.065091
0.972920 0.037023 0.008011
0.796520 0.315013 0.250960
0.854920 0.205881 0.220888
0.903020 0.011631 0.010544
0.903020 0.050031 0.062487
0.941020 0.047012 0.098915
0.941320 0.086848 0.025302
0.926720 0.075385 0.000572
0.927820 0.006625 0.004687
0.942020 0.012232 0.011681
0.919020 0.005821 0.002084
0.923920 0.010673 0.006742
0.921020 0.010993 0.028335
0.913020 0.027646 0.024069
0.938120 0.022662 0.004655
0.923007 0.000005 0.000002
0.924160 0.000464 0.006437
0.925670 0.000106 0.005348
0.923353 0.005616 0.006184
0.918020 0.013967 0.003796
0.922470 0.004170 0.005483
0.920684 0.003788 0.015674
0.930573 0.008129 0.018822
0.924710 0.000948 0.004225
0.924582 0.000584 0.004316
0.921020 0.003823 0.001760
0.924282 0.004134 0.006881
0.923834 0.004473 0.001714
0.922828 0.001385 0.002183
0.923136 0.006176 0.001227
0.918510 0.001168 0.009609
0.920732 0.000657 0.007330
0.923266 0.002446 0.002000
0.922020 0.002514 0.001262
0.923266 0.000840 0.000330
0.922770 0.000665 0.003664
0.923778 0.001442 0.002596
0.923007 0.000005 0.000002
0.922110 0.000394 0.010001
0.922533 0.000267 0.007522
0.922793 0.000325 0.000983
0.922581 0.001192 0.000247
0.923041 0.000096 0.001176
0.923520 0.001642 0.000948
0.923166 0.000874 0.000893
0.922819 0.002177 0.000043
0.923188 0.000883 0.000070
0.922820 0.000500 0.000195
0.922910 0.000035 0.000713
0.923126 0.000577 0.000381
0.923220 0.000530 0.000512
0.923026 0.000645 0.000376
0.922762 0.000065 0.000415
0.922843 0.000028 0.000244
0.922976 0.000048 0.000156
0.922920 0.000240 0.000317
0.923075 0.000239 0.000013
0.923013 0.000093 0.000125
0.923117 0.000045 0.000273
0.922994 0.000433 0.000221
0.922995 0.000325 0.000085
0.922987 0.000040 0.000080
0.923043 0.000093 0.000153
0.922970 0.000151 0.000013
0.923017 0.000047 0.000071
0.923084 0.000049 0.000011
0.923084 0.000003 0.000189
0.923056 0.000005 0.000146
0.923000 0.000028 0.000035
0.923015 0.000007 0.000011
0.923027 0.000017 0.000062
0.923039 0.000087 0.000000
0.923020 0.000071 0.000016
0.922981 0.000015 0.000069
0.923000 0.000009 0.000051
0.923014 0.000001 0.000003
0.923015 0.000013 0.000023
0.923030 0.000025 0.000033
0.923026 0.000029 0.000017
0.923016 0.000043 0.000004
0.923018 0.000002 0.000010
0.923017 0.000002 0.000006
0.923015 0.000013 0.000004
0.923018 0.000000 0.000018
0.923023 0.000013 0.000008
0.923025 0.000013 0.000013
0.923021 0.000016 0.000008
0.923010 0.000002 0.000004
0.923013 0.000002 0.000003
0.923020 0.000002 0.000000
0.923018 0.000005 0.000004
0.923020 0.000002 0.000006
0.923020 0.000001 0.000003
0.923022 0.000003 0.000006
0.923024 0.000002 0.000001
0.923023 0.000001 0.000001
0.923020 0.000001 0.000002
0.923019 0.000003 0.000001
0.923021 0.000001 0.000003
0.923020 0.000000 0.000000
0.923021 0.000000 0.000000
0.923021 0.000000 0.000003
0.923021 0.000000 0.000002
0.923020 0.000000 0.000001
0.923020 0.000001 0.000001
0.923020 0.000001 0.000001
0.923021 0.000001 0.000001
0.923021 0.000000 0.000001
0.923020 0.000001 0.000001
0.923020 0.000000 0.000001
0.923020 0.000001 0.000000
0.923020 0.000000 0.000001
0.923020 0.000000 0.000000
0.923020 0.000000 0.000000
0.923020 0.000000 0.000001
0.923021 0.000001 0.000002
0.923021 0.000000 0.000001
0.923020 0.000000 0.000000
0.923020 0.000000 0.000000
0.923020 -0.000000 0.000000
0.923020 0.000000 0.000000
0.923020 0.000000 0.000000
0.923021 0.000000 0.000000
0.923020 0.000000 0.000000
0.923020 0.000000 0.000000
0.923020 0.000000 0.000000
0.923020 0.000000 0.000000
0.923020 0.000000 0.000000
0.923020 0.000000 0.000000
0.923020 0.000000 0.000000
0.923020 0.000000 0.000000
0.923020 0.000000 0.000000
0.923020 0.000000 0.000000
0.923020 0.000000 0.000000
0.923020 0.000000 0.000000
0.923020 0.000000 0.000000
0.923020 0.000000 0.000000
0.923020 0.000000 0.000000
0.923020 0.000000 0.000000
0.923020 0.000000 0.000000
0.923020 0.000000 0.000000
0.923020 0.000000 0.000000
0.923020 0.000000 0.000000
0.923020 0.000000 0.000000
0.923020 0.000000 0.000000
0.923020 0.000000 0.000000
0.923020 0.000000 0.000000
0.923020 0.000000 0.000000
0.923020 0.000000 0.000000
0.923020 0.000000 0.000000
0.923020 0.000000 0.000000
0.923020 0.000000 0.000000
0.923020 0.000000 0.000000
0.923020 0.000000 0.000000
0.923020 0.000000 0.000000
0.923020 0.000000 0.000000
0.923020 0.000000 0.000000
0.923020 0.000000 0.000000
0.923020 0.000000 0.000000
0.923020 0.000000 0.000000
0.923020 0.000000 0.000000
0.923020 0.000000 0.000000
0.923020 0.000000 0.000000
0.923020 0.000000 0.000000
0.923020 0.000000 0.000000
0.923020 0.000000 0.000000
0.923020 0.000000 0.000000
0.923020 0.000000 0.000000
0.923020 0.000000 0.000000
0.923020 0.000000 0.000000
0.923020 0.000000 0.000000
0.923020 0.000000 0.000000
0.923020 0.000000 0.000000
0.923020 0.000000 0.000000
0.923020 0.000000 0.000000
0.923020 0.000000 0.000000
0.923020 0.000000 0.000000
0.923020 0.000000 0.000000
0.923020 0.000000 0.000000
0.923020 0.000000 0.000000
0.923020 0.000000 0.000000
0.923020 0.000000 0.000000
0.923020 0.000000 0.000000
0.923020 0.000000 0.000000
0.923020 0.000000 0.000000
0.923020 0.000000 0.000000
0.923020 0.000000 0.000000
0.923020 0.000000 0.000000
0.923020 0.000000 0.000000
0.923020 0.000000 0.000000
0.923020 0.000000 0.000000
0.923020 0.000000 0.000000
0.923020 0.000000 0.000000
0.923020 0.000000 0.000000
0.923020 0.000000 0.000000
0.923020 0.000000 0.000000
0.923020 0.000000 0.000000
0.923020 0.000000 0.000000
0.923020 0.000000 0.000000
0.923020 0.000000 0.000000
0.923020 0.000000 0.000000
0.923020 0.000000 0.000000
0.923020 0.000000 0.000000
0.923020 0.000000 0.000000
0.923020 0.000000 0.000000
0.923020 0.000000 0.000000
0.923020 0.000000 0.000000
0.923020 0.000000 0.000000
0.923020 0.000000 0.000000
0.923020 0.000000 0.000000
0.923020 0.000000 0.000000
0.923020 0.000000 0.000000
0.923020 0.000000 0.000000
0.923020 0.000000 0.000000
0.923020 0.000000 0.000000
0.923020 0.000000 0.000000
0.923020 0.000000 0.000000
0.923020 0.000000 0.000000
0.923020 0.000000 0.000000
0.923020 0.000000 0.000000
0.923020 0.000000 0.000000
0.923020 0.000000 0.000000
0.923020 0.000000 0.000000
0.923020 0.000000 0.000000
0.923020 0.000000 0.000000
0.923020 0.000000 0.000000
0.923020 0.000000 0.000000
0.923020 0.000000 0.000000
0.923020 0.000000 0.000000
0.923020 0.000000 0.000000
0.923020 0.000000 0.000000
0.923020 0.000000 0.000000
0.923020 0.000000 0.000000
0.923020 0.000000 0.000000
0.923020 0.000000 0.000000
0.923020 0.000000 0.000000
0.923020 0.000000 0.000000
0.923020 0.000000 0.000000
0.923020 0.000000 0.000000
0.923020 0.000000 0.000000
0.923020 0.000000 0.000000
0.923020 0.000000 0.000000
0.923020 0.000000 0.000000
0.923020 0.000000 0.000000
0.923020 0.000000 0.000000
0.923020 0.000000 0.000000
0.923020 0.000000 0.000000
0.923020 0.000000 0.000000
0.923020 0.000000 0.000000
0.923020 0.000000 0.000000
