2.000000 0.000000 0.000000
1.905844 -0.000000 -0.000000
18.421857 0.000000 -0.000000
2.000000 0.000000 -0.000000
7.042426 0.000000 0.000000
8.713171 0.000000 -0.000000
5.905844 -0.000000 -0.000000
8.398278 0.000000 0.000000
11.376470 0.000000 0.000000
2.000000 0.000000 -0.000000
5.905844 -0.000000 -0.000000
1.000000 0.000000 -0.000000
3.079067 -0.000000 -0.000000
3.042426 0.000000 0.000000
1.000000 0.000000 -0.000000
2.905844 -0.000000 -0.000000
1.000000 0.000000 0.000000
3.376470 0.000000 0.000000
1.000000 0.000000 0.000000
2.000000 0.000000 0.000000
4.673761 0.000000 0.000000
2.000000 0.000000 0.000000
1.250000 0.000000 0.000000
1.250000 0.000000 0.000000
1.062500 0.000000 0.000000
1.062500 0.000000 0.000000
1.016900 0.000000 0.000000
1.016900 0.000000 0.000000
1.003600 0.000000 0.000000
1.003600 0.000000 0.000000
1.000900 0.000000 0.000000
1.000900 0.000000 0.000000
1.000100 0.000000 0.000000
1.000100 0.000000 0.000000
1.000100 0.000000 0.000000
1.014400 0.000000 -0.000000
2.166024 -0.000000 -0.000000
2.009901 0.000000 0.000000
1.002500 0.000000 -0.000000
1.317069 -0.000000 -0.000000
1.214403 0.000000 0.000000
1.616968 0.000000 0.000000
1.539768 0.000000 0.000000
1.605307 0.000000 0.000000
1.583551 0.000000 0.000000
1.000400 0.000000 -0.000000
1.567246 0.000000 0.000000
1.302564 0.000000 0.000000
1.424626 0.000000 0.000000
1.295519 -0.000000 -0.000000
1.358311 -0.000000 -0.000000
1.292324 0.000000 0.000000
1.326132 0.000000 -0.000000
1.290471 0.000000 0.000000
1.310847 0.000000 0.000000
1.292783 0.000000 0.000000
1.484607 0.000000 0.000000
1.498604 0.000000 0.000000
1.434129 -0.000000 -0.000000
1.508565 0.000000 0.000000
1.495856 0.000000 0.000000
1.470538 -0.000000 -0.000000
1.326344 0.000000 0.000000
1.470860 0.000000 0.000000
1.384790 0.000000 0.000000
1.407322 -0.000000 -0.000000
1.455030 0.000000 0.000000
1.000835 0.000000 -0.000000
1.447128 -0.000000 -0.000000
1.347291 0.000000 0.000000
1.432666 -0.000000 -0.000000
1.402287 0.000000 0.000000
1.395350 0.000000 0.000000
1.465255 0.000000 0.000000
1.000098 0.000000 -0.000000
1.408353 0.000000 0.000000
1.392000 0.000000 0.000000
1.401604 0.000000 0.000000
1.392913 0.000000 0.000000
1.410416 -0.000000 -0.000000
1.411994 -0.000000 -0.000000
1.403241 -0.000000 -0.000000
1.402556 0.000000 0.000000
1.418638 -0.000000 -0.000000
1.406535 -0.000000 -0.000000
1.395443 0.000000 0.000000
1.399239 0.000000 0.000000
1.404042 -0.000000 -0.000000
1.407094 0.000000 0.000000
1.405128 -0.000000 -0.000000
1.403702 0.000000 0.000000
1.406550 -0.000000 -0.000000
1.395428 0.000000 0.000000
1.401498 0.000000 0.000000
1.401892 -0.000000 -0.000000
1.403105 0.000000 0.000000
1.405322 -0.000000 -0.000000
1.000001 0.000000 -0.000000
1.400334 0.000000 0.000000
1.400623 0.000000 0.000000
1.400622 0.000000 0.000000
1.402172 0.000000 0.000000
1.403314 -0.000000 -0.000000
1.403400 -0.000000 0.000000
1.400404 0.000000 0.000000
1.401884 0.000000 0.000000
1.402157 0.000000 0.000000
1.400841 -0.000000 -0.000000
1.401787 0.000000 0.000000
1.402303 0.000000 0.000000
1.401708 0.000000 0.000000
1.402842 0.000000 0.000000
1.402077 -0.000000 -0.000000
1.401846 0.000000 0.000000
1.401528 0.000000 0.000000
1.401647 0.000000 0.000000
1.401438 0.000000 0.000000
1.401548 -0.000000 -0.000000
1.401399 -0.000000 -0.000000
1.401498 0.000000 0.000000
1.401424 0.000000 0.000000
1.401669 0.000000 0.000000
1.401789 -0.000000 -0.000000
1.401915 0.000000 0.000000
1.401984 0.000000 0.000000
1.401847 -0.000000 -0.000000
1.401701 0.000000 0.000000
1.401437 0.000000 0.000000
1.401729 0.000000 0.000000
1.401765 0.000000 0.000000
1.401903 0.000000 0.000000
1.401933 0.000000 0.000000
1.000000 0.000000 -0.000000
1.401809 0.000000 0.000000
1.401665 0.000000 0.000000
1.401741 0.000000 0.000000
1.401663 0.000000 0.000000
1.401707 0.000000 0.000000
1.401662 0.000000 0.000000
1.401690 0.000000 0.000000
1.401664 -0.000000 0.000000
1.401741 0.000000 0.000000
1.401781 0.000000 0.000000
1.401830 0.000000 -0.000000
1.401863 -0.000000 -0.000000
1.401771 0.000000 0.000000
1.401830 0.000000 0.000000
1.401700 0.000000 0.000000
1.401784 0.000000 0.000000
1.401785 0.000000 0.000000
1.401765 0.000000 0.000000
1.401736 -0.000000 -0.000000
1.000000 0.000000 -0.000000
1.401846 0.000000 0.000000
1.401733 0.000000 0.000000
1.401762 0.000000 0.000000
1.401753 0.000000 0.000000
1.401767 0.000000 0.000000
1.401757 0.000000 0.000000
1.000000 0.000000 -0.000000
1.401778 -0.000000 -0.000000
1.401743 0.000000 0.000000
1.401758 -0.000000 -0.000000
1.401750 0.000000 0.000000
1.401755 0.000000 0.000000
1.401758 -0.000000 -0.000000
1.401753 0.000000 0.000000
1.401765 0.000000 0.000000
1.401747 -0.000000 -0.000000
1.401752 -0.000000 -0.000000
1.401752 0.000000 0.000000
1.401751 0.000000 0.000000
1.401756 0.000000 0.000000
1.401750 0.000000 0.000000
1.401752 0.000000 0.000000
1.401753 -0.000000 -0.000000
1.401752 0.000000 0.000000
1.401753 0.000000 0.000000
1.401753 0.000000 0.000000
1.000000 0.000000 -0.000000
1.401752 0.000000 0.000000
1.401754 -0.000000 -0.000000
1.401752 0.000000 0.000000
1.401752 0.000000 0.000000
1.401753 0.000000 0.000000
1.401753 0.000000 0.000000
1.401752 0.000000 -0.000000
1.401754 -0.000000 -0.000000
1.401752 0.000000 0.000000
1.401752 0.000000 0.000000
1.401752 0.000000 0.000000
1.401752 -0.000000 -0.000000
1.401752 0.000000 0.000000
1.401753 0.000000 0.000000
1.401752 0.000000 0.000000
1.401752 0.000000 0.000000
1.401752 -0.000000 -0.000000
1.401752 0.000000 0.000000
1.401752 0.000000 0.000000
1.401752 0.000000 0.000000
1.401752 0.000000 0.000000
1.401752 -0.000000 -0.000000
1.401752 0.000000 0.000000
1.401752 -0.000000 -0.000000
1.401752 -0.000000 -0.000000
1.401752 0.000000 0.000000
1.401752 0.000000 -0.000000
1.401752 0.000000 0.000000
1.401752 0.000000 0.000000
1.401752 0.000000 0.000000
1.401752 -0.000000 -0.000000
1.401752 0.000000 0.000000
1.401752 0.000000 0.000000
1.401752 0.000000 0.000000
1.401752 -0.000000 0.000000
1.401752 0.000000 0.000000
1.401752 0.000000 0.000000
1.401752 0.000000 0.000000
1.401752 0.000000 0.000000
1.401752 0.000000 0.000000
1.401752 -0.000000 -0.000000
1.401752 -0.000000 -0.000000
1.401752 0.000000 0.000000
1.401752 -0.000000 -0.000000
1.401752 -0.000000 -0.000000
1.401752 0.000000 0.000000
1.401752 -0.000000 -0.000000
1.401752 0.000000 0.000000
1.401752 -0.000000 -0.000000
1.401752 0.000000 0.000000
1.401752 -0.000000 -0.000000
1.401752 0.000000 0.000000
1.401752 0.000000 0.000000
1.401752 -0.000000 -0.000000
1.401752 0.000000 0.000000
1.401752 -0.000000 -0.000000
1.401752 0.000000 0.000000
1.401752 0.000000 0.000000
1.401752 -0.000000 -0.000000
1.401752 0.000000 0.000000
1.401752 -0.000000 -0.000000
1.401752 0.000000 -0.000000
1.401752 -0.000000 -0.000000
1.401752 -0.000000 -0.000000
1.401752 -0.000000 -0.000000
1.401752 -0.000000 -0.000000
1.401752 0.000000 0.000000
1.401752 0.000000 0.000000
1.401752 0.000000 0.000000
1.401752 0.000000 0.000000
1.401752 0.000000 0.000000
1.401752 0.000000 0.000000
1.401752 -0.000000 -0.000000
1.401752 0.000000 0.000000
1.401752 0.000000 -0.000000
1.401752 0.000000 0.000000
1.401752 -0.000000 -0.000000
1.401752 -0.000000 -0.000000
1.401752 -0.000000 -0.000000
1.401752 0.000000 0.000000
1.401752 0.000000 0.000000
1.401752 -0.000000 -0.000000
1.401752 0.000000 0.000000
1.401752 0.000000 0.000000
1.401752 0.000000 0.000000
1.401752 -0.000000 -0.000000
1.401752 -0.000000 -0.000000
1.401752 -0.000000 -0.000000
1.401752 0.000000 0.000000
1.401752 0.000000 -0.000000
1.401752 -0.000000 -0.000000
1.401752 0.000000 0.000000
1.401752 0.000000 0.000000
1.401752 0.000000 0.000000
1.401752 0.000000 0.000000
1.401752 0.000000 0.000000
1.401752 0.000000 -0.000000
1.401752 0.000000 0.000000
1.401752 0.000000 0.000000
1.401752 0.000000 0.000000
1.401752 -0.000000 -0.000000
1.401752 0.000000 0.000000
1.401752 0.000000 0.000000
1.401752 -0.000000 -0.000000
1.401752 0.000000 0.000000
1.401752 0.000000 0.000000
1.401752 -0.000000 -0.000000
1.401752 -0.000000 -0.000000
1.401752 0.000000 0.000000
1.401752 0.000000 0.000000
1.401752 -0.000000 -0.000000
1.401752 0.000000 0.000000
1.401752 -0.000000 -0.000000
1.401752 0.000000 0.000000
1.401752 -0.000000 -0.000000
1.401752 0.000000 0.000000
1.401752 0.000000 0.000000
1.401752 0.000000 0.000000
1.401752 0.000000 0.000000
1.401752 -0.000000 -0.000000
1.401752 0.000000 0.000000
1.401752 -0.000000 -0.000000
1.401752 0.000000 0.000000
1.401752 0.000000 0.000000
1.401752 -0.000000 -0.000000
1.401752 0.000000 0.000000
1.401752 0.000000 0.000000
1.401752 0.000000 0.000000
1.401752 0.000000 0.000000
1.401752 0.000000 -0.000000
1.401752 0.000000 0.000000
1.401752 -0.000000 -0.000000
