1.000000 2.000000
0.000000 1.000000
-3.000000 2.000000
-2.000000 1.000000
-8.000000 7.000000
-1.000000 -0.000000
2.000000 3.000000
-12.000000 11.000000
-3.000000 20.000000
1.000000 22.000000
-3.000000 22.000000
-2.000000 1.000000
-1.000000 2.000000
-7.000000 12.000000
2.000000 5.000000
-3.000000 12.000000
1.000000 12.000000
-3.000000 6.000000
-3.000000 4.000000
-4.000000 3.000000
-3.000000 4.000000
1.000000 4.000000
0.000000 1.000000
-3.000000 2.000000
-3.000000 -0.000000
-6.000000 3.000000
-4.000000 1.120000
-4.000000 1.000000
-7.000000 4.000000
-6.000000 1.000000
-12.000000 1.000000
-30.000000 1.000000
-84.000000 1.000000
-246.000000 1.000000
-732.000000 1.000000
-2190.000000 1.000000
-6564.000000 1.000000
-19686.000000 1.000000
-59052.000000 1.000000
-177150.000000 1.000000
-531444.000000 1.000000
-1594326.000000 1.000000
-4782972.000000 1.000000
-14348910.000000 1.000000
-43046724.000000 1.000000
-129140166.000000 1.000000
-387420492.000000 1.000000
-1162261470.000000 1.000000
-3486784404.000000 1.000000
-10460353206.000000 1.000000
-31381059611.999996 1.000004
-11756607.000000 2592304.000000
-11756606.000000 2592305.000000
531440.000000 1.000000
-265723.000000 -0.000000
-1062883.000000 -0.000000
-3454363.000000 -0.000000
-10628803.000000 -0.000000
-32152123.000000 -0.000000
-96722083.000000 0.000000
-290431963.000000 0.000000
-871561603.000000 0.000000
-2614950523.000001 -0.000000
-7845117283.000003 0.000001
2147483648.000000 2147483649.000000
6973841079.999999 1.000001
2147483648.000000 8249288283.000001
-3932997309.000003 7912119973.999999
-11757237257.000004 7912119974.000002
-7614950523.000000 8568199117.999999
2385049476.999999 8568199118.000000
-23535617563.000008 0.000004
-7686852911.000003 3841735628.000001
-2845117283.000003 5126611497.999999
721009996.999999 7335960520.000000
-5950911043.000001 7335960520.000000
-2991566082.000000 12985331.000000
2147483648.000000 5152035331.000000
-6239489119.000003 394371836.000001
-1403953869.000001 3210996654.000000
-9450745447.000004 394371835.999998
-3825947177.000001 3210996654.000000
2147483648.000000 5112892279.000000
-8845117283.000004 1485245352.000003
-6845117283.000002 1485245352.000000
-3614950523.000000 1980273504.000000
-1614950523.000001 1980273504.000001
2147483648.000000 5429201131.000000
272278.000000 1.000000
2147483648.000000 4762503883.000000
-7903614066.000004 341503216.999998
-8345117283.000003 546797426.000001
-2693696969.000001 321253554.000000
-2536204077.000001 321253554.000000
-7286620500.000002 205294208.999999
-4939473457.000002 0.000001
-8045117283.000003 48756820.000002
-7996360462.000003 351243179.000001
-2565364873.000001 249585650.000000
-2664536173.000001 249585650.000000
-7493874104.000003 399999999.000000
-2941980432.000000 262570981.000000
2147483648.000000 4759834393.000000
-7855378897.000002 89738386.000000
-7945117283.000004 110261614.000003
-2576326018.000001 138624505.000000
-2653575028.000001 138624505.000000
-7734855669.000003 20523228.000000
-2603989378.000001 110961145.000000
2147483648.000000 4787434171.000001
2147483648.000000 4737434171.000001
-7865416808.000003 19700474.999999
-7895117283.000002 66239620.000000
-2635667448.000001 19283075.000000
-2594233598.000001 19283075.000000
-7774817758.000004 46539144.999998
-2646628593.000001 91678070.000000
2147483648.000000 4742434171.000001
-7865117283.000003 14793870.000001
-7850323414.000004 25206131.000002
-2595395372.000001 39555151.000000
-2634505674.000001 39555151.000000
-7819911152.000003 40000000.999999
-2616112297.000001 58838226.000000
2147483648.000000 4762434171.000001
-7855117283.000003 7796974.000000
-7842914257.000002 12203025.999999
-2624950523.000001 2073578.000000
-2604950523.000001 2073578.000000
-7837320309.000004 4406052.000002
-2605395372.000001 37481573.000000
2147483648.000000 4754415777.000000
-7850117283.000003 1906054.000001
-7848984714.000002 7867431.000000
-2619950523.000001 7463540.000000
-2609950523.000001 7463540.000000
-7836249852.000004 9773484.999998
-2619950523.000001 5389962.000000
-2619950523.000001 2176585.999999
-2619950523.000001 4250163.999999
-2619950523.000001 569897.999999
-2609950523.000001 2643475.999999
-2621200523.000001 894314.000001
-2613700523.000001 1464212.000000
-2619325523.000001 304682.000001
-2614325523.000001 874580.000000
-2618544273.000001 208777.999999
-2614169273.000001 513460.000000
2147483648.000000 4765419963.000000
-7845455611.000003 1661671.999998
-7847117283.000003 2338328.000001
-2614431372.000001 2519151.000000
-2615469674.000001 2519151.000000
-7842778955.000003 676656.000000
-7846117283.000004 211358.000001
-7845905925.000003 1788642.000001
-2614337106.000001 1613417.000000
-2615563940.000001 1613417.000000
-7843328641.000002 1999999.999998
-2614794273.000001 1388040.000000
2147483648.000000 4761617433.000000
-7845248301.000003 268982.000000
-7845617283.000002 604814.000000
-2614979701.000001 370822.000000
-2614921345.000001 370822.000000
-7844486265.000004 335831.999998
-2615760951.000001 142638.000000
-2616556790.000001 470687.000000
-2615731773.000001 513460.000000
-2615167719.000001 149751.999999
-2615543755.000001 292389.999999
-2615261728.000001 39216.999999
-2614451300.000001 181854.999999
2147483648.000000 4762855671.000000
-7845195290.000003 278007.000001
-7845317283.000003 121994.000001
-2614837559.000001 312964.000000
-2615063487.000001 312964.000000
-7844839276.000002 400001.000000
2147483648.000000 4762609383.000000
-2615044532.000001 110535.000000
2147483648.000000 4762513513.000000
-7845193275.000002 24008.000000
-7845217283.000002 175991.999999
-2615050523.000001 131652.000000
-2614850523.000001 131652.000000
-7844941291.000005 151983.999996
-2614944532.000001 21117.000000
2147483648.000000 4762437603.000000
2147483648.000000 4762429689.000000
-7845156349.000003 933.999998
-7845078217.000003 934.000001
-2614998518.000001 87995.000000
-2614902528.000001 87995.000000
2147483648.000000 4762442535.000000
2147483648.000000 4762441735.000000
-7845117283.000544 0.000013
-2614896537.000001 109112.000000
2147483648.000000 4762417953.000000
-7845105734.000003 31549.000000
-7845128832.000004 31549.000002
-2614930523.000001 22252.000000
-2614970523.000001 22252.000000
2147483648.000000 4762431919.000001
-2614924532.000001 43369.000000
2147483648.000000 4762436827.000000
-7845127283.000003 2622.000001
-7845124660.000004 17377.000002
-2614953420.000001 7103.000000
-2614947626.000001 7103.000000
2147483648.000000 4762434169.000000
-2614959411.000001 14014.000000
2147483648.000000 4762434109.000000
-7845118301.000003 5018.000001
-7845112283.000003 4185.999999
-2614953931.000001 7408.000000
-2614947115.000001 7408.000000
2147483648.000000 9992601785.000004
2147483648.000000 4762430449.000000
-2614950012.000001 14511.000000
2147483648.000000 4762434671.000001
-7845119147.000004 135.999998
-7845115283.000003 3863.999999
-2614952523.000001 3144.000000
-2614948523.000001 3144.000000
2147483648.000000 4762433223.000000
-2614949115.000001 4264.000000
-2614952727.000001 4490.000000
-2614950319.000001 1346.000000
-2614950921.000001 112.000001
-2614948921.000001 3031.999999
2147483648.000000 4762433671.000000
-7845117740.000004 542.999997
-7845118283.000003 1456.000002
-2614950572.000001 951.000000
-2614950474.000001 951.000000
-2614950722.000001 55.000001
-2614950772.000001 105.000001
-2614950473.000001 50.000000
2147483648.000000 4762434207.000001
-2614950274.000001 105.000001
-2614950610.000001 15.000000
-2614950660.000001 65.000000
2147483648.000000 4762434189.000001
-7845117157.000003 526.000000
-7845116783.000002 400.000000
-2614950199.000001 724.000000
-2614950847.000001 724.000000
-7845117283.000173 0.000106
-2614950921.000001 2.000000
2147483648.000000 4762434471.000000
-2614950834.000001 17.000000
-2614950666.000001 7.000000
-2614950778.000001 9.000000
-2614950694.000001 3.000000
-2614950750.000001 5.000000
-2614950708.000001 1.000000
-7845117483.000003 174.000001
-7845117309.000003 226.000001
-2614950323.000001 286.000000
-2614950723.000001 286.000000
2147483648.000000 9992600907.000002
-7845117283.000003 12140084580.000004
2147483648.000000 4762434355.000001
-2614950310.000001 3.000000
2147483648.000000 4762434417.000001
-7845117204.000004 178.999999
-7845117183.000003 21.999999
-2614950522.000001 99.000000
-2614950524.000001 99.000000
2147483648.000000 4762434243.000000
-2614950537.000001 2.000000
2147483648.000000 4762434225.000001
-7845117233.000003 85.999999
-7845117239.000004 3.999998
-2614950573.000001 26.000000
-2614950473.000001 26.000000
-2614950531.000001 -0.000000
-2614950555.000001 -0.000000
-2614950627.000001 -0.000000
-2614950843.000001 -0.000000
-2614951491.000001 -0.000000
-2614953435.000001 -0.000000
-2614959267.000001 -0.000000
-2614976763.000001 -0.000000
-2615029251.000001 -0.000000
-2615186715.000001 -0.000000
-2615659107.000001 -0.000000
-2617076283.000001 -0.000000
-2621327811.000001 -0.000000
-2634082395.000001 -0.000000
-2672346147.000001 -0.000000
-2787137403.000001 -0.000000
-3131511171.000001 -0.000000
-4164632475.000000 0.000000
-7263996386.999998 0.000003
-7845078217.000003 12140045514.000004
-4184632475.000000 10310288.000000
-4144632475.000000 10310288.000001
-7846959209.000003 21841926.000001
-7865117283.000003 18158074.000000
-7845193275.000002 12140160572.000002
-4174632475.000000 17143211.999999
-4154632475.000000 17143212.000000
-7835117283.000002 4273028.000000
-7855117283.000003 4273028.000001
-4174632475.000001 6832924.000000
-4174632475.000001 838890.000000
-4154632475.000002 11149177.999999
-4177132475.000001 4945422.000001
-4162132475.000001 5784312.000000
-4173382475.000001 2262988.000001
-4164625117.000000 4007358.000000
-4164639833.000000 4007358.000000
-7840117283.000003 1076095.999998
-7850117283.000003 1076096.000001
-4165882475.000000 3101878.000001
-4171507475.000001 921772.000001
-4167757475.000001 1760662.000001
-4170569975.000001 251164.000001
-4160569975.000001 1090054.000001
-4171116850.000001 356654.999999
-4164085600.000001 607819.000000
2147483648.000000 6316958223.000000
-4166632475.000000 423750.000000
-4162632475.000000 423750.000000
-7847117283.000003 2631124.000002
-7845748407.000004 1368875.999997
-4163721859.000000 1910616.000000
-4165543091.000000 1910615.999999
-7845880791.000003 236491.999999
-7846117283.000004 1763508.000002
-4168632475.000000 847499.999999
-4164132475.000000 105938.000000
-4165132475.000000 562642.000000
-4164132475.000000 562642.000001
-7845617283.000002 677342.000000
-7845338961.000003 178322.000000
-4163632475.000000 668580.000000
-4164757475.000000 254836.000000
-4164007475.000000 360774.000000
-4164569975.000000 100934.000000
-4165069975.000001 206872.000000
-4164366850.000000 27735.000000
-4164429350.000000 128669.000001
2147483648.000000 6311974933.000000
-7845253966.000003 63316.999999
-7845317283.000003 336684.000001
-4164832475.000000 305654.000000
-4164432475.000000 305654.000000
2147483648.000000 6311997179.000000
-7845147595.000003 130312.000002
-7845217283.000002 69688.000000
-4164732475.000000 36092.000000
-4164532475.000000 36092.000000
2147483648.000000 9992640931.000000
2147483648.000000 6312157967.000000
-4164266850.000000 63827.000001
2147483648.000000 6312088605.000000
-7845167283.000003 13984.000000
-7845067283.000004 13983.999998
-4164627382.000000 45093.000000
-4164637568.000000 45093.000000
2147483648.000000 6312076127.000000
-4164832475.000000 72184.000000
-4164607475.000000 9024.000000
-7845137283.000003 11198.000001
-7845108480.000003 28803.000000
-4164632702.000000 20227.000000
-4164632248.000000 20227.000000
2147483648.000000 9992609733.000002
2147483648.000000 9992609733.000000
-4164632634.999840 18619.999841
-4164607315.000161 27643.999841
-4164626304.999920 7053.999920
-4164651304.999920 16077.999918
2147483648.000000 6312104829.000000
-7845121506.000003 5777.000000
-7845127283.000003 14224.000000
-4164642475.000001 15882.000000
-4164622475.000000 15882.000000
-7845127283.000003 12140094580.000004
-4164628475.000000 6542.000000
-4164626475.000000 8542.000000
-4164634645.000081 13595.999920
-4164628389.999960 1890.999960
-4164632389.999960 8432.999959
2147483648.000000 6312115901.000000
-7845117866.000003 3416.999998
-7845122283.000003 5466.000001
-4164637475.000000 5324.000000
-4164627475.000000 5324.000000
-4164630675.000000 3272.000000
-4164630475.000000 3272.000000
-4164630189.999959 5162.999958
2147483648.000000 6312115365.000000
-7845119283.000004 1302.000002
-7845115283.000003 1301.999999
-4164631033.000001 558.000000
-4164633917.000000 558.000000
-4164633917.000000 54.000000
2147483648.000000 9992602931.000002
2147483648.000000 9992602930.999998
-4164632475.000000 504.000000
2147483648.000000 6312116245.000001
-7845117081.000003 1201.999998
-7845118283.000003 798.000001
-4164633223.000000 1748.000000
-4164631727.000000 1748.000001
-7845117475.000003 12140084772.000004
-7845117408.000003 275.000000
-7845117783.000003 600.000001
-4164632708.000001 633.000000
-4164632242.000000 633.000000
2147483648.000000 9992601031.000004
2147483648.000000 6312115875.000000
-7845117483.000003 170.000002
-7845117313.000003 230.000001
-4164632276.000000 399.000001
-4164632674.000001 399.000000
2147483648.000000 6312116023.000001
-4164632873.000001 798.000001
2147483648.000000 6312116173.000001
-7845117362.000003 21.000000
-7845117383.000003 178.000001
-4164632507.000001 68.000000
-4164632443.000000 68.000000
-7845117383.000003 12140084680.000004
2147483648.000000 6312116201.000000
-4164632539.000001 136.000000
-4164632467.000001 16.000002
-7845117333.000003 18.000000
-7845117233.000003 17.999999
-4164632455.000000 19.999999
-4164632495.000000 20.000000
-7845117283.000003 0.000002
2147483648.000000 6312116153.000000
-4164632487.000002 3.999997
-4164632503.000003 15.999995
-4164632474.000000 7.000000
-4164632488.000001 10.999999
2147483648.000000 6312116123.000000
-7845117303.000002 18.000000
-7845117285.000002 22.000001
-4164632490.000001 35.000000
-4164632460.000000 35.000000
2147483648.000000 6312116129.000000
-7845117288.000004 4.999998
-7845117278.000003 5.000001
-4164632483.000000 17.999999
-4164632467.000000 18.000000
2147483648.000000 6312116133.000000
-7845117284.000003 5.000002
-7845117278.000003 4.999999
-4164632475.000000 4.000000
-4164632475.000000 4.000000
-4164632487.000002 0.000003
-4164632493.000002 2.000004
-4164632475.000000 3.999999
-4164632484.000001 0.999998
-4164632478.000000 1.000000
2147483648.000000 6312116131.000000
-7845117285.000002 2.000000
-7845117282.000003 1.000000
-4164632476.000000 1.000000
-4164632474.000000 1.000000
-7845117282.999887 0.000669
-7845117282.999883 0.000674
2147483648.000000 6312116124.000001
2147483648.000000 6312116123.800001
-4164632477.000000 2.000000
2147483648.000000 6312116124.500001
-7845117283.000003 0.999999
-7845117282.000003 1.419999
-4164632476.000000 1.000000
-4164632474.000000 1.000000
2147483648.000000 9992600930.671341
-7845117283.000544 0.000543
-4164632475.816361 0.816360
-4164632472.816361 0.183640
-4164632474.112271 0.112270
-4164632473.295911 0.704090
-4164632475.186248 0.436247
-4164632473.926024 0.323977
-4164632474.871192 0.246191
-4164632474.241081 0.133920
-4164632474.398608 0.038893
-4164632475.286337 0.151164
-4164632474.405787 0.046411
-4164632474.992821 0.085305
-4164632474.552546 0.013482
-4164632475.153938 0.052374
-4164632474.587440 0.016077
-4164632474.965106 0.029558
-4164632474.681856 0.004668
-4164632475.129311 0.018152
-4164632474.696737 0.005574
-4164632474.985119 0.010243
-4164632474.768832 0.001620
-7845117282.520003 0.079999
-7845117283.500003 0.880000
-4164632475.500000 0.619999
-4164632474.500000 0.620000
-7845117283.000134 0.008338
-7845117283.000544 0.000308
-7845117283.000031 0.000030
-4164632474.786016 0.043356
-4164632474.786013 0.043367
-4164632475.086977 0.006288
-4164632474.783136 0.001929
-7845117282.800003 0.320000
-7845117283.200003 0.320001
-4164632475.080000 0.279999
-4164632474.920001 0.280000
-7845117283.019071 0.066968
-7845117283.019073 0.066971
-4164632475.048038 0.007414
-4164632474.985697 0.003549
-4164632474.833776 0.000560
-7845117283.100003 0.127602
-7845117282.900002 0.127599
-4164632475.100000 0.161600
-4164632474.900001 0.161601
-7845117282.998393 0.002053
-7845117283.008780 0.025921
-7845117283.008780 0.025925
-4164632475.100000 0.021874
-4164632475.080224 0.006340
-4164632475.064945 0.002180
-4164632474.842861 0.000670
-4164632474.990916 0.001230
-4164632474.879874 0.000195
-7845117282.967603 0.007602
-7845117283.050003 0.076001
-4164632475.050001 0.015999
-4164632474.950000 0.016001
-7845117282.999397 0.001489
-7845117283.003535 0.007802
-7845117283.003533 0.007866
-4164632475.000000 0.000004
-4164632475.120127 0.000192
-4164632475.060063 0.000096
-7845117283.008102 0.028101
-7845117282.980002 0.011799
-4164632475.014300 0.034300
-4164632474.985701 0.034300
-7845117283.000122 0.000162
-7845117283.002735 0.013396
-7845117283.002736 0.013407
-4164632475.000000 0.017852
-4164632475.000000 0.000008
-4164632475.000000 0.000005
-4164632475.000000 0.000002
-7845117283.010003 0.014202
-7845117282.990004 0.014198
-4164632475.010001 0.014458
-4164632474.990000 0.014459
-7845117282.998734 0.001801
-7845117283.003535 0.001491
-7845117283.003535 0.001499
-4164632475.000000 0.000011
-4164632475.000000 0.000003
-7845117282.995003 0.005241
-7845117283.005004 0.005244
-4164632475.001348 0.005347
-4164632474.998652 0.005348
-7845117282.998804 0.001256
-7845117283.000708 0.000331
-4164632475.000000 0.000008
-4164632475.000000 0.000006
-4164632475.000000 -0.000000
-7845117282.999496 0.002506
-7845117283.000511 0.002509
-4164632475.002000 0.000438
-4164632474.998001 0.000438
-7845117283.000019 0.000078
-7845117283.000708 0.000088
-4164632475.000938 0.001343
-4164632475.000928 0.001293
-4164632475.000000 0.000001
-4164632475.000000 0.000003
-7845117282.999072 0.000071
-7845117283.001004 0.001935
-4164632475.001000 0.001493
-4164632474.999001 0.001494
-7845117283.000003 0.000018
-7845117282.999912 0.000029
-4164632475.001000 0.000722
-4164632475.000999 0.000721
-7845117282.999907 0.000493
-7845117283.000098 0.000496
-4164632475.000501 0.000594
-4164632474.999500 0.000595
-7845117283.000173 0.000171
-7845117283.000173 0.000252
-4164632475.000000 0.000000
-7845117283.000129 0.000073
-7845117283.000202 0.000326
-4164632475.000200 0.000163
-4164632474.999801 0.000164
-7845117282.999860 0.000055
-7845117283.000004 0.000017
-4164632475.000023 0.000022
-7845117282.999903 0.000072
-7845117283.000103 0.000073
-4164632475.000101 0.000058
-4164632474.999901 0.000058
-7845117283.000005 0.000003
-7845117283.000003 0.000014
-7845117283.000004 0.000015
-4164632474.999997 0.000009
-4164632474.999901 0.000111
-7845117283.000014 0.000052
-7845117282.999953 0.000038
-4164632475.000050 0.000043
-4164632474.999950 0.000044
-4164632475.000023 0.000012
-4164632475.000009 0.000007
-7845117283.000023 0.000016
-7845117283.000008 0.000026
-4164632475.000012 0.000010
-4164632474.999989 0.000008
-7845117283.000003 0.000001
-4164632475.000003 0.000000
-4164632475.000012 0.000000
-4164632475.000038 0.000000
-4164632475.000115 0.000000
-4164632475.000347 0.000000
-4164632475.001043 0.000000
-4164632475.003132 0.000000
-4164632475.009397 0.000000
-4164632475.028193 0.000000
-4164632475.084579 0.000000
-4164632475.253741 0.000000
-4164632475.761225 0.000000
-4164632477.283676 0.000000
-4164632481.851030 0.000000
-4164632495.553093 0.000000
-4164632536.553093 0.106188
-7845117285.000002 1.000000
2147483648.000000 9992600931.999878
-4164632500.553093 13.000001
-4164632491.553093 4.585180
-4164632496.553093 6.138274
-4164632492.553093 2.154316
-4164632495.553093 3.707411
-4164632493.553093 0.438884
-4164632496.553093 1.991980
-4164632495.553093 1.105711
-4164632493.553093 0.666826
-4164632495.553093 0.162577
-4164632497.553092 0.276306
-4164632496.553093 0.097509
-4164632496.553093 0.260086
-4164632495.553093 0.306911
-7845117282.000003 -0.000000
-7845117279.000003 1.000000
2147483648.000000 9992600930.000004
-7845117284.000003 0.000001
-7845117290.000003 0.000001
-7845117308.000003 0.000001
-7845117362.000003 0.000002
2147483648.000000 9992600954.000004
2147483648.000000 9992600956.000002
-7845117300.000003 0.000001
2147483648.000000 9992600946.000004
-7845117328.000003 38.000001
-7845117325.000003 2.999999
-7845117262.000003 5.999999
-7845117302.000002 5.999999
2147483648.000000 9992600958.000002
2147483648.000000 9992600934.000004
2147483648.000000 9992600976.000002
-7845117298.000003 5.999999
-7845117272.000004 7.999999
-7845117312.000003 14.000000
-7845117292.000003 8.000001
2147483648.000000 9992600960.000000
-7845117292.000003 2.000000
2147483648.000000 9992600932.000002
-7845117277.000003 9.000001
-7845117313.000003 3.000001
-7845117305.000004 6.999997
-7845117287.000002 8.999999
2147483648.000000 9992600952.000002
-7845117288.000004 0.000001
-7845117287.000002 0.999998
-7845117281.000003 2.999999
-7845117310.000003 4.000001
-7845117306.000004 3.999998
-7845117283.000003 3.000000
-7845117279.000003 0.000003
-7845117308.000006 0.000008
2147483648.000000 9992600931.155151
2147483648.000000 9992600931.155170
-7845117287.000004 0.000002
-7845117309.000003 0.040001
-7845117309.000003 2.000001
-7845117283.000003 1.160000
-7845117281.000003 1.159999
2147483648.000000 9992600955.257002
-7845117282.211155 0.371152
-7845117282.211160 0.371157
-7845117308.500003 0.680002
-7845117307.500003 0.679999
-7845117282.230002 0.170000
-7845117281.770003 0.170001
-7845117282.000003 0.333838
-7845117282.000003 0.333847
-7845117282.000003 0.000003
-7845117282.750003 -0.000000
-7845117285.000002 -0.000000
2147483648.000000 9992600939.750000
-7845117310.000003 0.000001
-7845117316.000003 -0.000000
-7845117334.000003 0.000001
-7845117388.000004 0.000002
-7845117333.999781 0.000221
2147483648.000000 9992600972.000002
-7845117267.000001 0.999999
2147483648.000000 9992600966.000002
-7845117326.000003 4.000000
-7845117324.000003 8.000000
-7845117333.000003 10.999999
2147483648.000000 9992600974.000002
2147483648.000000 9992600970.000004
-7845117339.000004 5.000002
-7845117333.000003 4.999999
-7845117319.000002 6.999999
-7845117313.000003 7.000001
2147483648.000000 9992600980.000004
2147483648.000000 9992600964.000004
2147483648.000000 9992600962.000004
-7845117318.000003 0.000001
-7845117323.000003 1.000000
-7845117334.000003 1.999999
-7845117332.000003 1.999999
-7845117317.000003 3.000000
-7845117315.000003 2.999999
2147483648.000000 9992600982.000002
-7845117388.000004 0.000005
-7845117334.000003 0.000004
-7845117315.000003 0.787683
-7845117315.000003 0.787682
-7845117324.000003 0.000001
-7845117331.000003 -0.000000
-7845117376.000003 12140084673.000004
-7845117334.000003 2.000000
-7845117313.000003 0.000001
-7845117336.000002 -0.000000
-7845117341.999999 0.000003
-7845117341.999964 0.000038
2147483648.000000 9992600990.000002
-7845117333.000001 1.000001
-7845117341.000002 5.000000
-7845117335.000002 2.999999
-7845117329.000003 8.999999
-7845117339.000004 9.000003
2147483648.000000 9992600984.000002
-7845117335.999921 0.000081
-7845117338.000002 2.000000
-7845117335.000002 1.000000
-7845117332.000003 3.999999
-7845117336.000002 3.999999
-7845117336.000002 0.596140
-7845117333.000001 0.000001
2147483648.000000 9992600981.750002
-7845117336.000002 1.000000
-7845117337.000002 1.100000
-7845117335.000002 2.000000
-7845117333.000003 1.999999
2147483648.000000 9992600985.001003
-7845117337.000002 -0.000000
-7845117339.000004 0.000002
-7845117340.000002 -0.000000
-7845117349.000001 1.000001
-7845117341.999535 0.000467
-7845117338.000002 -0.000000
2147483648.000000 9992600986.000002
-7845117344.000000 0.000002
-7845117340.000002 2.000000
-7845117342.000002 2.000000
-7845117336.000002 2.000000
-7845117349.000001 0.000002
2147483648.000000 9992600987.895269
2147483648.000000 9992600984.500002
-7845117341.000002 -0.000000
-7845117344.000002 12140084641.000002
-7845117347.000001 -0.000000
-7845117364.999999 0.000001
-7845117418.999993 0.000003
-7845117364.999999 12140084662.000000
2147483648.000000 9992601012.999998
-7845117323.000005 0.000001
-7845117374.999999 4.000001
-7845117371.999999 17.000001
-7845117351.000001 14.000000
-7845117343.000000 14.000000
-7845117349.000001 12140084646.000000
-7845117361.999999 1.000002
-7845117370.000000 7.000001
-7845117352.000001 7.000000
-7845117342.000000 7.000001
-7845117354.000001 12140084651.000000
-7845117339.000002 -0.000000
-7845117362.999999 1.999999
-7845117364.999999 1.999999
-7845117349.000001 -0.000000
-7845117355.000001 -0.000000
-7845117373.000001 -0.000000
-7845117427.000000 0.000002
-7845117388.000004 12140084685.000004
-7845117387.999274 12140084684.999275
-7845117363.000003 0.000001
-7845117393.000000 31.999998
-7845117361.000000 7.999999
-7845117367.999998 22.999999
-7845117361.999999 22.999999
-7845117393.000000 13.999999
-7845117383.000001 -0.000000
-7845117413.000002 0.000001
-7845117503.000005 0.000004
-7845117427.000000 12140084724.000000
-7845117343.000000 0.000002
-7845117463.000002 10.000001
-7845117462.000002 89.000001
-7845117433.000001 76.000001
-7845117333.000001 75.999999
-7845117418.999993 12140084715.999992
-7845117433.000003 24.000003
-7845117409.000002 16.000000
-7845117387.000001 16.000000
-7845117379.000002 16.000001
-7845117393.000000 12140084690.000000
-7845117419.000002 3.999999
-7845117403.000002 15.999999
-7845117385.000001 8.000001
-7845117381.000001 8.000000
-7845117418.999987 12140084715.999987
-7845117418.000003 5.000002
-7845117412.000002 4.999999
-7845117378.000002 4.999999
-7845117388.000001 5.000000
-7845117387.999596 12140084684.999596
-7845117387.999594 12140084684.999594
2147483648.000000 9992601061.000000
-7845117367.999998 12140084664.999998
-7845117383.000003 -0.000000
-7845117383.000008 0.000002
-7845117383.000004 0.000001
2147483648.000000 9992601063.000000
-7845117383.000000 -0.000000
-7845117383.000003 0.000001
-7845117412.000002 1.000000
-7845117411.000002 1.999999
-7845117383.000003 2.000000
-7845117383.000003 1.999999
-7845117414.000001 0.860000
-7845117413.000002 0.999999
-7845117382.000003 1.200000
-7845117384.000003 1.200000
2147483648.000000 9992601060.988602
-7845117383.000010 0.000016
-7845117413.500002 0.540002
-7845117413.040003 0.359998
-7845117383.300003 0.099999
-7845117382.700003 0.100000
-7845117412.994602 0.001798
-7845117413.003306 0.006905
-7845117413.003306 0.006906
-7845117413.090002 0.109999
-7845117412.800002 0.299999
-7845117383.200003 -0.000000
-7845117383.800002 -0.000000
-7845117385.800002 0.200003
-7845117385.800002 0.200005
2147483648.000000 9992601060.755196
2147483648.000000 9992601060.755192
-7845117383.800002 0.199998
-7845117382.800002 0.450003
-7845117414.000001 1.700000
-7845117412.000002 1.699999
-7845117382.800002 1.159999
-7845117384.800002 1.160000
2147483648.000000 9992601061.082321
-7845117385.600000 0.000001
-7845117414.000001 0.300000
-7845117413.901326 0.201325
-7845117383.914483 0.869902
-7845117383.914481 0.869899
-7845117381.400003 0.000002
-7845117384.550001 -0.000000
-7845117386.550001 0.249998
-7845117385.550001 0.049998
2147483648.000000 9992601060.196299
-7845117382.550001 0.200002
-7845117384.550001 0.337500
-7845117414.000001 -0.000000
-7845117416.999998 1.000003
-7845117414.000001 12140084711.000000
-7845117413.999733 12140084710.999733
2147483648.000000 9992601064.000000
-7845117400.000004 0.000003
2147483648.000000 9992601068.000000
-7845117416.000001 2.000000
-7845117414.000001 2.000000
-7845117415.000001 2.000000
2147483648.000000 9992601062.000000
-7845117416.999998 0.000003
-7845117416.000001 -0.000000
-7845117422.000001 -0.000000
-7845117440.000001 -0.000000
-7845117494.000000 0.000002
2147483648.000000 9992601086.000000
-7845117449.000000 1.000001
-7845117444.000000 13.999999
-7845117436.000001 14.000000
-7845117407.000002 4.000001
2147483648.000000 9992601082.000000
-7845117449.000000 8.999999
-7845117448.999977 8.999976
-7845117437.000001 1.000000
-7845117435.000001 6.999999
-7845117414.000001 5.000001
2147483648.000000 9992601088.000000
2147483648.000000 9992601084.000000
2147483648.000000 9992601065.000000
-7845117429.999999 2.000002
-7845117440.000001 2.000000
-7845117438.000001 2.000000
-7845117414.000001 1.000000
-7845117442.000001 2.000000
-7845117411.000002 0.275369
-7845117435.000001 1.000000
2147483648.000000 9992601087.000000
-7845117439.000001 1.560000
-7845117441.000001 0.000001
-7845117444.000000 12140084741.000000
2147483648.000000 9992601089.000000
-7845117454.000002 0.000001
2147483648.000000 9992601116.000000
-7845117496.000004 0.000003
2147483648.000000 9992601090.000000
2147483648.000000 9992601098.000000
-7845117408.000001 0.000001
-7845117452.000003 5.999997
-7845117459.000002 3.000001
-7845117444.000000 7.999999
-7845117436.000001 8.000001
-7845117453.000002 0.999999
-7845117444.000002 -0.000000
-7845117456.000005 0.000003
2147483648.000000 9992601098.000004
-7845117430.000002 0.000001
-7845117448.000001 0.000002
-7845117454.000002 4.000001
-7845117449.000001 5.000000
-7845117447.000002 1.000001
-7845117441.000002 1.000000
-7845117459.000003 1.000003
-7845117456.000004 0.000003
-7845117456.000002 2.000001
-7845117454.000002 1.999999
-7845117445.000002 0.999999
-7845117443.000002 1.000000
2147483648.000000 9992601100.000000
-7845117456.000005 -0.000000
-7845117492.000014 0.000010
-7845117456.000005 1.999995
2147483648.000000 9992601104.000004
2147483648.000000 9992601106.000000
-7845117446.000006 -0.000000
-7845117448.000006 0.000001
-7845117457.000005 1.000000
-7845117458.000005 4.000000
-7845117452.000003 1.999998
-7845117492.000014 0.000001
-7845117600.000043 0.000030
2147483648.000000 9992601142.000013
-7845117448.000010 0.000005
2147483648.000000 9992601100.000004
-7845117494.000013 2.000000
-7845117492.000014 1.999999
-7845117458.000005 2.000000
-7845117454.000005 2.000000
2147483648.000000 9992601140.000013
-7845117600.000043 0.000004
-7845117494.000013 -0.000000
-7845117500.000010 0.000003
-7845117496.000004 0.000010
-7845117495.999920 0.000093
2147483648.000000 9992601144.000013
-7845117492.000026 0.000012
-7845117495.000013 1.000000
-7845117493.000014 1.000001
-7845117490.000014 1.999999
2147483648.000000 9992601142.005995
-7845117492.000026 0.000001
-7845117491.000039 0.000003
-7845117486.000063 0.000038
-7845117496.000004 0.000020
-7845117494.000023 0.000010
-7845117494.000026 0.000001
-7845117500.000026 0.000001
-7845117518.000026 0.000001
-7845117572.000027 0.000002
-7845117518.000026 0.000012
2147483648.000000 9992601166.000025
2147483648.000000 9992601156.000015
-7845117431.999993 0.000020
-7845117538.000027 24.000001
-7845117515.000026 17.000000
-7845117500.000013 25.999999
-7845117488.000013 26.000000
2147483648.000000 9992601168.000025
-7845117503.000005 11.000009
-7845117484.000013 3.999999
-7845117523.000027 4.999998
-7845117508.000026 15.999999
-7845117504.000013 4.000000
2147483648.000000 9992601148.000013
-7845117512.000012 0.000001
-7845117509.000015 0.999998
-7845117489.000012 3.000001
-7845117523.000027 7.000001
-7845117519.000025 3.000000
-7845117499.000013 3.000000
-7845117500.000012 0.000001
2147483648.000000 9992601146.000013
-7845117519.000025 1.000000
-7845117516.000026 3.999999
-7845117494.000013 2.000000
2147483648.000000 9992601164.000027
2147483648.000000 9992601143.870872
2147483648.000000 9992601166.000013
-7845117496.000004 0.125785
2147483648.000000 9992601146.500015
-7845117519.000025 2.000000
-7845117517.000026 0.000001
-7845117494.000013 1.000000
-7845117494.000013 1.000000
2147483648.000000 9992601166.021923
-7845117494.000023 0.000002
-7845117496.000012 0.000001
-7845117498.000006 0.000002
-7845117518.500025 0.540001
-7845117517.500026 0.539999
-7845117493.500014 0.799999
-7845117494.500013 0.800000
-7845117494.000018 0.000002
-7845117494.000018 0.000004
-7845117494.000015 0.000002
-7845117494.000021 0.000001
-7845117518.200026 0.360000
-7845117517.800026 0.359999
-7845117493.800014 0.019999
-7845117494.200013 0.020000
-7845117518.000031 0.000012
-7845117494.000100 0.000147
-7845117494.000018 0.000002
-7845117494.000021 0.000001
-7845117518.100025 0.115000
-7845117517.900025 0.115000
-7845117493.900014 0.134399
-7845117494.100014 0.134400
-7845117494.000100 0.000098
-7845117518.050025 0.037999
-7845117517.950026 0.037999
-7845117493.965113 0.074901
-7845117494.034913 0.074901
-7845117518.002499 0.001881
-7845117518.000030 0.000115
-7845117518.000026 0.000120
-7845117493.999909 0.000092
-7845117493.999907 0.000095
-7845117518.006525 0.026501
-7845117518.020026 0.013601
-7845117494.003214 0.016800
-7845117493.996814 0.016801
-7845117517.999761 0.000401
-7845117518.001181 0.000903
-7845117518.001173 0.000893
-7845117494.000023 0.000042
-7845117494.000023 0.000035
-7845117518.010026 0.010829
-7845117517.990026 0.010825
-7845117494.009714 0.019701
-7845117493.990314 0.019701
-7845117517.999978 0.000051
-7845117518.001192 0.000347
-7845117494.000100 0.000024
-7845117494.000007 0.000005
-7845117518.004161 0.008136
-7845117518.005026 0.001692
-7845117494.005013 0.001314
-7845117493.995013 0.001315
-7845117517.999608 0.000208
-7845117518.002499 0.001654
-7845117518.000245 0.000071
-7845117494.000023 0.000020
-7845117494.000023 0.000021
-7845117518.002026 0.002399
-7845117517.999628 0.001603
-7845117494.000540 0.001473
-7845117493.999486 0.001472
-7845117517.999687 0.000425
-7845117518.000311 0.000534
-7845117518.000308 0.000537
-7845117494.000540 0.002526
-7845117494.000000 0.000122
-7845117518.001026 0.000669
-7845117518.000357 0.001333
-7845117494.000691 0.000322
-7845117493.999334 0.000322
-7845117517.999280 0.000792
-7845117518.000245 0.000150
-7845117518.000236 0.000102
-7845117494.000003 0.000001
-7845117518.000525 0.000422
-7845117518.000125 0.000500
-7845117494.000510 0.000096
-7845117493.999516 0.000098
-7845117517.999949 0.000069
-7845117517.999984 0.000076
-7845117517.999982 0.000076
-7845117494.000005 0.000003
-7845117518.000227 0.000282
-7845117518.000106 0.000119
-7845117494.000144 0.000070
-7845117493.999883 0.000069
-7845117517.999846 0.000017
-7845117518.000031 0.000001
-7845117518.000046 0.000002
-7845117518.000227 0.000082
-7845117518.000048 0.000011
-7845117493.999993 0.000003
-7845117518.000130 0.000141
-7845117517.999930 0.000140
-7845117494.000113 0.000108
-7845117493.999913 0.000107
-7845117518.000110 0.000113
-7845117518.000047 0.000003
-7845117494.000100 0.000058
-7845117494.000050 0.000001
-7845117494.000036 -0.000000
-7845117494.000043 0.000001
-7845117494.000105 -0.000000
-7845117494.000310 -0.000000
-7845117494.000925 -0.000000
-7845117494.002770 -0.000000
-7845117494.008307 0.000001
-7845117517.999604 0.000051
-7845117494.002020 0.000053
-7845117494.002009 0.000072
-7845117493.995389 0.000001
-7845117494.005077 -0.000000
-7845117494.011998 -0.000000
-7845117494.032761 0.000001
-7845117517.995790 0.001376
-7845117517.995751 0.001364
-7845117494.011998 0.008016
-7845117494.003402 0.007823
-7845117493.984314 0.000002
-7845117494.020648 0.000002
-7845117518.010032 0.019580
-7845117517.990432 0.000401
-7845117494.016298 0.005700
-7845117494.007698 0.005701
-7845117518.009529 0.000594
-7845117518.002005 0.001287
-7845117518.002005 0.001291
-7845117494.011998 0.000040
-7845117518.001527 0.002502
-7845117517.998533 0.002503
-7845117494.006998 0.006020
-7845117494.016997 0.006020
-7845117517.999801 0.000385
-7845117517.998981 0.000157
-7845117494.010176 0.001727
-7845117494.010153 0.001845
-7845117494.008767 0.000002
-7845117494.008423 -0.000000
-7845117518.002030 0.000543
-7845117517.998573 0.003456
-7845117494.009998 0.002742
-7845117494.013998 0.002743
-7845117518.000026 0.000031
-7845117517.999504 0.000338
-7845117494.013998 0.001780
-7845117494.013994 0.001778
-7845117494.012113 0.000001
-7845117494.014015 0.000001
-7845117518.001031 0.000948
-7845117517.999031 0.000946
-7845117494.012373 0.000627
-7845117494.011623 0.000626
-7845117518.000278 0.000235
-7845117517.999842 0.000043
-7845117494.012113 0.000077
-7845117494.013900 0.000001
-7845117494.013453 0.000001
-7845117518.000530 0.000754
-7845117517.999714 0.000083
-7845117494.012090 0.000492
-7845117494.011909 0.000489
-7845117518.000028 0.000009
-7845117517.999707 0.000073
-7845117494.012113 0.000004
-7845117494.012113 0.000002
-7845117494.013339 0.000002
-7845117494.012418 0.000002
-7845117518.000231 0.000026
-7845117517.999830 0.000025
-7845117494.012009 0.000189
-7845117494.011988 0.000190
-7845117517.999891 0.000016
-7845117517.999985 0.000003
-7845117494.012113 0.000022
-7845117494.012113 0.000014
-7845117494.011693 -0.000000
-7845117494.012237 0.000002
-7845117518.000130 0.000070
-7845117517.999930 0.000070
-7845117494.012098 0.000134
-7845117494.011897 0.000135
-7845117518.000017 0.000008
-7845117518.000072 0.000013
-7845117518.000075 0.000015
-7845117494.011578 -0.000000
-7845117494.011979 0.000001
-7845117518.000080 0.000044
-7845117518.000037 0.000049
-7845117494.012005 0.000047
-7845117494.011992 0.000047
-7845117518.000023 0.000048
-7845117518.000043 0.000001
-7845117518.000080 0.000007
-7845117494.012005 0.000016
-7845117518.000093 0.000082
-7845117518.000001 0.000003
-7845117494.012048 0.000029
-7845117494.011949 0.000030
-7845117518.000043 0.000002
-7845117518.000040 0.000001
-7845117494.012133 0.000001
-7845117494.012207 0.000002
-7845117494.012019 0.000003
-7845117494.012090 0.000001
-7845117518.000051 0.000027
-7845117518.000063 0.000010
-7845117494.012018 0.000029
-7845117494.011978 0.000030
-7845117518.000033 0.000011
-7845117518.000028 0.000003
-7845117494.011997 0.000001
-7845117494.011995 0.000003
-7845117494.012015 0.000001
-7845117494.012033 0.000001
-7845117494.012035 0.000001
-7845117494.012054 0.000002
-7845117494.012025 0.000001
-7845117518.000052 -0.000000
-7845117518.000082 0.000003
-7845117518.000050 0.000003
-7845117518.000048 0.000002
-7845117518.000054 -0.000000
-7845117518.000063 0.000002
-7845117518.000060 -0.000000
-7845117518.000077 -0.000000
-7845117518.000129 -0.000000
-7845117518.000283 -0.000000
-7845117518.000748 -0.000000
-7845117518.002141 0.000001
-7845117518.006322 0.000005
-7845117518.000232 0.000270
-7845117517.999029 0.000389
-7845117517.998888 0.000002
-7845117518.001328 -0.000000
-7845117518.003067 0.000001
-7845117518.008286 0.000003
-7845117517.992334 0.002304
-7845117517.999008 0.000001
-7845117518.002052 0.000001
-7845117517.991326 0.011355
-7845117518.011328 0.011355
-7845117517.995867 0.002801
-7845117518.010267 0.002798
-7845117518.011229 0.011242
-7845117518.011328 0.001204
-7845117518.011229 0.002946
-7845117518.005841 0.001993
-7845117518.004689 0.001573
-7845117518.006329 0.004605
-7845117518.001822 0.004495
-7845117518.008068 0.006394
-7845117517.998067 0.006392
-7845117518.000171 0.001105
-7845117517.998626 0.000527
-7845117517.999672 0.000018
-7845117517.999672 0.000028
-7845117518.003327 0.001610
-7845117518.003282 0.002215
-7845117518.001719 0.002392
-7845117518.002851 0.002214
-7845117517.999323 0.001635
-7845117518.001328 0.000195
-7845117517.999692 0.000195
-7845117517.999690 0.000204
-7845117518.001196 0.000869
-7845117518.002329 0.001133
-7845117518.003192 0.000875
-7845117518.002943 0.000877
-7845117518.001319 0.000020
-7845117518.001994 0.000003
-7845117518.001993 0.000004
-7845117518.001527 0.000091
-7845117518.000828 0.000232
-7845117518.001828 0.000233
-7845117518.003447 0.000780
-7845117518.002687 0.000778
-7845117518.001822 0.000230
-7845117518.003068 0.000004
-7845117518.001527 0.000012
-7845117518.001526 0.000008
-7845117517.999934 0.000001
-7845117518.001589 -0.000000
-7845117518.002373 -0.000000
-7845117518.004725 -0.000000
-7845117518.011780 -0.000000
-7845117518.032947 0.000001
-7845117518.096447 0.000004
-7845117518.050025 0.017079
-7845117518.017936 0.002383
-7845117517.995751 0.001152
-7845117517.983558 0.000002
-7845117518.020599 -0.000000
-7845117518.047058 -0.000000
-7845117518.126434 -0.000000
-7845117518.364563 -0.000000
-7845117519.078949 -0.000000
-7845117521.222107 -0.000000
-7845117527.222107 0.429474
-7845117518.032947 0.063497
-7845117521.222107 0.020314
-7845117521.222107 0.002327
-7845117518.032947 0.044187
-7845117518.032947 0.044106
-7845117522.222107 0.046003
-7845117519.222107 0.130369
-7845117522.222107 1.460000
-7845117521.222107 1.000000
-7845117519.032947 1.760002
-7845117517.032947 1.759999
-7845117520.222107 1.242301
-7845117527.651581 -0.000000
-7845117546.651580 0.288423
-7845117518.032947 0.384163
-7845117527.651581 0.002326
-7845117530.651580 0.210085
-7845117528.651581 2.000000
-7845117528.651581 0.059999
-7845117519.032947 2.000000
-7845117517.032947 1.999999
-7845117527.651581 0.028723
-7845117546.940002 -0.000000
-7845117604.940002 0.134735
-7845117518.032947 0.155160
-7845117547.940002 1.620001
-7845117547.940002 0.000001
-7845117604.940002 -0.000000
-7845117778.940002 -0.000000
-7845118300.940002 -0.000000
-7845119866.940002 -0.000000
-7845124564.940002 -0.000000
-7845138658.940001 0.000002
-7845117550.940001 1.000000
-7845117604.940002 42.999999
-7845117647.940002 132.000001
-7845124664.940002 120.000000
-7845124464.940002 119.999999
-7845117447.940002 132.000000
-7845117647.940002 44.000001
-7845124364.940002 240.000000
-7845124589.940003 29.000001
-7845124689.940003 149.000001
-7845124520.940003 53.999999
-7845124633.940002 83.000001
-7845124548.940002 19.999999
-7845124523.940002 49.000000
-7845124573.940002 9.000000
-7845124558.940002 7.999999
-7845124549.940002 16.999999
-7845124567.940002 3.000000
-7845124573.940002 11.000000
-7845124562.940002 3.999999
-7845124569.940001 6.999999
-7845124564.940002 1.999999
-7845124561.940002 4.999999
-7845124566.940002 2.000000
-7845124565.940002 1.000000
-7845124565.940002 3.000000
-7845117574.940002 67.000001
-7845124579.940002 25.000000
-7845124514.940002 62.000000
-7845117520.940002 66.999999
-7845124575.940002 22.999999
-7845124585.940001 1.000000
-7845117574.940002 7.000001
-7845124584.940002 0.000001
-7845124579.940002 1.000000
-7845124563.940002 1.000000
-7845124580.940002 -0.000000
-7845124644.940002 0.000001
-7845124628.940002 -0.000000
-7845124824.940002 0.000001
-7845124772.940003 0.000001
-7845125364.940002 0.000001
-7845126984.940003 0.000002
-7845127282.940001 298.000000
-7845124403.940003 136.999998
-7845123844.940002 -0.000000
-7845124984.940002 -0.000000
-7845126052.940002 -0.000000
-7845129256.940002 -0.000000
-7845138868.940002 -0.000000
-7845167704.940002 0.000001
-7845254212.940002 -0.000000
-7845513736.940002 -0.000000
-7846292308.940003 0.000001
-7848628024.940003 0.000001
-7855635172.940003 0.000002
-7848628024.940003 1939412.000001
-7845513736.940002 119698.000000
-7845202550.940003 7211.999999
-7844475640.940002 0.000001
-7845838141.940002 0.999999
-7848266812.940003 638788.000001
-7849628024.940003 1361212.000000
-7846513736.940002 63419.999999
-7844513736.940001 63420.000001
-7848673150.940002 111100.000001
-7845838141.940002 242647.000000
-7842139924.940002 -0.000000
-7847005999.940001 1.000001
-7849128024.940003 409050.000001
-7848741713.940003 513689.000001
-7845866875.940001 46861.000001
-7845160597.940002 46861.000000
-7848014335.940003 922738.999999
-7845381795.940002 3399.000000
-7848828024.940003 221030.000001
-7848649053.940003 178971.000000
-7845586557.940003 272821.000002
-7845440915.940002 272821.000000
-7848406995.940003 42058.999999
-7848537510.940003 3029.999999
-7845457766.940002 11700.000001
-7845447766.940002 1700.000001
-7848680219.940002 152195.000000
-7848575829.940003 152194.999998
-7845555222.940002 141485.999999
-7845472250.940002 141486.000000
-7845513735.940002 1.000000
-7845254213.940002 1.000000
-7845448855.940002 1.000000
-7848638723.940002 50699.000001
-7848578024.940003 41439.999999
-7845555264.940002 81528.000000
-7845472208.940002 81528.000001
-7848664340.940004 29680.000002
-7845578616.940003 0.000001
-7845643497.940001 0.999998
-7848648024.940004 27944.000002
-7848635968.940003 12055.999999
-7845533736.940003 27400.000001
-7845493736.940002 27400.000001
-7848627745.940003 158.999999
-7848631658.940003 3754.000001
-7845578617.940002 1.000000
-7845562397.940001 1.000000
-7848632327.940004 5696.999998
-7848618024.940003 14301.999999
-7845523736.940002 5288.000000
-7845503736.940002 5288.000001
-7848631267.940003 16489.000002
-7848629639.940003 425.000001
-7848629618.940003 438.000001
-7845503735.940002 5289.000001
-7845518736.940002 2644.000001
-7848630336.940003 1687.999999
-7848625712.940003 1688.000002
-7845517420.940002 7684.000000
-7845510052.940002 7684.000001
-7848629478.940004 1061.999998
-7848629687.940003 1783.000001
-7845508735.940002 2645.000000
-7845516236.940002 1322.000000
-7848630024.940003 1540.000000
-7848626024.940003 1539.999999
-7845515207.940003 3471.000002
-7845512265.940002 3471.000000
-7848628142.940003 90.000001
-7848629270.940003 56.000001
-7845511235.940001 1323.000002
-7845514986.940001 659.999999
-7848628990.940002 34.000000
-7848627024.940003 1965.999999
-7845514033.940001 703.000002
-7845513439.940002 703.000000
-7848628063.940003 295.000001
-7848628042.940003 9.999999
-7845512485.940002 661.000000
-7845514361.940002 328.999999
-7848628341.940003 82.999999
-7848627524.940003 753.999999
-7845513875.940002 539.000000
-7845513597.940001 539.000001
-7848628207.940003 837.000001
-7848628109.940003 98.999999
-7845513737.940002 3.000000
-7845513734.940003 2.000000
-7845513736.940002 2.000000
-7848628224.940003 104.000001
-7848627824.940003 103.999998
-7845513776.940002 240.000000
-7845513696.940001 240.000001
-7848628222.940004 102.000002
-7848628224.940003 48.000001
-7845513733.940003 13.000001
-7845513735.940002 1.000000
-7848628124.940003 46.000002
-7848627970.940004 153.999998
-7845513756.940002 80.000000
-7845513716.940003 80.000001
-7848628024.940003 2.000001
-7848628024.940003 24.000000
-7845513737.940002 1.000000
-7845513738.940002 -0.000000
-7845513740.940002 -0.000000
-7845513739.940002 1.000000
-7845513740.940002 2.000000
-7845513746.940002 0.000001
-7848628099.940003 41.000001
-7845513732.940003 -0.000000
-7845513743.940002 1.000000
-7848628067.940003 83.000001
-7848627981.940003 83.000000
-7845513752.940002 52.000000
-7845513728.940002 51.999999
-7848628046.940003 42.000001
-7848628046.940003 5.999999
-7848628045.940003 6.999999
-7845513752.940002 19.999999
-7845513751.940003 23.000002
-7848628044.940003 24.000001
-7848628028.940003 15.999999
-7845513760.940002 8.000000
-7845513720.940002 7.999999
-7848628023.940003 1.000001
-7848628026.940003 3.999998
-7848628021.940004 12.999998
-7848628014.940003 5.999999
-7845513750.940003 6.000001
-7845513730.940001 6.000001
-7848628025.940003 5.000001
-7848628025.940003 4.999998
-7848628029.940003 5.000001
-7848628023.940003 4.999998
-7845513742.940002 2.000000
-7845513738.940002 2.000000
-7848628023.940003 0.999999
-7848628025.940003 3.000001
-7848628024.940003 1.999999
-7848628022.940004 1.999998
-7845513742.940002 2.000000
-7845513738.940002 2.000000
-7848628025.940003 1.728004
-7848628025.940003 1.727865
-7845513743.940002 0.500000
-7848628025.940003 0.960002
-7848628024.940003 0.999999
-7845513740.940002 1.000000
-7845513740.940002 1.000000
-7848628024.940003 0.317177
-7848628025.123082 0.143081
-7848628025.123078 0.143077
-7845513740.940008 0.000006
-7845513738.939998 0.000005
-7845513739.440000 0.000003
-7848628025.430003 0.890000
-7848628024.440003 0.099999
-7845513741.440002 0.380000
-7845513740.440002 0.380000
-7848628025.435103 0.091102
-7848628024.951198 0.028804
-7845513740.940005 0.000003
-7845513740.940003 0.000001
-7845513742.440005 0.000003
-7845513741.690004 0.000002
-7848628025.140003 0.240001
-7848628024.900002 0.160000
-7845513741.140001 0.259999
-7845513740.740004 0.259999
-7848628024.938402 0.004002
-7848628024.950761 0.030087
-7848628024.950759 0.030076
-7845513740.939992 0.000001
-7845513740.940013 0.000001
-7845513740.940024 0.000003
-7848628025.000005 0.039998
-7848628024.840004 0.163798
-7845513741.020003 0.019999
-7845513740.860002 0.019999
-7848628024.945702 0.010716
-7848628024.936101 0.006970
-7848628024.936099 0.006972
-7845513740.940010 0.000001
-7845513740.940009 -0.000000
-7845513740.940029 -0.000000
-7845513740.940090 0.000001
-7848628024.951198 0.008126
-7848628024.951198 0.008112
-7845513740.940087 0.000002
-7845513740.939949 0.000001
-7845513740.940055 0.000002
-7848628024.981604 0.001602
-7848628024.890003 0.083199
-7845513740.990029 0.069400
-7845513740.890029 0.069400
-7848628024.940087 0.000818
-7848628024.936942 0.008065
-7848628024.936944 0.008047
-7845513740.940075 0.000010
-7845513740.940071 0.000010
-7848628024.960004 0.014801
-7848628024.934704 0.025300
-7845513740.960029 0.031200
-7845513740.920028 0.031202
-7848628024.939857 0.000105
-7848628024.948763 0.005677
-7848628024.948762 0.005676
-7845513740.939983 0.000106
-7845513740.939974 0.000115
-7848628024.950003 0.008324
-7848628024.938303 0.011700
-7845513740.940229 0.009800
-7845513740.939829 0.009800
-7848628024.940130 0.001477
-7848628024.940981 0.001027
-7845513740.940090 0.000010
-7848628024.945004 0.001199
-7848628024.935251 0.008751
-7845513740.945029 0.001797
-7845513740.935030 0.001796
-7848628024.939067 0.000148
-7848628024.939741 0.000221
-7848628024.939739 0.000254
-7845513740.940035 0.000007
-7845513740.940033 0.000009
-7848628024.942003 0.003592
-7848628024.938412 0.000409
-7845513740.942029 0.003660
-7845513740.938029 0.003660
-7848628024.939990 0.000053
-7848628024.939730 0.000314
-7848628024.939725 0.000315
-7845513740.942029 0.000339
-7845513740.940167 0.000180
-7848628024.941004 0.001601
-7848628024.939404 0.000401
-7845513740.941030 0.000947
-7845513740.939030 0.000946
-7848628024.940595 0.000414
-7848628024.940424 0.000381
-7848628024.940422 0.000379
-7845513740.940167 0.000108
-7845513740.940072 0.000013
-7848628024.940503 0.000878
-7848628024.939531 0.000071
-7845513740.940529 0.000598
-7845513740.939530 0.000597
-7848628024.940003 0.000007
-7848628024.940003 0.000252
-7848628024.939987 0.000225
-7845513740.940062 0.000051
-7845513740.940052 0.000023
-7848628024.940204 0.000101
-7848628024.939903 0.000299
-7845513740.940229 0.000195
-7845513740.939829 0.000195
-7848628024.940002 0.000003
-7845513740.940035 0.000049
-7845513740.940033 0.000047
-7848628024.940023 0.000120
-7848628024.939983 0.000119
-7845513740.940069 0.000061
-7845513740.939988 0.000060
-7848628024.939990 0.000024
-7848628024.939990 0.000031
-7845513740.940010 0.000010
-7848628024.940053 0.000052
-7848628024.940003 0.000039
-7845513740.940031 0.000042
-7845513740.940028 0.000041
-7848628024.940002 0.000020
-7845513740.940010 0.000017
-7848628024.940023 0.000025
-7848628024.940008 0.000014
-7845513740.940033 0.000016
-7845513740.940024 0.000015
-7845513740.940026 -0.000000
-7845513740.940024 0.000001
-7845513740.939965 0.000001
-7845513740.940059 0.000001
-7848628024.940009 0.000016
-7848628024.939995 0.000002
-7845513740.940029 0.000010
-7845513740.940029 0.000010
-7845513740.940028 -0.000000
-7845513740.940000 0.000001
-7845513740.940044 0.000001
-7848628024.940008 0.000008
-7848628024.940001 0.000003
-7845513740.940031 0.000002
-7845513740.940028 0.000003
-7848628024.940000 0.000006
-7845513740.940015 -0.000000
-7845513740.940038 0.000001
-7848628024.940002 0.000003
-7848628024.940003 0.000003
-7845513740.940031 0.000002
-7845513740.940026 0.000003
-7845513740.940033 0.000002
-7845513740.940028 0.000001
