1.000000 0.841471
0.049787 0.841471
0.000006 0.656987
0.000000 0.132352
0.000000 0.444113
0.000000 0.428183
0.000000 0.428183
0.000000 0.132352
0.000000 0.650288
0.000000 0.404038
0.000000 0.149877
0.000000 0.846220
0.000000 0.404038
0.000000 0.836656
0.000000 0.956376
0.000000 0.132352
0.000000 0.846220
0.000000 0.956376
0.000000 0.905578
0.000000 0.762558
0.000000 0.404038
0.000000 0.008851
0.000000 0.008851
0.000000 0.149877
0.000000 0.846220
0.000000 0.420167
0.000000 0.912945
0.000000 0.912945
0.000000 0.836656
0.000000 0.836656
0.000000 0.846220
0.000000 0.846220
0.000000 0.018850
0.000000 0.001149
0.000000 0.011148
0.000000 0.001149
0.000000 0.011148
0.000000 0.008851
0.000000 0.031144
0.000000 0.008851
0.000000 0.306152
0.000000 0.635651
0.000000 0.011148
0.000000 0.018850
0.000000 0.001149
0.000000 0.217109
0.000000 0.180159
0.000000 0.018850
0.000000 0.011148
0.000000 0.001149
0.000000 0.011148
0.000000 0.008851
0.000000 0.118572
0.000000 0.081060
0.000000 0.041137
0.000000 0.006851
0.000000 0.005351
0.000000 0.007648
0.000000 0.002151
0.000000 0.004449
0.000000 0.000551
0.000000 0.000551
0.000000 0.002251
0.000000 0.000249
0.000000 0.000249
0.000000 0.000249
0.000000 0.010248
0.000000 0.000249
0.000000 0.119465
0.000000 0.079667
0.000000 0.020247
0.000000 0.002649
0.000000 0.013051
0.000000 0.001049
0.000000 0.000151
0.000000 0.000151
0.000000 0.030147
0.000000 0.040141
0.000000 0.000151
0.000000 0.000151
0.000000 0.129784
0.000000 0.070094
0.000000 0.009848
0.000000 0.001351
0.000000 0.013751
0.000000 0.000551
0.000000 0.000051
0.000000 0.000051
0.000000 0.030047
0.000000 0.000051
0.000000 0.059913
0.000000 0.139594
0.000000 0.000249
0.000000 0.005351
0.000000 0.021050
0.000000 0.000049
0.000000 0.000149
0.000000 0.000049
0.000000 0.009951
0.000000 0.000049
0.000000 0.000049
0.000000 0.019950
0.000000 0.178982
0.000000 0.000349
0.000000 0.043338
0.000000 0.090029
0.000000 0.000149
0.000000 0.000051
0.000000 0.035541
0.000000 0.064504
0.000000 0.011751
0.000000 0.016048
0.000000 0.009548
0.000000 0.000049
0.000000 0.017251
0.000000 0.022747
0.000000 0.017148
0.000000 0.000051
0.000000 0.000149
0.000000 0.000051
0.000000 0.002351
0.000000 0.017551
0.000000 0.002649
0.000000 0.000401
0.000000 0.000282
0.000000 0.000049
0.000000 0.000149
0.000000 0.000001
0.000000 0.000201
0.000000 0.002799
0.000000 0.001199
0.000000 0.000001
0.000000 0.007401
0.000000 0.012601
0.000000 0.001899
0.000000 0.000151
0.000000 0.001649
0.000000 0.003032
0.000000 0.000036
0.000000 0.005765
0.000000 0.004237
0.000000 0.000347
0.000000 0.000109
0.000000 0.002026
0.000000 0.000014
0.000000 0.000051
0.000000 0.000014
0.000000 0.000416
0.000000 0.003586
0.000000 0.000449
0.000000 0.000509
0.000000 0.000168
0.000000 0.000099
0.000000 0.000014
0.000000 0.000064
0.000000 0.000020
0.000000 0.000036
0.000000 0.000006
0.000000 0.000019
0.000000 0.000006
0.000000 0.001120
0.000000 0.000882
0.000000 0.000019
0.000000 0.000420
0.000000 0.000064
0.000000 0.000011
0.000000 0.000002
0.000000 0.000599
0.000000 0.000398
0.000000 0.000108
0.000000 0.000088
0.000000 0.000034
0.000000 0.000010
0.000000 0.000022
0.000000 0.000003
0.000000 0.000011
0.000000 0.000005
0.000000 0.000006
0.000000 0.000002
0.000000 0.000006
0.000000 0.000000
0.000000 0.000006
0.000000 0.000094
0.000000 0.000117
0.000000 0.000107
0.000000 0.000176
0.000000 0.000001
0.000000 0.000000
0.000000 0.000179
0.000000 0.000820
0.000000 0.000805
0.000000 0.000802
0.000000 0.000010
0.000000 0.000046
0.000000 0.000090
0.000000 0.000097
0.000000 0.000090
0.000000 0.000002
0.000000 0.000001
0.000000 0.000103
0.000000 0.000322
0.000000 0.000077
0.000000 0.000106
0.000000 0.000081
0.000000 0.000019
0.000000 0.000094
0.000000 0.000021
0.000000 0.000000
0.000000 0.000000
0.000000 0.000135
0.000000 0.000065
0.000000 0.000154
0.000000 0.000157
0.000000 0.000019
0.000000 0.000000
0.000000 0.000004
0.000000 0.000005
0.000000 0.000000
0.000000 0.000000
0.000000 0.000091
0.000000 0.000010
0.000000 0.000081
0.000000 0.000084
0.000000 0.000019
0.000000 0.000003
0.000000 0.000004
0.000000 0.000002
0.000000 0.000000
0.000000 0.000001
0.000000 0.000033
0.000000 0.000040
0.000000 0.000030
0.000000 0.000000
0.000000 0.000002
0.000000 0.000012
0.000000 0.000003
0.000000 0.000003
0.000000 0.000000
0.000000 0.000000
0.000000 0.000001
0.000000 0.000020
0.000000 0.000020
0.000000 0.000018
0.000000 0.000015
0.000000 0.000011
0.000000 0.000011
0.000000 0.000008
0.000000 0.000002
0.000000 0.000000
0.000000 0.000000
0.000000 0.000003
0.000000 0.000007
0.000000 0.000002
0.000000 0.000001
0.000000 0.000000
0.000000 0.000001
0.000000 0.000001
0.000000 0.000000
0.000000 0.000003
0.000000 0.000002
0.000000 0.000002
0.000000 0.000000
0.000000 0.000001
0.000000 0.000000
0.000000 0.000001
0.000000 0.000001
0.000000 0.000000
0.000000 0.000001
0.000000 0.000002
0.000000 0.000002
0.000000 0.000001
0.000000 0.000002
0.000000 0.000000
0.000000 0.000001
0.000000 0.000000
0.000000 0.000000
0.000000 0.000002
0.000000 0.000001
0.000000 0.000001
0.000000 0.000000
0.000000 0.000000
0.000000 0.000000
0.000000 0.000000
0.000000 0.000000
0.000000 0.000000
0.000000 0.000002
0.000000 0.000001
0.000000 0.000001
0.000000 0.000000
0.000000 0.000000
0.000000 0.000000
0.000000 0.000002
0.000000 0.000001
0.000000 0.000001
0.000000 0.000000
0.000000 0.000001
0.000000 0.000000
0.000000 0.000000
0.000000 0.000000
0.000000 0.000000
0.000000 0.000001
0.000000 0.000001
0.000000 0.000001
0.000000 0.000000
0.000000 0.000000
0.000000 0.000000
0.000000 0.000000
0.000000 0.000001
0.000000 0.000001
0.000000 0.000000
0.000000 0.000000
0.000000 0.000000
0.000000 0.000000
0.000000 0.000000
0.000000 0.000001
0.000000 0.000001
0.000000 0.000000
0.000000 0.000001
0.000000 0.000000
0.000000 0.000000
0.000000 0.000000
0.000000 0.000001
0.000000 0.000001
0.000000 0.000000
0.000000 0.000000
0.000000 0.000000
0.000000 0.000000
0.000000 0.000000
0.000000 0.000001
0.000000 0.000001
0.000000 0.000000
0.000000 0.000000
0.000000 0.000000
0.000000 0.000000
0.000000 0.000000
0.000000 0.000001
0.000000 0.000001
0.000000 0.000000
0.000000 0.000000
0.000000 0.000000
0.000000 0.000000
0.000000 0.000000
0.000000 0.000001
0.000000 0.000001
0.000000 0.000000
0.000000 0.000000
0.000000 0.000000
0.000000 0.000000
0.000000 0.000000
0.000000 0.000001
0.000000 0.000001
0.000000 0.000000
0.000000 0.000000
0.000000 0.000000
0.000000 0.000000
0.000000 0.000000
0.000000 0.000001
0.000000 0.000001
0.000000 0.000000
0.000000 0.000000
0.000000 0.000000
0.000000 0.000000
0.000000 0.000000
0.000000 0.000001
0.000000 0.000001
0.000000 0.000000
0.000000 0.000000
0.000000 0.000000
0.000000 0.000000
0.000000 0.000000
0.000000 0.000001
0.000000 0.000001
0.000000 0.000000
0.000000 0.000000
0.000000 0.000000
0.000000 0.000000
0.000000 0.000000
0.000000 0.000001
0.000000 0.000001
0.000000 0.000000
0.000000 0.000000
0.000000 0.000000
0.000000 0.000000
0.000000 0.000000
0.000000 0.000001
0.000000 0.000001
0.000000 0.000000
0.000000 0.000000
0.000000 0.000000
0.000000 0.000000
0.000000 0.000000
0.000000 0.000001
0.000000 0.000001
0.000000 0.000000
0.000000 0.000000
0.000000 0.000000
0.000000 0.000000
0.000000 0.000000
0.000000 0.000001
0.000000 0.000001
0.000000 0.000000
0.000000 0.000000
0.000000 0.000000
0.000000 0.000000
0.000000 0.000000
0.000000 0.000001
0.000000 0.000001
0.000000 0.000000
0.000000 0.000000
0.000000 0.000000
0.000000 0.000000
0.000000 0.000000
0.000000 0.000001
0.000000 0.000001
0.000000 0.000000
0.000000 0.000000
0.000000 0.000000
0.000000 0.000000
0.000000 0.000000
0.000000 0.000000
