-99.080000 0.990000
-99.090000 0.990200
-98.790000 0.987000
-97.680000 0.975600
-92.190000 0.919800
-56.280000 0.558000
226.410000 2.277000
-28.540000 0.279200
50.660000 0.515600
50.570000 0.514600
99.150000 1.001800
-27.370000 0.267500
-77.860000 0.775100
8.840000 0.096000
10.290000 0.110500
54.060000 0.549600
-9.520000 0.088300
-10.830000 0.101400
-5.410000 0.047000
-22.470000 0.218300
0.170000 0.009000
4.500000 0.052500
1.630000 0.023700
7.410000 0.081700
-2.640000 0.019200
-4.060000 0.033500
17.870000 0.186600
31.770000 0.325000
33.170000 0.341000
-48.430000 0.479000
10.710000 0.114100
19.900000 0.207300
-25.740000 0.250800
14.820000 0.156000
1.020000 0.018000
-13.330000 0.127000
3.870000 0.046600
-1.090000 0.003500
-1.240000 0.005500
-2.700000 0.020000
-1.270000 0.005500
-4.270000 0.035000
7.860000 0.086500
4.400000 0.051300
-14.490000 0.137900
4.610000 0.053700
-0.750000 0.000100
1.230000 0.020500
-1.790000 0.010200
0.260000 0.010000
1.560000 0.022900
11.040000 0.118500
-13.490000 0.127500
-0.250000 0.005300
-6.290000 0.055500
0.770000 0.015400
-2.040000 0.012800
-0.940000 0.001900
-1.500000 0.007200
-1.221250 0.004537
-0.386250 0.003562
-0.615612 0.001332
-0.435612 0.003232
-0.809491 0.000573
-0.921635 0.001582
-0.698775 0.000537
-0.639666 0.001206
-0.773211 0.000190
-0.817386 0.000557
-0.735775 0.000190
-0.788548 0.000291
-0.739191 0.000168
-0.711552 0.000502
-0.763443 0.000073
-0.773890 0.000138
-0.755719 0.000034
-0.529519 0.002396
-0.941919 0.001928
-3.545919 0.027968
2.300681 0.030798
-0.707875 0.000602
-0.767580 0.000124
-0.748860 0.000099
-2.142898 0.013888
-0.838836 0.000846
0.734181 0.015032
-0.770704 0.000143
-0.748035 0.000102
-0.991834 0.002347
-0.419484 0.003401
-0.854139 0.000935
-0.549984 0.002096
-0.669874 0.000902
-1.046799 0.002892
-0.754556 0.000036
-0.743974 0.000172
-0.759618 0.000022
-0.761121 0.000028
-0.764377 0.000078
-0.758085 0.000004
-0.756656 0.000009
-0.755034 0.000036
-0.758476 0.000008
-0.759847 0.000013
-0.757497 0.000003
-0.757062 0.000015
-0.758157 0.000002
-0.765145 0.000069
-0.757094 0.000002
-0.659645 0.000993
-0.948744 0.001912
-0.665618 0.000917
-0.760111 0.000019
-0.757778 0.000004
-0.757433 0.000003
-0.778740 0.000213
-0.629785 0.001286
-0.865776 0.001078
-0.748257 0.000099
-0.807585 0.000498
-0.718604 0.000393
-0.736835 0.000212
-0.763975 0.000060
-0.773657 0.000159
-0.758211 0.000002
-0.758862 0.000007
-0.757842 0.000001
-0.757782 0.000000
-0.757559 0.000001
-0.757466 0.000003
-0.757985 0.000001
-0.757640 0.000002
-0.757899 0.000000
-9.402702 0.086449
-4.582748 0.038250
-0.537183 0.002306
2.072794 0.028406
-3.728957 0.029912
-0.750725 0.000068
-1.244733 0.004590
-1.063729 0.002920
-1.993435 0.012395
-0.509913 0.002529
0.246085 0.010028
-0.759742 0.000040
-0.766533 0.000098
-1.138763 0.003818
-0.560600 0.001992
-0.572128 0.001845
-0.761526 0.000026
-0.633219 0.001256
-0.918289 0.001607
-0.721423 0.000356
-0.757575 0.000001
-0.763463 0.000078
-0.760866 0.000041
-0.726314 0.000320
-0.873583 0.001161
-0.673304 0.000843
-1.079447 0.003226
-0.918659 0.001613
-0.723099 0.000349
-0.778608 0.000208
-0.771623 0.000141
-0.767523 0.000101
-0.762634 0.000050
-0.765260 0.000074
-0.737897 0.000200
-0.770185 0.000125
-0.758992 0.000009
-0.758421 0.000005
-0.764954 0.000072
-0.750846 0.000069
-0.757546 0.000003
-0.757198 0.000008
-0.757520 0.000004
-0.759417 0.000016
-0.753584 0.000042
-0.760346 0.000025
-0.757813 0.000000
-0.757897 0.000001
-0.757928 0.000000
-0.757998 0.000000
-0.758083 0.000001
-0.757881 -0.000000
-0.758199 0.000000
-0.758611 0.000001
-0.738373 0.000198
-0.758168 0.000000
-0.768566 0.000105
-0.739733 0.000185
-0.766293 0.000081
-0.758710 0.000000
-0.759533 0.000008
-0.758763 0.000001
-0.758356 0.000000
-0.746371 0.000124
-0.774903 0.000162
-0.754851 0.000038
-0.759427 0.000009
-0.749452 0.000096
-0.751623 0.000073
-0.762821 0.000041
-0.749096 0.000096
-0.764211 0.000056
-0.752532 0.000063
-0.753159 0.000056
-0.760110 0.000014
-0.754653 0.000041
-0.761367 0.000027
-0.755134 0.000035
-0.756003 0.000027
-0.759077 0.000004
-0.756393 0.000023
-0.760659 0.000020
-0.762668 0.000040
-0.760664 0.000020
-0.759215 0.000005
-0.757830 0.000009
-0.759084 0.000004
-0.760927 0.000022
-0.759794 0.000011
-0.758769 0.000001
-0.758234 0.000005
-0.759126 0.000004
-0.758105 0.000006
-0.758383 0.000003
-0.758651 0.000000
-0.758947 0.000003
-0.758532 0.000002
-0.758750 0.000001
-0.758715 0.000000
-0.758774 0.000001
-0.758682 0.000000
-0.758743 0.000001
-0.758697 0.000000
-0.758728 0.000000
-0.758766 0.000001
-0.758802 0.000001
-0.758733 0.000000
-0.758745 0.000001
-0.758746 0.000001
-0.758723 0.000000
-0.758738 0.000000
-0.758746 0.000001
-0.758744 0.000001
-0.758732 0.000000
-0.758740 0.000000
-0.758745 0.000001
-0.758828 0.000001
-0.758745 0.000001
-0.758736 0.000000
-0.759170 0.000005
-0.758852 0.000002
-0.758735 0.000000
-0.758742 0.000001
-0.758738 0.000000
-0.758965 0.000003
-0.758808 0.000001
-0.758737 0.000000
-0.758741 0.000000
-0.758742 0.000001
-0.758742 0.000001
-0.758739 0.000000
-0.758933 0.000002
-0.758837 0.000001
-0.758738 0.000000
-0.758741 0.000001
-0.758740 0.000000
-0.758861 0.000002
-0.758753 0.000001
-0.758739 0.000000
-0.758792 0.000001
-0.758741 0.000000
-0.758741 0.000001
-0.758740 0.000000
-0.758794 0.000001
-0.758741 0.000001
-0.758740 0.000000
-0.758785 0.000001
-0.758761 0.000001
-0.758748 0.000001
-0.758740 0.000000
-0.758753 0.000001
-0.758753 0.000001
-0.758743 0.000001
-0.758740 0.000000
-0.758736 0.000000
-0.758740 0.000000
-0.758740 0.000000
-0.758743 0.000001
-0.758744 0.000001
-0.758741 0.000000
-0.758738 0.000000
-0.758741 0.000001
-0.758740 0.000000
-0.758743 0.000001
-0.758740 0.000000
-0.758741 0.000001
-0.758738 0.000000
-0.758741 0.000001
-0.758740 0.000000
-0.758741 0.000001
-0.758741 0.000001
-0.758741 0.000000
-0.758740 0.000000
-0.758741 0.000000
-0.758741 0.000000
-0.758741 0.000000
-0.758740 0.000000
-0.758741 0.000000
-0.758741 0.000000
-0.758741 0.000000
-0.758740 0.000000
-0.758741 0.000000
-0.758740 0.000000
-0.758741 0.000000
-0.758741 0.000000
-0.758741 0.000000
-0.758741 0.000000
-0.758741 0.000000
-0.758741 0.000000
-0.758741 0.000000
-0.758741 0.000000
-0.758741 0.000000
-0.758741 0.000000
-0.758741 0.000000
-0.758741 0.000000
-0.758741 0.000000
-0.758741 0.000000
-0.758741 0.000000
-0.758741 0.000000
-0.758741 0.000000
-0.758741 0.000000
-0.758741 0.000000
-0.758741 0.000000
-0.758741 0.000000
-0.758741 0.000000
-0.758741 0.000000
-0.758741 0.000000
-0.758741 0.000000
-0.758741 0.000000
-0.758741 0.000000
-0.758741 0.000000
-0.758741 0.000000
-0.758741 0.000000
-0.758741 0.000000
-0.758741 0.000000
-0.758741 0.000000
-0.758741 0.000000
-0.758741 0.000000
-0.758741 0.000000
-0.758741 0.000000
-0.758741 0.000000
-0.758741 0.000000
-0.758741 0.000000
-0.758741 0.000000
-0.758741 0.000000
-0.758741 0.000000
-0.758741 0.000000
-0.758741 0.000000
-0.758741 0.000000
-0.758741 0.000000
-0.758741 0.000000
-0.758741 0.000000
-0.758741 0.000000
-0.758741 0.000000
-0.758741 0.000000
-0.758741 0.000000
