976.000000 2.000000 13.000000
966.000000 15.000000 6.000000
954.000000 24.000000 3.000000
959.000000 17.000000 3.000000
979.185800 0.540000 14.287900
981.450400 5.930000 13.517300
967.583400 11.270000 8.189300
980.911800 6.510000 14.906900
970.732700 9.550000 9.578300
961.833300 15.710000 4.975800
975.794900 3.450000 12.670600
979.645600 1.220000 14.713100
971.147700 8.110000 10.211800
977.526700 0.560000 13.665500
972.670800 7.020000 10.950000
970.055700 10.410000 8.880600
974.680200 4.120000 12.262600
969.639400 9.360000 9.450700
974.303200 5.020000 11.937400
976.346700 2.760000 13.078300
972.557700 6.740000 11.004300
974.911600 3.640000 12.396200
974.389100 4.470000 12.087400
978.763500 1.570000 15.058600
958.455900 18.510000 2.707400
974.147900 4.710000 11.977900
974.067100 4.790000 11.941000
975.023500 3.830000 12.370600
971.247100 5.790000 10.661000
950.787100 8.790000 17.179000
960.087100 1.790000 11.239000
854.607100 10.210000 244.939000
975.517100 1.210000 12.081000
963.357100 5.210000 13.819000
829.377100 68.790000 91.139000
934.217100 22.790000 22.539000
895.717100 13.790000 117.059000
980.817100 8.210000 14.021000
947.547100 15.790000 12.079000
950.297100 2.790000 21.999000
976.997100 7.210000 8.741000
918.887100 37.790000 28.139000
991.727100 34.210000 8.681000
954.817100 8.790000 10.659000
966.427100 6.790000 5.381000
910.717100 48.790000 16.699000
966.767100 11.790000 10.001000
982.637100 9.210000 15.301000
905.657100 56.790000 20.879000
954.737100 11.790000 3.481000
973.717100 20.210000 7.699000
954.007100 4.790000 0.901000
724.747100 1.210000 156.539000
964.917100 4.210000 6.881000
921.047100 16.790000 16.419000
977.787100 8.210000 11.501000
897.237100 54.790000 21.359000
938.887100 4.210000 9.639000
980.217100 11.210000 14.821000
964.487100 1.210000 3.561000
971.927100 19.210000 12.459000
971.307100 2.210000 10.841000
939.977100 12.210000 10.939000
964.217100 5.790000 6.141000
962.187100 11.210000 4.301000
960.557100 10.790000 6.761000
915.257100 34.790000 19.859000
939.767100 28.790000 8.679000
930.707100 11.790000 13.039000
956.397100 6.790000 3.139000
962.757100 8.210000 1.019000
978.057100 15.210000 8.921000
937.403100 15.190000 14.003000
937.097100 13.790000 15.079000
941.397400 11.170000 25.129100
963.412400 0.330000 6.690900
960.518400 4.720000 4.431900
961.369600 1.700000 5.258000
957.097600 1.680000 0.167600
953.319600 2.540000 4.604000
954.124300 5.180000 5.296100
960.434900 -0.000000 4.079500
966.583200 4.380000 3.688300
957.588200 2.530000 2.066900
958.587700 2.050000 1.172200
950.362300 5.410000 2.962100
961.314100 0.430000 2.147900
959.688400 0.340000 2.515600
958.408300 1.980000 1.445500
959.513300 0.890000 0.818600
959.257200 1.200000 0.158500
959.958100 0.050000 2.023000
959.711900 0.440000 1.352700
956.375400 1.480000 1.508600
957.480000 1.400000 0.640000
960.514800 0.140000 0.445600
959.652600 0.600000 0.239000
962.225600 0.420000 0.691600
958.635800 1.020000 0.313800
959.125800 0.880000 2.936600
959.744400 0.480000 0.507900
959.706300 0.200000 0.611100
959.753300 0.140000 1.208300
961.395400 0.500000 0.849500
959.359300 0.620000 0.001900
960.071300 0.090000 0.341300
960.123200 -0.000000 0.836000
960.057200 0.440000 1.352900
959.786800 0.280000 0.148700
960.826600 0.260000 0.467300
959.766300 0.350000 0.107000
959.157700 0.290000 0.145000
958.297200 0.440000 0.258600
959.601500 0.090000 0.105400
959.506200 0.040000 0.197800
958.865300 0.350000 0.485500
959.719000 0.190000 0.141100
960.152200 0.130000 0.136300
959.918400 0.140000 0.082600
958.983200 0.480000 0.076100
959.771100 0.070000 0.307000
960.227200 0.280000 0.326200
959.626600 0.110000 0.058100
956.231700 1.110000 3.710200
950.188800 8.750000 3.707500
957.939000 3.060000 1.910600
961.551700 2.690000 2.114600
959.697100 0.170000 0.089800
960.321300 0.810000 0.498600
959.878300 0.310000 0.153700
959.671900 0.010000 0.163100
965.867300 6.770000 1.188200
963.782700 6.970000 2.131400
965.926900 1.850000 4.935500
959.374800 0.260000 0.112400
959.742800 0.220000 0.352800
959.732400 0.260000 0.097800
959.185400 0.940000 0.694600
958.794100 2.430000 0.412600
963.435700 2.830000 2.049400
958.602100 0.990000 1.071800
960.255900 0.880000 0.128100
959.140200 0.310000 0.523500
958.573200 1.190000 0.671500
958.115400 1.490000 0.435500
960.067200 0.160000 0.248000
959.188974 0.116400 0.052772
958.986435 0.070500 0.113054
958.934978 0.107200 0.023614
958.585130 0.116900 0.102659
956.513869 0.157200 0.570046
959.273597 0.087200 0.218848
959.590493 0.047200 0.100132
959.374026 0.147200 0.072914
959.651264 0.017200 0.050300
959.192108 0.027200 0.081586
958.972054 0.007200 0.072162
958.547164 0.057200 0.088764
959.611106 0.072800 0.053798
959.064643 0.067200 0.051300
959.333413 0.012800 0.162724
959.261647 0.052800 0.024764
959.557580 0.112800 0.145106
959.163345 0.007200 0.037832
959.779897 0.072800 0.081596
959.133782 0.012800 0.004922
959.320700 0.107200 0.018794
959.040293 0.072800 0.127184
958.979309 0.077200 0.151978
958.243079 0.067200 0.972104
957.394823 1.607200 0.673288
958.885034 1.067200 0.079870
958.917159 0.121000 0.103931
959.375901 0.061000 0.041681
959.290033 0.024000 0.008143
958.716635 0.036900 0.099279
959.425495 0.004400 0.020511
959.403459 0.028100 0.050483
959.223281 0.001100 0.015589
959.233518 0.017900 0.016540
959.247218 0.007300 0.009807
958.971308 0.008100 0.026414
959.314290 0.001500 0.010902
959.240763 0.001300 0.033187
959.227409 0.001300 0.003735
958.962039 0.009700 0.051963
959.030569 0.172400 0.007601
959.390121 0.017600 0.004094
959.199324 0.006100 0.005741
958.782435 0.194300 0.458490
958.986626 0.685700 0.011673
958.408076 0.653500 0.341468
959.268503 0.028200 0.031002
959.127621 0.016000 0.015227
959.247660 0.011700 0.000677
959.245946 0.005500 0.001139
959.132742 0.009400 0.009743
959.268890 0.000700 0.006021
959.295988 0.000600 0.003266
959.270988 0.000300 0.001574
959.227906 0.004500 0.008555
959.258238 0.001300 0.002213
959.195409 0.003000 0.002910
959.245950 0.001000 0.008598
959.322779 0.000600 0.002093
959.297566 0.000900 0.000366
958.914796 0.425000 0.145824
959.170520 0.038400 0.160188
959.086037 0.015300 0.130013
959.305967 0.004900 0.004431
959.376747 0.004500 0.002720
959.391858 0.041500 0.045369
959.334967 0.002600 0.002862
959.276952 0.000400 0.000827
959.214731 0.001100 0.004015
959.372554 0.087300 0.008634
959.241085 0.000100 0.002825
959.302226 0.000800 0.001016
958.391032 0.687500 0.406921
958.907425 0.476700 0.266012
959.112232 0.262200 0.059378
959.338006 0.059700 0.019064
959.230739 0.083600 0.013398
959.313797 0.001500 0.002566
959.281466 0.000300 0.000552
959.063465 0.145800 0.043890
958.857794 0.396200 0.232818
959.265472 0.069900 0.044221
959.288945 0.001800 0.004430
959.294981 -0.000000 0.004715
959.247193 0.007500 0.011402
959.268459 0.000500 0.000952
959.275689 0.001500 0.001189
959.032182 0.230300 0.169863
959.259526 0.077900 0.030225
958.984676 0.254900 0.101422
959.296412 0.012500 0.008917
959.294892 0.048654 0.026867
959.302175 0.000569 0.000871
959.275716 0.001619 0.001114
959.099610 0.174975 0.103546
959.263302 0.026500 0.026314
959.400834 0.088177 0.028412
959.335851 0.053992 0.033912
959.195375 0.062488 0.078552
959.195375 0.062477 0.078549
959.293759 0.000551 0.000427
959.180514 0.088273 0.049963
959.276460 0.021310 0.004592
959.275824 0.006303 0.010875
959.289345 0.003977 0.011345
959.284926 0.002675 0.001137
959.270532 0.000064 0.000815
959.256974 0.000549 0.001362
959.264536 0.016517 0.014207
959.247677 0.033821 0.012847
959.263663 0.005454 0.009886
959.293244 0.011256 0.003838
959.277461 0.004061 0.001381
959.286884 0.000133 0.000363
959.284410 0.000193 0.000060
959.302525 0.000758 0.000972
959.278544 0.000142 0.000382
959.269166 0.000124 0.000601
959.273280 0.000156 0.000365
959.269194 0.000394 0.000826
959.276982 0.000373 0.000842
959.280452 0.005051 0.007826
959.280453 0.005051 0.007826
959.284509 0.000028 0.000417
959.280033 0.000103 0.000181
959.283036 0.003821 0.000815
959.274683 0.011693 0.001223
959.261630 0.018991 0.012697
959.292502 0.003656 0.000033
959.281175 0.001152 0.000545
959.281180 0.001163 0.000545
959.294256 0.000442 0.000542
959.278530 0.000006 0.000145
959.260860 0.000603 0.000727
959.276859 0.004670 0.002706
959.275094 0.000059 0.000536
959.283938 0.000116 0.000137
959.294141 0.018738 0.006703
959.260476 0.012462 0.011185
959.287986 0.005826 0.001233
959.272775 0.003613 0.000475
959.260861 0.000605 0.000728
959.282010 0.000520 0.000109
959.284553 0.000099 0.000215
959.281163 0.000102 0.000082
959.276356 0.004641 0.003568
959.272422 0.009256 0.003078
959.274113 0.003954 0.002891
959.285750 0.003381 0.001917
959.289056 0.000426 0.000112
959.277824 0.001057 0.000304
959.277826 0.001056 0.000305
959.278010 0.000052 0.000119
959.274808 0.000175 0.000207
959.268547 0.000519 0.000225
959.262010 0.010551 0.003566
959.262008 0.010553 0.003567
959.274539 0.000097 0.000370
959.281586 0.000066 0.000010
959.263987 0.015511 0.010765
959.277186 0.001830 0.001900
959.267946 0.013672 0.003294
959.282265 0.000080 0.000288
959.292301 0.000422 0.000413
959.281228 0.009688 0.002938
959.281221 0.009696 0.002943
959.281972 0.000087 0.000020
959.279400 0.000009 0.000108
959.266870 0.013914 0.009200
959.268237 0.006590 0.005455
959.271646 0.012152 0.001784
959.282063 0.000305 0.000193
959.292303 0.000419 0.000411
959.276065 0.005019 0.005929
959.276064 0.005019 0.005930
959.283961 0.000160 0.000068
959.279498 0.000001 0.000073
959.271572 0.007354 0.005659
959.274151 0.008968 0.003659
959.276831 0.003621 0.000284
959.282346 0.000523 0.000389
959.275845 0.004498 0.003206
959.275845 0.004498 0.003206
959.282638 0.000093 0.000080
959.280209 0.000030 0.000061
959.281039 0.000997 0.000779
959.277807 0.003030 0.001869
959.280464 0.001854 0.000127
959.281987 0.000263 0.000187
959.278724 0.001955 0.001127
959.278725 0.001954 0.001127
959.278890 0.000023 0.000102
959.281202 0.000059 0.000011
959.280048 0.000041 0.000074
959.278401 0.002493 0.000386
959.278401 0.002493 0.000386
959.282500 0.000103 0.000032
959.280249 0.000026 0.000047
959.277389 0.000074 0.000154
959.277248 0.001351 0.000274
959.281815 0.000071 0.000030
959.280611 0.000040 0.000039
959.281213 0.002738 0.000076
959.271996 0.006833 0.003349
959.284064 0.003802 0.003232
959.283037 0.000067 0.000677
959.276007 0.001220 0.001542
959.276007 0.001221 0.001542
959.279788 0.000018 0.000074
959.281137 0.000054 0.000011
959.280199 0.000832 0.000261
959.276857 0.002899 0.001370
959.281568 0.001382 0.001213
959.281657 0.000016 0.000294
959.277853 0.001070 0.001159
959.277852 0.001071 0.001160
959.280129 0.000021 0.000053
959.280397 0.000030 0.000043
959.279627 0.000234 0.000433
959.278887 0.001559 0.000842
959.279146 0.001172 0.000225
959.280551 0.000030 0.000132
959.280843 0.000043 0.000030
959.278700 0.002687 0.000829
959.278700 0.002687 0.000829
959.279856 0.000012 0.000069
959.280816 0.000043 0.000025
959.279353 0.001197 0.000498
959.280759 0.000325 0.000184
959.282024 0.001180 0.000808
959.280611 0.000569 0.000356
959.282074 0.000083 0.000027
959.281230 0.000359 0.000167
959.281122 0.000051 0.000019
959.280467 0.000033 0.000040
959.280778 0.000517 0.000169
959.280340 0.000778 0.000116
959.278754 0.001760 0.001032
959.280858 0.000178 0.000116
959.280750 0.000189 0.000043
959.280278 0.000028 0.000042
959.279995 0.000021 0.000047
959.280360 0.000492 0.000037
959.279852 0.000769 0.000469
959.280332 0.000678 0.000261
959.280959 0.000096 0.000030
959.280824 0.000079 0.000048
959.280644 0.000039 0.000028
959.280767 0.000043 0.000021
959.281136 0.000056 0.000000
959.280195 0.000277 0.000016
959.281207 0.000056 0.000009
959.280510 0.000035 0.000033
959.279923 0.000732 0.000338
959.280417 0.000470 0.000252
959.280763 0.000196 0.000116
959.281042 0.000184 0.000139
959.280418 0.000328 0.000243
959.280417 0.000329 0.000244
959.280464 0.000035 0.000030
959.280287 0.000031 0.000032
959.279759 0.000018 0.000039
959.278171 0.000021 0.000059
959.278042 0.001368 0.000461
959.278042 0.001368 0.000461
959.279573 0.000012 0.000046
959.279872 0.000020 0.000040
959.277414 0.002006 0.001299
959.279428 0.000337 0.000005
959.278565 0.001331 0.000142
959.279866 0.000079 0.000065
959.278588 0.000655 0.000341
959.278587 0.000656 0.000342
959.279481 0.000010 0.000044
959.279727 0.000017 0.000041
959.279309 0.000491 0.000292
959.279290 0.000228 0.000211
959.278967 0.000769 0.000234
959.280465 0.000697 0.000460
959.279336 0.000410 0.000208
959.279338 0.000408 0.000208
959.279977 0.000023 0.000035
959.279951 0.000022 0.000036
959.280177 0.000147 0.000048
959.280241 0.000321 0.000164
959.279552 0.000320 0.000209
959.279744 0.000239 0.000006
959.280633 0.000040 0.000022
959.279623 0.000146 0.000055
959.279624 0.000144 0.000055
959.280064 0.000026 0.000033
959.279811 0.000019 0.000039
959.279929 0.000007 0.000039
959.279786 0.000098 0.000260
959.279972 0.000016 0.000006
959.279855 0.000004 0.000040
959.279861 0.000020 0.000091
959.279948 0.000013 0.000003
959.280045 0.000019 0.000012
959.279903 0.000002 0.000027
959.279953 0.000027 0.000019
959.279947 0.000019 0.000005
959.280009 0.000030 0.000028
959.279929 0.000009 0.000013
959.279953 0.000006 0.000015
959.279951 0.000009 0.000010
959.279875 0.000001 0.000032
959.280072 0.000259 0.000044
959.280073 0.000261 0.000047
959.279933 0.000014 0.000002
959.279938 0.000012 0.000002
959.279907 0.000011 0.000020
959.279934 0.000015 0.000010
959.279959 0.000009 0.000008
959.279952 0.000010 0.000006
959.279936 0.000016 0.000021
959.279951 0.000008 0.000014
959.279949 0.000011 0.000001
959.279939 0.000016 0.000013
959.279938 0.000014 0.000007
959.279969 0.000008 0.000008
959.279961 0.000009 0.000006
959.279564 0.000441 0.000314
959.279663 0.000090 0.000170
959.279724 0.000365 0.000020
959.279970 0.000000 0.000001
959.279998 0.000026 0.000013
959.279955 0.000012 0.000041
959.279951 0.000006 0.000002
959.279943 0.000005 0.000006
959.279574 0.000329 0.000198
959.279676 0.000379 0.000252
959.279944 0.000131 0.000104
959.279978 0.000002 0.000007
959.279855 0.000087 0.000021
959.279853 0.000087 0.000023
959.279990 0.000002 0.000002
959.279978 0.000001 0.000000
959.279678 0.000284 0.000181
959.280012 0.000017 0.000030
959.279974 0.000078 0.000040
959.280002 0.000056 0.000033
959.279852 0.000073 0.000042
959.279850 0.000075 0.000044
959.280008 0.000008 0.000004
959.279965 0.000003 0.000000
959.280026 0.000064 0.000001
959.279914 0.000098 0.000040
959.279835 0.000089 0.000098
959.280021 0.000045 0.000044
959.279978 0.000013 0.000013
959.279994 0.000004 0.000002
959.279973 0.000001 0.000000
959.279957 0.000003 0.000001
959.279982 0.000001 0.000001
959.279965 0.000001 0.000000
959.279951 0.000005 0.000005
959.280004 0.000003 0.000005
959.279960 0.000002 0.000001
959.279974 0.000000 0.000000
959.279999 0.000004 0.000001
959.279948 0.000008 0.000010
959.279953 0.000015 0.000010
959.279967 0.000000 0.000001
959.279819 0.000178 0.000118
959.279908 0.000018 0.000052
959.279826 0.000128 0.000049
959.279826 0.000143 0.000035
959.280105 0.000140 0.000035
959.280009 0.000022 0.000026
959.280009 0.000025 0.000019
959.280018 0.000016 0.000009
959.279967 0.000001 0.000001
959.279970 0.000000 0.000001
959.279883 0.000104 0.000063
959.279922 0.000033 0.000037
959.280032 0.000045 0.000012
959.279885 0.000089 0.000062
959.280046 0.000086 0.000062
959.280009 0.000028 0.000024
959.279959 0.000004 0.000000
959.279964 0.000009 0.000005
959.279940 0.000042 0.000017
959.279959 0.000004 0.000000
959.279927 0.000045 0.000036
959.279951 0.000032 0.000014
959.279980 0.000029 0.000015
959.279976 0.000003 0.000001
959.279958 0.000009 0.000005
959.279959 0.000008 0.000005
959.279953 0.000017 0.000002
959.279952 0.000018 0.000003
959.279962 0.000007 0.000008
959.279967 0.000005 0.000001
959.279953 0.000024 0.000014
959.279971 0.000010 0.000007
959.279960 0.000013 0.000007
959.279982 0.000004 0.000005
959.279964 0.000000 0.000001
959.279959 0.000004 0.000003
959.279961 0.000005 0.000006
959.279962 0.000005 0.000006
959.279974 0.000007 0.000003
959.279968 0.000001 0.000000
959.279967 0.000001 0.000000
959.279963 0.000007 0.000003
959.279964 0.000007 0.000009
959.279960 0.000008 0.000001
959.279967 0.000008 0.000000
959.279995 0.000025 0.000013
959.279976 0.000001 0.000002
959.279967 0.000000 0.000000
959.279975 0.000000 0.000000
959.279972 0.000003 0.000003
959.279968 0.000000 0.000000
959.279964 0.000000 0.000001
959.279972 0.000000 0.000000
959.279953 0.000013 0.000003
959.279956 0.000015 0.000009
959.279942 0.000020 0.000016
959.279982 0.000019 0.000013
959.279946 0.000019 0.000014
959.279968 0.000001 0.000000
959.279962 0.000000 0.000002
959.279964 0.000002 0.000001
959.279963 0.000001 0.000001
959.279961 0.000000 0.000001
959.279953 0.000001 0.000007
959.279950 0.000001 0.000001
959.279967 0.000000 0.000000
959.279963 0.000000 0.000000
959.279958 0.000000 0.000000
959.279944 0.000000 0.000000
959.279901 0.000001 0.000001
959.279907 0.000016 0.000011
959.279964 0.000009 0.000005
959.279942 0.000000 0.000001
959.279961 0.000000 0.000000
959.279937 0.000000 0.000001
959.279923 0.000001 0.000004
959.280078 0.000043 0.000041
959.280074 0.000039 0.000038
959.280079 0.000046 0.000042
959.280074 0.000042 0.000040
959.279946 0.000000 0.000000
959.279908 0.000023 0.000056
959.279736 0.000235 0.000093
959.279890 0.000093 0.000035
959.279985 0.000092 0.000032
959.280100 0.000096 0.000071
959.279948 0.000006 0.000002
959.279950 0.000000 0.000001
959.279982 0.000024 0.000001
959.279937 0.000000 0.000000
959.279925 0.000000 0.000001
959.279889 0.000001 0.000002
959.279917 0.000000 0.000001
959.279859 0.000001 0.000003
959.279933 0.000001 0.000008
959.279937 0.000001 0.000007
959.279926 0.000000 0.000000
959.279911 0.000000 0.000001
959.279863 0.000001 0.000001
959.279894 0.000001 0.000001
959.279955 0.000044 0.000040
959.279953 0.000046 0.000038
959.279926 0.000000 0.000001
959.279941 0.000000 0.000000
959.279385 0.000627 0.000336
959.279590 0.000256 0.000251
959.280029 0.000018 0.000053
959.280231 0.000400 0.000261
959.279590 0.000401 0.000263
959.280056 0.000141 0.000114
959.279866 0.000020 0.000013
959.279860 0.000023 0.000014
959.279926 0.000000 0.000001
959.279939 0.000000 0.000000
959.279764 0.000094 0.000086
959.279769 0.000170 0.000048
959.279785 0.000162 0.000115
959.279910 0.000040 0.000059
959.279911 0.000039 0.000057
959.279933 0.000005 0.000003
959.279904 0.000008 0.000011
959.279954 0.000004 0.000012
959.279928 0.000000 0.000001
959.279937 0.000000 0.000000
959.279834 0.000089 0.000039
959.279924 0.000030 0.000011
959.279819 0.000069 0.000057
959.279842 0.000082 0.000068
959.280002 0.000068 0.000056
959.279931 0.000003 0.000001
959.279896 0.000008 0.000004
959.279865 0.000029 0.000015
959.279864 0.000029 0.000016
959.279928 0.000000 0.000001
959.279936 0.000000 0.000000
959.279911 0.000023 0.000005
959.279877 0.000042 0.000028
959.279905 0.000029 0.000023
959.279858 0.000061 0.000030
959.279963 0.000060 0.000029
959.279928 0.000002 0.000000
959.279874 0.000038 0.000022
959.279873 0.000039 0.000022
959.279913 0.000013 0.000009
959.279914 0.000013 0.000008
959.279929 0.000000 0.000001
959.279935 0.000000 0.000000
959.279905 0.000020 0.000011
959.279918 0.000012 0.000009
959.279931 0.000000 0.000004
959.279897 0.000008 0.000009
959.279924 0.000008 0.000008
959.279930 0.000011 0.000004
959.279905 0.000000 0.000000
959.279889 0.000002 0.000003
959.279905 0.000001 0.000001
959.279895 0.000001 0.000000
959.279864 0.000004 0.000001
959.279865 0.000016 0.000019
959.279864 0.000017 0.000020
959.279892 0.000006 0.000010
959.279908 -0.000000 0.000000
959.279866 0.000031 0.000028
959.279887 0.000012 0.000001
959.279863 0.000052 0.000029
959.279898 0.000010 0.000011
959.279892 0.000008 0.000010
959.279915 0.000008 0.000007
959.279901 0.000001 0.000001
959.279899 0.000001 0.000002
959.279903 0.000001 0.000002
959.279843 0.000052 0.000040
959.279891 0.000000 0.000000
959.279869 0.000000 0.000000
959.279802 0.000001 0.000001
959.279868 0.000003 0.000004
959.279869 0.000003 0.000004
959.279887 0.000004 0.000000
959.279868 0.000000 0.000001
959.279898 0.000000 0.000000
959.279867 0.000001 0.000001
959.279862 0.000001 0.000000
959.279842 0.000005 0.000001
959.279779 0.000019 0.000020
959.279779 0.000020 0.000020
959.279749 0.000054 0.000044
959.279749 0.000054 0.000045
959.279867 0.000000 0.000000
959.279848 0.000000 0.000000
959.279791 0.000000 0.000000
959.279619 0.000000 0.000000
959.279105 0.000001 0.000000
959.277562 0.000002 0.000000
959.279767 0.000053 0.000008
959.280000 0.000305 0.000412
959.279637 0.000000 -0.000000
959.277496 0.001506 0.001207
959.277895 0.002099 0.001175
959.279857 0.001461 0.000659
959.280270 0.000606 0.000278
959.278353 0.001462 0.000659
959.280557 0.000913 0.000862
959.278511 0.000009 0.000044
959.278509 0.000010 0.000043
959.280249 0.000145 0.000109
959.280261 0.000144 0.000110
959.279517 0.000000 0.000000
959.279351 0.000000 0.000000
959.278854 0.000001 0.000000
959.277362 0.000003 0.000001
959.281356 0.001023 0.000318
959.281220 0.000721 0.000301
959.279355 0.000000 0.000000
959.281535 0.003001 0.002264
959.283673 0.005069 0.003419
959.278024 0.001994 0.000245
959.274465 0.004203 0.002773
959.274034 0.005071 0.003420
959.279058 0.000385 0.000611
959.276248 0.001800 0.000971
959.276248 0.001799 0.000972
959.280367 0.000299 0.000105
959.280370 0.000303 0.000105
959.279195 0.000001 0.000000
959.279513 0.000000 0.000000
959.277108 0.002009 0.000708
959.277629 0.001736 0.000634
959.277844 0.001613 0.001222
959.278509 0.000183 0.000402
959.280599 0.002007 0.000707
959.280506 0.000819 0.000480
959.279159 0.000170 0.000066
959.279162 0.000177 0.000075
959.280107 0.000082 0.000047
959.280113 0.000089 0.000052
959.279296 0.000000 0.000000
959.279186 0.000000 0.000000
959.278855 0.000001 0.000000
959.276932 0.001141 0.000759
959.276932 0.001141 0.000760
959.280142 0.000019 0.000092
959.280144 0.000021 0.000091
959.279200 0.000001 0.000000
959.279316 0.000000 0.000000
959.277778 0.001250 0.000421
959.278443 0.001406 0.000593
959.276862 0.001976 0.001443
959.276996 0.001956 0.001608
959.280846 0.001974 0.001442
959.279354 0.000157 0.000096
959.277868 0.000659 0.000521
959.277867 0.000660 0.000522
959.277547 0.000885 0.000575
959.277546 0.000886 0.000576
959.279181 0.000000 0.000000
959.279096 0.000000 0.000000
959.278841 0.000000 0.000001
959.278077 0.000000 0.000002
959.281043 0.000762 0.000118
959.281047 0.000764 0.000121
959.281605 0.000861 0.000186
959.281623 0.000875 0.000163
959.279013 0.000000 0.000000
959.278871 0.000000 0.000001
959.278762 0.000001 0.000000
959.278010 0.000001 0.000000
959.275748 0.000008 0.000002
959.278761 0.000001 0.000001
959.279892 0.002741 0.000386
959.278873 0.003892 0.001520
959.278874 0.003893 0.001519
959.279002 0.000005 0.000002
959.279135 0.000005 0.000002
959.278369 0.002642 0.003385
959.281768 0.008905 0.001741
959.274250 0.008907 0.001741
959.293102 0.017059 0.011019
959.296193 0.013668 0.007603
959.278843 0.000939 0.000607
959.275754 0.000003 0.000000
959.278765 0.000003 0.000003
959.280560 0.000365 0.000212
959.281604 0.000734 0.000730
959.281604 0.000734 0.000730
959.279006 0.000001 0.000000
959.279141 0.000000 0.000000
959.274354 0.006459 0.002339
959.268830 0.008462 0.005172
959.274954 0.005040 0.004720
959.292485 0.014173 0.008851
959.263532 0.014175 0.008852
959.280318 0.001285 0.000689
959.273884 0.002738 0.001014
959.273883 0.002739 0.001015
959.280826 0.000405 0.000025
959.278986 0.000000 0.000001
959.279132 0.000000 0.000000
959.274955 0.002765 0.002320
959.273478 0.006400 0.003386
959.279915 0.001360 0.001991
959.276897 0.001802 0.000137
959.279123 0.001799 0.000138
959.279624 0.000430 0.000328
959.277552 0.000214 0.000484
959.280289 0.000146 0.000032
959.280286 0.000142 0.000031
959.279019 0.000001 0.000000
959.279111 0.000000 0.000000
959.276580 0.002061 0.001753
959.278563 0.000154 0.000254
959.281006 0.002311 0.000934
959.275772 0.002233 0.001090
959.280249 0.002231 0.001091
959.279051 0.000015 0.000010
959.278157 0.000038 0.000029
959.278160 0.000041 0.000028
959.279626 0.000187 0.000117
959.279014 0.000000 0.000000
959.278371 0.000393 0.000369
959.277459 0.000353 0.000120
959.277648 0.001434 0.000733
959.278802 0.000349 0.000387
959.278562 0.000351 0.000121
959.279309 0.000251 0.000195
959.278019 0.000004 0.000006
959.278025 0.000007 0.000008
959.278513 0.000310 0.000192
959.278513 0.000311 0.000193
959.278971 0.000000 0.000000
959.278901 0.000001 0.000000
959.278847 0.000001 0.000001
959.277188 0.000218 0.000162
959.277189 0.000218 0.000163
959.279146 0.000017 0.000072
959.278902 0.000000 0.000000
959.278806 0.000001 0.000001
959.278697 0.000001 0.000001
959.279791 0.000375 0.000332
959.280207 0.000116 0.000038
959.280210 0.000121 0.000040
959.278910 0.000001 0.000000
959.278988 0.000000 0.000000
959.278248 0.000999 0.000130
959.277491 0.000614 0.000274
959.278282 0.000992 0.000799
959.278529 0.000612 0.000273
959.281293 0.002042 0.001344
959.278891 0.000001 0.000004
959.278817 0.000117 0.000088
959.279064 0.000023 0.000099
959.278895 0.000000 0.000001
959.278983 0.000000 0.000000
959.278107 0.000651 0.000313
959.278158 0.000854 0.000582
959.278815 0.000076 0.000132
959.279487 0.001560 0.000844
959.276533 0.001563 0.000843
959.279101 0.000085 0.000134
959.277601 0.000428 0.000211
959.277504 0.000499 0.000305
959.278693 0.000080 0.000032
959.278694 0.000080 0.000031
959.278916 0.000001 0.000000
959.278970 0.000000 0.000000
959.278542 0.000351 0.000316
959.278566 0.000283 0.000139
959.278669 0.000359 0.000161
959.277953 0.000060 0.000080
959.278067 0.000062 0.000079
959.278933 0.000030 0.000017
959.277904 0.000164 0.000139
959.277903 0.000165 0.000139
959.278562 0.000257 0.000168
959.278562 0.000257 0.000168
959.278913 0.000000 0.000000
959.278732 0.000104 0.000086
959.278755 0.000168 0.000116
959.278766 0.000153 0.000034
959.277731 0.000313 0.000156
959.278290 0.000311 0.000157
959.278911 0.000008 0.000006
959.278010 0.000001 0.000000
959.278769 0.000158 0.000069
959.278770 0.000157 0.000068
959.278886 0.000000 0.000000
959.278843 0.000000 0.000001
959.278836 0.000000 0.000001
959.277637 0.000322 0.000205
959.277637 0.000322 0.000205
959.278764 0.000003 0.000004
959.278763 0.000002 0.000003
959.278830 0.000001 0.000001
959.278935 0.000000 0.000000
959.278918 0.000012 0.000042
959.278917 0.000075 0.000005
959.279194 0.000290 0.000189
959.278095 0.000045 0.000002
959.277925 0.000047 0.000001
959.278881 0.000008 0.000001
959.278003 0.000004 0.000010
959.278004 0.000004 0.000009
959.278675 0.000200 0.000150
959.278674 0.000200 0.000150
959.278865 0.000001 0.000001
959.278918 0.000000 0.000000
959.278986 0.000079 0.000052
959.278921 0.000044 0.000046
959.278814 0.000089 0.000038
959.278127 0.000111 0.000061
959.277893 0.000113 0.000060
959.278786 0.000080 0.000051
959.277999 0.000010 0.000005
959.278007 0.000003 0.000002
959.278839 0.000060 0.000031
959.278838 0.000060 0.000032
959.278883 0.000000 0.000000
959.278874 0.000001 0.000000
959.277922 0.000046 0.000005
959.277923 0.000045 0.000005
959.278816 0.000066 0.000006
959.278816 0.000067 0.000006
959.278868 0.000000 0.000000
959.278846 0.000000 0.000000
959.278779 0.000000 0.000000
959.278578 0.000000 0.000000
959.277977 0.000000 0.000000
959.276172 0.000001 0.000000
959.270755 0.000003 0.000004
959.272537 0.002012 0.001334
959.272567 0.001993 0.001321
959.280313 0.000045 0.000016
959.280317 0.000043 0.000014
959.278044 0.000000 0.000000
959.274370 0.003879 0.002996
959.274568 0.003029 0.001381
959.278155 0.001285 0.000090
959.282375 0.006645 0.003521
959.269968 0.006644 0.003521
959.278421 0.000355 0.000195
959.275258 0.000937 0.000029
959.275259 0.000937 0.000029
959.279638 0.000318 0.000234
959.277620 -0.000000 0.000000
959.277041 0.000000 0.000000
959.275303 0.000001 0.000000
959.270083 0.000000 0.000007
959.275305 0.000003 0.000001
959.272849 0.000128 0.001711
959.272849 0.000128 0.001711
959.280070 0.000013 0.000234
959.280070 0.000013 0.000235
959.276205 0.000001 0.000001
959.278213 0.000004 0.000002
959.268617 0.007058 0.003516
959.270292 0.008606 0.005241
959.273480 0.002340 0.003538
959.261847 0.011424 0.008128
959.288756 0.011426 0.008126
959.277325 0.000303 0.000198
959.270086 0.000003 0.000004
959.278029 0.000513 0.000478
959.278031 0.000516 0.000480
959.280314 0.000418 0.000426
959.277049 0.000000 0.000000
959.275615 0.003108 0.001603
959.270120 0.004158 0.003153
959.272319 0.004518 0.002461
959.279640 0.002320 0.002703
959.280485 0.004159 0.003152
959.277092 0.000086 0.000031
959.272827 0.002314 0.001841
959.272826 0.002314 0.001841
959.273710 0.002554 0.001455
959.273709 0.002554 0.001456
959.276496 0.000000 0.000000
959.275756 0.000001 0.000000
959.274862 0.000001 0.000001
959.278399 0.000928 0.000061
959.278403 0.000932 0.000064
959.279839 0.000726 0.000407
959.279842 0.000728 0.000410
959.276104 0.000001 0.000000
959.277241 0.000000 0.000000
959.272249 0.003713 0.002165
959.275859 0.001506 0.000072
959.273528 0.002777 0.000954
959.277078 0.002779 0.000953
959.279100 0.003183 0.002515
959.278176 0.001469 0.000842
959.275745 0.000279 0.000226
959.276957 0.000007 0.000306
959.276960 0.000012 0.000308
959.276483 0.000000 0.000000
959.276442 0.000000 0.000000
959.276319 0.000001 0.000000
959.275679 0.000164 0.000225
959.275674 0.000157 0.000225
959.277016 0.000359 0.000441
959.275906 0.000001 0.000000
959.276757 0.000000 0.000000
959.274331 0.001759 0.001102
959.276280 0.000403 0.000309
959.277527 0.001514 0.000932
959.277231 0.001659 0.000913
959.273375 0.001657 0.000914
959.276407 0.000042 0.000082
959.272782 0.002233 0.001468
959.272716 0.002272 0.001503
959.273896 0.002485 0.001376
959.273896 0.002485 0.001376
959.276190 0.000001 0.000000
959.276616 0.000000 0.000000
959.275170 0.001208 0.000840
959.276039 0.000221 0.000014
959.276127 0.000509 0.000158
959.274376 0.000881 0.000393
959.276230 0.000883 0.000393
959.276773 0.000524 0.000166
959.276140 0.000085 0.000009
959.276144 0.000080 0.000006
959.276332 0.000001 0.000000
959.276545 0.000000 0.000000
959.276254 0.000224 0.000236
959.276333 0.000223 0.000070
959.275327 0.000138 0.000146
959.275949 0.000452 0.000271
959.275279 0.000136 0.000146
959.276862 0.000562 0.000375
959.275113 0.000238 0.000194
959.274879 0.000455 0.000319
959.276320 0.000001 0.000000
959.276322 0.000003 0.000001
959.276403 0.000000 0.000000
959.276285 0.000001 0.000000
959.275374 0.000093 0.000091
959.274662 0.000799 0.000336
959.276311 0.000058 0.000062
959.275418 0.000799 0.000639
959.276389 0.000000 0.000000
959.276335 0.000000 0.000000
959.276173 0.000001 0.000000
959.274325 0.000421 0.000189
959.274325 0.000421 0.000190
959.274922 0.001031 0.000512
959.274920 0.001033 0.000512
959.276309 0.000001 0.000000
959.276409 0.000000 0.000000
959.275763 0.000704 0.000513
959.275356 0.000747 0.000504
959.275788 0.000634 0.000166
959.275856 0.000335 0.000129
959.274750 0.000333 0.000129
959.276377 0.000039 0.000023
959.274685 0.000650 0.000361
959.274685 0.000650 0.000361
959.275873 0.000216 0.000191
959.275871 0.000217 0.000192
959.276342 0.000000 0.000000
959.275951 0.000373 0.000165
959.276064 0.000347 0.000246
959.276105 0.000135 0.000166
959.274849 0.000442 0.000349
959.275757 0.000444 0.000348
959.276576 0.000209 0.000191
959.275300 0.000003 0.000003
959.276015 0.000174 0.000158
959.276014 0.000175 0.000158
959.276307 0.000001 0.000000
959.276379 0.000000 0.000000
959.276168 0.000188 0.000123
959.276191 0.000111 0.000050
959.276363 0.000012 0.000038
959.275350 0.000026 0.000073
959.275256 0.000024 0.000073
959.276310 0.000016 0.000036
959.275302 0.000000 0.000001
959.275299 0.000004 0.000004
959.275302 -0.000000 0.000001
959.276270 0.000089 0.000042
959.276270 0.000088 0.000042
959.276315 0.000001 0.000000
959.276370 0.000000 0.000000
959.276243 0.000103 0.000064
959.276301 0.000017 0.000029
959.276398 0.000048 0.000017
959.275223 0.000056 0.000034
959.275380 0.000056 0.000032
959.276319 0.000019 0.000016
959.275302 0.000000 0.000001
959.276284 0.000043 0.000014
959.276282 0.000045 0.000015
959.276319 0.000001 0.000000
959.276364 0.000000 0.000000
959.276317 0.000006 0.000011
959.276323 0.000007 0.000006
959.276284 0.000054 0.000034
959.275299 0.000005 0.000008
959.275304 0.000005 0.000005
959.276336 0.000001 0.000000
959.275303 0.000002 0.000001
959.276316 0.000019 0.000012
959.276315 0.000019 0.000012
959.276324 0.000001 0.000000
959.276359 0.000000 0.000000
959.276317 0.000016 0.000007
959.276319 0.000015 0.000013
959.276335 0.000008 0.000002
959.275274 0.000026 0.000017
959.275329 0.000026 0.000015
959.276335 0.000001 0.000000
959.275280 0.000020 0.000012
959.275280 0.000021 0.000012
959.276331 0.000002 0.000001
959.276331 0.000002 0.000001
959.276383 0.000000 0.000000
959.276326 0.000001 0.000000
959.276334 0.000002 0.000004
959.276338 0.000007 0.000003
959.276323 0.000010 0.000007
959.275311 0.000009 0.000005
959.275293 0.000009 0.000008
959.276332 0.000003 0.000001
959.275297 0.000006 0.000004
959.275297 0.000006 0.000004
959.276335 0.000000 0.000000
959.276334 0.000001 0.000001
959.276351 0.000000 0.000000
959.276330 0.000000 0.000000
959.276317 0.000000 0.000000
959.276278 0.000000 0.000000
959.276160 0.000001 0.000000
959.275274 0.000025 0.000018
959.275274 0.000025 0.000018
959.276255 0.000029 0.000022
959.276254 0.000030 0.000023
959.276282 0.000000 0.000000
959.276280 0.000008 0.000003
959.276307 0.000025 0.000009
959.276318 0.000043 0.000031
959.275266 0.000038 0.000014
959.275337 0.000038 0.000012
959.276233 0.000035 0.000030
959.275279 0.000027 0.000006
959.275279 0.000027 0.000006
959.276278 0.000002 0.000001
959.276277 0.000003 0.000000
959.276255 0.000000 0.000000
959.276217 0.000000 0.000000
959.276104 0.000001 0.000000
959.275311 0.000014 0.000002
959.276199 0.000015 0.000008
959.276218 0.000000 0.000000
959.276214 0.000003 0.000008
959.276246 0.000036 0.000025
959.276257 0.000035 0.000019
959.275265 0.000038 0.000033
959.275339 0.000038 0.000030
959.276219 0.000005 0.000006
959.275301 0.000002 0.000001
959.276206 0.000000 0.000001
959.276207 0.000001 0.000000
959.276288 0.000001 0.000000
959.276201 0.000000 0.000000
959.276153 0.000002 0.000000
959.275304 0.000001 0.000005
959.276183 0.000021 0.000001
959.276183 0.000023 0.000001
959.276169 0.000000 0.000000
959.276126 0.000000 0.000000
959.275997 0.000001 0.000000
959.275230 0.000048 0.000030
959.275230 0.000048 0.000030
959.276019 0.000102 0.000067
959.276110 0.000027 0.000017
959.276113 0.000000 0.000000
959.276062 0.000000 0.000000
959.275906 0.000001 0.000000
959.275158 0.000190 0.000155
959.275158 0.000190 0.000155
959.275997 0.000001 0.000000
959.275997 0.000000 0.000000
959.275805 0.000001 0.000000
959.275260 0.000030 0.000014
959.275760 0.000001 0.000003
959.275759 0.000001 0.000002
959.275989 0.000000 0.000000
959.275921 0.000001 0.000000
959.275964 0.000002 0.000000
959.275271 0.000030 0.000009
959.275761 0.000001 0.000005
959.275761 0.000001 0.000004
959.275919 0.000000 0.000000
959.275821 0.000000 0.000000
959.275529 0.000001 -0.000000
959.274967 0.000163 0.000278
959.275907 0.000049 0.000035
959.275822 0.000001 0.000000
959.275954 0.000000 0.000000
959.276052 0.000085 0.000117
959.274551 0.000931 0.000553
959.274728 0.000978 0.000802
959.274708 0.001207 0.000529
959.276052 0.000931 0.000551
959.275983 0.000163 0.000100
959.274968 0.000653 0.000349
959.274967 0.000654 0.000349
959.275012 0.000625 0.000546
959.275011 0.000625 0.000546
959.275807 0.000000 0.000000
959.275715 0.000000 0.000000
959.275442 0.000001 0.000000
959.275276 0.000392 0.000074
959.275277 0.000392 0.000074
959.276150 0.000129 0.000070
959.275643 0.000000 0.000000
959.275506 0.000000 0.000000
959.275093 0.000001 0.000000
959.273854 0.000002 0.000001
959.277268 0.000498 0.000192
959.277516 0.000759 0.000072
959.275436 0.000000 0.000000
959.275251 0.000001 0.000000
959.275228 0.000001 0.000000
959.277238 0.000631 0.000074
959.277243 0.000476 0.000177
959.275342 0.000000 0.000000
959.275155 0.000000 0.000000
959.274595 0.000001 0.000000
959.272910 0.000004 0.000001
959.274596 0.000001 0.000001
959.280508 0.001032 0.000021
959.280518 0.001036 0.000019
959.276836 0.001092 0.000158
959.275108 0.000007 0.000004
959.275406 0.000002 0.000001
959.258488 0.014193 0.006783
959.268619 0.007923 0.005381
959.270876 0.002282 0.002996
959.271350 0.004411 0.004358
959.277838 0.004409 0.004355
959.275762 0.000575 0.000409
959.272914 0.000002 0.000001
959.263583 0.006133 0.003209
959.263582 0.006134 0.003210
959.263333 0.007045 0.003389
959.263332 0.007045 0.003389
959.275116 0.000001 0.000000
959.275408 0.000000 0.000000
959.275017 0.001257 0.001211
959.279856 0.003625 0.002999
959.268922 0.003325 0.001474
959.280267 0.003323 0.001472
959.284386 0.008398 0.004029
959.275019 0.000149 0.000098
959.271296 0.002260 0.001829
959.271296 0.002261 0.001829
959.276606 0.000498 0.000357
959.276611 0.000509 0.000361
959.275167 0.000000 0.000000
959.272425 0.001952 0.000933
959.272030 0.003129 0.001820
959.275037 0.000390 0.000296
959.273229 0.001545 0.001141
959.275961 0.001544 0.001140
959.276728 0.001363 0.000291
959.273048 0.000937 0.000531
959.273047 0.000938 0.000531
959.275645 0.000267 0.000087
959.275034 0.000000 0.000000
959.274847 0.000001 0.000000
959.274672 0.000000 0.000000
959.273584 0.000001 0.000001
959.278743 0.000758 0.000714
959.279123 0.000796 0.000873
959.274740 0.000001 0.000000
959.275060 0.000000 0.000000
959.271194 0.004001 0.002839
959.272523 0.002626 0.000517
959.266252 0.006808 0.003600
959.274622 0.001526 0.001178
959.274567 0.001524 0.001177
959.275940 0.001077 0.000538
959.273326 0.000081 0.000369
959.273329 0.000079 0.000369
959.273580 0.000188 0.000672
959.273582 0.000187 0.000671
959.274689 0.000000 0.000000
959.270695 0.003628 0.001864
959.274505 0.000425 0.000697
959.275608 0.000264 0.000445
959.274302 0.000485 0.000093
959.274888 0.000487 0.000094
959.274754 0.000105 0.000094
959.274965 0.000195 0.000052
959.275085 0.000194 0.000015
959.274536 0.000001 0.000000
959.274929 0.000000 0.000000
959.274130 0.000001 0.000000
959.272911 0.000001 0.000001
959.278137 0.001013 0.000970
959.279480 0.001020 0.000646
959.279495 0.001027 0.000647
959.274493 0.000000 0.000000
959.274222 0.000000 0.000000
959.273406 0.000004 0.000003
959.272764 0.002597 0.001440
959.276986 0.000779 0.000117
959.274235 0.000000 0.000000
959.271550 0.001388 0.002901
959.266014 0.006740 0.003365
959.267044 0.008803 0.005491
959.277502 0.001106 0.002086
959.270758 0.001107 0.002087
959.275066 0.000729 0.000403
959.273409 0.000000 0.000001
959.270973 0.000003 0.000001
959.275813 0.001303 0.000527
959.277018 0.000818 0.000219
959.273963 0.000002 0.000001
959.274494 0.000000 0.000000
959.266191 0.006516 0.003227
959.265733 0.005949 0.002995
959.266832 0.008277 0.005897
959.274681 0.002152 0.000423
959.281084 0.005948 0.002993
959.275047 0.000675 0.000368
959.270970 0.000000 0.000002
959.270442 0.001536 0.001113
959.270438 0.001540 0.001116
959.276612 0.000908 0.000170
959.274139 0.000000 0.000000
959.273961 0.000000 0.000000
959.273428 0.000000 0.000001
959.277723 0.000592 0.000853
959.277321 0.000377 0.000765
959.273979 0.000000 0.000000
959.271836 0.002369 0.000204
959.272320 0.002711 0.001966
959.264489 0.007999 0.004466
959.262436 0.009723 0.006196
959.284380 0.009722 0.006194
959.275730 0.001537 0.000802
959.268412 0.003863 0.002000
959.268412 0.003863 0.002000
959.274623 0.000456 0.000340
959.273831 0.000000 0.000000
959.273636 0.000000 0.000001
959.273441 0.000000 0.000001
959.276749 0.000927 0.000331
959.277340 0.001032 0.000500
959.273709 0.000000 0.000000
959.273494 0.000000 0.000001
959.273343 0.000000 0.000001
959.273344 0.000001 0.000000
959.272247 0.000003 0.000001
959.276168 0.000965 0.000414
959.276163 0.000960 0.000411
959.273685 0.000004 0.000003
959.273910 0.000003 0.000002
959.279009 0.005242 0.000368
959.277589 0.006635 0.003855
959.259370 0.012676 0.008766
959.263920 0.009168 0.003990
959.282764 0.009167 0.003988
959.273759 0.000006 0.000044
959.272244 0.000000 0.000001
959.268946 0.000000 0.000003
959.276334 0.000353 0.000013
959.278455 0.000975 0.000531
959.270742 0.004651 0.004029
959.262028 0.010875 0.006151
959.273018 0.001064 0.001063
959.277698 0.006745 0.005052
959.266788 0.006746 0.005056
959.273997 0.000268 0.000182
959.275650 0.001409 0.000552
959.275653 0.001411 0.000556
959.277257 0.000944 0.000578
959.273688 0.000000 0.000001
959.273906 0.000000 0.000000
959.269595 0.004612 0.003068
959.275246 0.001849 0.000076
959.276767 0.001771 0.001398
959.267553 0.004516 0.002424
959.276934 0.004515 0.002422
959.273951 0.000296 0.000206
959.268645 0.002909 0.001658
959.268645 0.002909 0.001658
959.271995 0.001281 0.000669
959.271995 0.001282 0.000668
959.273670 0.000000 0.000000
959.273524 0.000000 0.000001
959.273553 0.000000 0.000001
959.270249 0.001019 0.000365
959.270248 0.001021 0.000365
959.272033 0.000449 0.000917
959.272033 0.000449 0.000918
959.273567 0.000000 0.000001
959.273822 0.000000 0.000000
959.272932 0.000074 0.000332
959.271102 0.002622 0.001356
959.272940 0.000816 0.000966
959.273348 0.000483 0.000614
959.271140 0.000483 0.000616
959.273749 0.000077 0.000077
959.272223 0.000019 0.000007
959.272197 0.000045 0.000016
959.271208 0.002004 0.001445
959.271208 0.002005 0.001445
959.273636 0.000000 0.000001
959.273782 0.000000 0.000000
959.272419 0.000277 0.000390
959.272069 0.000277 0.000392
959.273049 0.000760 0.000528
959.273372 0.000395 0.000024
959.272718 0.000751 0.000470
959.274654 0.000939 0.000363
959.272262 0.000006 0.000005
959.272269 0.000009 0.000005
959.272906 0.001024 0.000522
959.272906 0.001024 0.000522
959.273619 0.000000 0.000001
959.273771 0.000000 0.000000
959.272585 0.000278 0.000275
959.273068 0.000627 0.000343
959.273450 0.000227 0.000262
959.273800 0.000026 0.000026
959.271903 0.000278 0.000277
959.273860 0.000357 0.000224
959.272215 0.000053 0.000026
959.272216 0.000055 0.000025
959.273285 0.000425 0.000149
959.273285 0.000426 0.000149
959.273651 0.000000 0.000001
959.273749 0.000000 0.000000
959.273519 0.000106 0.000062
959.273493 0.000204 0.000124
959.273662 0.000019 0.000042
959.272313 0.000039 0.000015
959.272174 0.000039 0.000014
959.273673 0.000002 0.000002
959.271985 0.000234 0.000149
959.271985 0.000234 0.000149
959.273699 0.000023 0.000021
959.273699 0.000023 0.000021
959.273648 0.000000 0.000001
959.273740 0.000000 0.000000
959.273610 0.000040 0.000040
959.273620 0.000066 0.000048
959.273763 0.000089 0.000039
959.272233 0.000022 0.000018
959.272255 0.000023 0.000020
959.273627 0.000024 0.000008
959.272191 0.000046 0.000023
959.272190 0.000047 0.000024
959.273562 0.000101 0.000070
959.273561 0.000102 0.000071
959.273663 0.000000 0.000001
959.273728 0.000000 0.000000
959.273620 0.000047 0.000028
959.273651 0.000027 0.000022
959.273667 0.000006 0.000006
959.272313 0.000064 0.000044
959.272175 0.000064 0.000046
959.273720 0.000056 0.000038
959.272244 0.000001 0.000001
959.273651 0.000021 0.000015
959.273650 0.000022 0.000015
959.273696 0.000000 0.000000
959.273681 0.000000 0.000000
959.273644 0.000026 0.000015
959.273668 0.000008 0.000006
959.273667 -0.000000 0.000005
959.272240 0.000008 0.000008
959.272248 0.000007 0.000006
959.273672 0.000007 0.000006
959.272239 0.000005 0.000004
959.273686 0.000017 0.000007
959.273686 0.000016 0.000007
959.273717 0.000000 0.000000
959.273665 0.000000 0.000000
959.273651 0.000000 0.000001
959.272229 0.000013 0.000003
959.272229 0.000012 0.000003
959.273679 0.000008 0.000007
959.273619 0.000040 0.000032
959.273648 0.000000 0.000001
959.273684 0.000000 0.000000
959.273660 0.000010 0.000002
959.273651 0.000011 0.000006
959.273649 0.000017 0.000013
959.272259 0.000011 0.000005
959.272228 0.000011 0.000007
959.273671 0.000010 0.000001
959.272243 0.000005 0.000007
959.272243 0.000005 0.000007
959.273640 0.000029 0.000015
959.273639 0.000029 0.000015
959.273660 0.000000 0.000001
959.273678 0.000000 0.000000
959.273655 0.000011 0.000007
959.273669 0.000001 0.000002
959.273671 0.000004 0.000000
959.272241 0.000002 0.000005
959.272247 0.000002 0.000003
959.273660 0.000003 0.000003
959.272244 0.000001 0.000001
959.273668 0.000004 0.000001
959.273669 0.000005 0.000001
959.273667 0.000000 0.000000
959.273666 0.000000 0.000000
959.273661 0.000004 0.000002
959.273662 0.000004 0.000003
959.273663 0.000002 0.000002
959.272238 0.000005 0.000005
959.272249 0.000004 0.000003
959.273668 0.000003 0.000003
959.272244 0.000000 0.000001
959.273666 0.000000 0.000000
959.273666 0.000001 0.000000
959.273664 0.000000 0.000000
959.273663 0.000000 0.000000
959.273659 0.000001 0.000000
959.272246 0.000003 0.000000
959.273663 0.000000 0.000000
959.273663 0.000001 0.000001
959.273662 0.000001 0.000000
959.273664 0.000000 0.000000
959.273663 0.000000 0.000000
959.273662 0.000001 0.000000
959.273664 0.000000 0.000000
959.273666 0.000003 0.000002
959.273666 0.000005 0.000002
959.273667 0.000003 0.000001
959.272242 0.000002 0.000003
959.272245 0.000002 0.000001
959.273662 0.000001 0.000001
959.273669 0.000006 0.000003
959.273669 0.000006 0.000003
959.273663 0.000001 0.000000
959.273664 0.000000 0.000001
959.273666 0.000003 0.000001
959.272245 0.000000 0.000000
959.272248 0.000003 0.000003
959.272242 0.000000 0.000002
959.272241 0.000000 0.000002
959.272241 0.000001 0.000003
959.272244 0.000001 0.000000
959.272244 0.000000 0.000001
959.272243 0.000001 0.000000
959.272240 0.000005 0.000001
959.272243 0.000000 0.000001
959.272243 0.000000 0.000001
959.272244 0.000000 0.000000
959.272245 0.000000 0.000001
959.272245 0.000000 0.000001
959.272244 0.000000 0.000000
959.272244 0.000002 0.000002
959.272232 0.000007 0.000005
959.272232 0.000007 0.000005
959.272231 0.000007 0.000005
959.272231 0.000007 0.000005
959.272245 0.000001 0.000000
959.272244 0.000000 -0.000000
959.272239 0.000008 0.000004
959.272248 0.000006 0.000000
959.272234 0.000007 0.000005
959.272236 0.000010 0.000006
959.272251 0.000008 0.000006
959.272245 0.000000 0.000001
959.272243 0.000001 0.000001
959.272243 0.000000 0.000000
959.272239 0.000000 0.000002
959.272241 0.000000 0.000001
959.272234 0.000000 0.000002
959.272243 0.000000 0.000000
959.272248 0.000003 0.000002
959.272243 0.000000 0.000000
959.272242 0.000001 0.000001
959.272244 0.000000 0.000000
959.272228 0.000018 0.000004
959.272222 0.000018 0.000016
959.272242 0.000010 0.000000
959.272229 0.000011 0.000012
959.272253 0.000011 0.000011
959.272244 0.000005 0.000000
959.272243 0.000005 0.000003
959.272242 0.000003 0.000005
959.272242 0.000006 0.000002
959.272235 0.000009 0.000001
959.272236 0.000009 0.000006
959.272245 0.000005 0.000001
959.272235 0.000006 0.000004
959.272247 0.000009 0.000000
959.272243 0.000000 0.000000
959.272241 0.000000 0.000000
959.272236 0.000002 0.000001
959.272245 0.000000 0.000000
959.272246 0.000000 0.000000
959.272242 0.000000 0.000001
959.272243 0.000000 -0.000000
959.272240 0.000001 0.000006
959.272240 0.000005 0.000001
959.272255 0.000014 0.000007
959.272255 0.000017 0.000006
959.272227 0.000017 0.000007
959.272241 0.000000 0.000001
959.272241 0.000003 0.000000
959.272242 0.000003 0.000000
959.272242 0.000004 0.000000
959.272242 0.000004 0.000000
959.272241 0.000002 0.000002
959.272239 0.000001 0.000001
959.272237 0.000005 0.000004
959.272241 0.000000 0.000002
959.272241 0.000001 0.000001
959.272241 0.000000 0.000000
959.272239 0.000000 0.000002
959.272239 0.000000 0.000002
959.272241 0.000001 0.000000
959.272239 0.000002 0.000002
959.272241 0.000000 0.000000
959.272239 0.000000 0.000000
959.272237 0.000001 0.000001
959.272240 0.000001 0.000001
959.272241 0.000000 0.000000
959.272233 0.000000 0.000000
959.272215 0.000001 0.000000
959.272160 0.000001 0.000002
959.272208 0.000005 0.000003
959.272206 0.000007 0.000004
959.272200 0.000026 0.000019
959.272200 0.000026 0.000019
959.272234 0.000001 0.000001
959.272240 0.000000 0.000000
959.272214 0.000003 0.000005
959.272216 0.000002 0.000005
959.272229 0.000005 0.000006
959.272215 0.000017 0.000008
959.272222 0.000013 0.000010
959.272236 0.000003 0.000001
959.272213 0.000002 0.000002
959.272214 0.000003 0.000003
959.272235 0.000000 0.000001
959.272233 0.000000 0.000000
959.272226 0.000013 0.000005
959.272222 0.000010 0.000008
959.272236 0.000002 0.000001
959.272227 0.000007 0.000000
959.272204 0.000012 0.000004
959.272233 0.000001 0.000000
959.272211 0.000005 0.000002
959.272212 0.000005 0.000002
959.272228 0.000004 0.000003
959.272228 0.000005 0.000002
959.272231 0.000001 0.000000
959.272238 0.000000 0.000000
959.272232 0.000002 0.000001
959.272212 0.000000 0.000001
959.272203 0.000003 0.000006
959.272204 0.000010 0.000001
959.272204 0.000010 0.000001
959.272228 0.000001 0.000002
959.272230 0.000000 0.000000
959.272226 0.000000 0.000000
959.272212 0.000000 0.000001
959.272222 0.000002 0.000004
959.272225 0.000003 0.000004
959.272236 0.000006 0.000002
959.272226 0.000000 0.000000
959.272205 0.000027 0.000007
959.272201 0.000017 0.000019
959.272228 0.000006 0.000002
959.272242 0.000027 0.000017
959.272183 0.000027 0.000019
959.272233 0.000009 0.000004
959.272193 0.000016 0.000016
959.272194 0.000016 0.000016
959.272210 0.000017 0.000004
959.272210 0.000017 0.000005
959.272221 0.000000 0.000000
959.272215 0.000000 0.000001
959.272208 0.000000 0.000001
959.272168 0.000000 0.000003
959.272234 0.000005 0.000001
959.272233 0.000002 0.000000
959.272218 0.000000 0.000000
959.272212 0.000000 0.000001
959.272209 0.000000 0.000001
959.272157 0.000010 0.000003
959.272157 0.000011 0.000002
959.272071 0.000121 0.000063
959.272071 0.000122 0.000064
959.272217 0.000000 0.000001
959.272224 0.000000 0.000000
959.272271 0.000041 0.000007
959.272299 0.000060 0.000053
959.272304 0.000103 0.000060
959.272080 0.000125 0.000068
959.272336 0.000126 0.000070
959.272185 0.000028 0.000021
959.272229 0.000013 0.000002
959.272230 0.000015 0.000003
959.272243 0.000009 0.000004
959.272245 0.000010 0.000005
959.272217 0.000000 0.000001
959.272223 0.000000 0.000000
959.272196 0.000009 0.000007
959.272210 0.000004 0.000006
959.272193 0.000033 0.000010
959.272220 0.000010 0.000005
959.272272 0.000052 0.000039
959.272212 0.000017 0.000015
959.272205 0.000003 0.000000
959.272216 0.000001 0.000001
959.272218 0.000000 0.000001
959.272222 0.000000 0.000000
959.272193 0.000013 0.000004
959.272204 0.000016 0.000004
959.272188 0.000026 0.000019
959.272216 0.000007 0.000005
959.272223 0.000013 0.000007
959.272219 0.000001 0.000001
959.272212 0.000000 0.000000
959.272194 0.000001 0.000002
959.272190 0.000007 0.000002
959.272215 0.000001 0.000009
959.272215 0.000000 0.000010
959.272212 0.000000 0.000000
959.272201 0.000007 0.000002
959.272205 0.000011 0.000004
959.272208 0.000001 0.000006
959.272208 0.000001 0.000008
959.272234 0.000021 0.000015
959.272212 0.000000 0.000000
959.272198 0.000010 0.000006
959.272197 0.000010 0.000006
959.272205 0.000005 0.000006
959.272206 0.000000 0.000001
959.272215 0.000000 0.000000
959.272187 0.000000 0.000003
959.272222 0.000001 0.000002
959.272218 0.000003 0.000002
959.272224 0.000000 0.000002
959.272209 0.000000 0.000000
959.272200 0.000000 0.000001
959.272171 0.000000 0.000003
959.272149 0.000022 0.000004
959.272275 0.000011 0.000001
959.272277 0.000013 0.000002
959.272210 0.000000 0.000000
959.272092 0.000123 0.000057
959.272112 0.000087 0.000076
959.272185 0.000011 0.000010
959.272254 0.000064 0.000015
959.272145 0.000063 0.000018
959.272213 0.000004 0.000001
959.272198 0.000004 0.000003
959.272163 0.000021 0.000025
959.272162 0.000022 0.000025
959.272209 0.000000 0.000001
959.272211 0.000000 0.000000
959.272229 0.000009 0.000003
959.272166 0.000042 0.000034
959.272238 0.000037 0.000013
959.272247 0.000056 0.000030
959.272152 0.000056 0.000032
959.272210 0.000002 0.000001
959.272184 0.000005 0.000005
959.272203 0.000002 0.000000
959.272208 0.000000 0.000000
959.272206 0.000000 0.000000
959.272200 0.000000 0.000000
959.272181 0.000000 0.000001
959.272126 0.000000 0.000002
959.272197 0.000078 0.000055
959.272198 0.000077 0.000054
959.272197 0.000078 0.000055
959.272198 0.000077 0.000054
959.272200 0.000000 0.000000
959.272106 0.000022 0.000022
959.271918 0.000296 0.000165
959.272154 0.000027 0.000077
959.271938 0.000207 0.000174
959.272424 0.000207 0.000175
959.272208 0.000007 0.000005
959.272163 0.000007 0.000011
959.272097 0.000044 0.000018
959.272096 0.000045 0.000019
959.272196 0.000000 0.000000
959.272190 0.000000 0.000001
959.272184 0.000000 0.000001
959.272232 0.000002 0.000001
959.272232 0.000003 0.000000
959.272191 0.000000 0.000001
959.272202 0.000000 0.000000
959.272078 0.000052 0.000027
959.272104 0.000100 0.000065
959.272032 0.000123 0.000071
959.272285 0.000052 0.000028
959.272299 0.000099 0.000031
959.272197 0.000001 0.000001
959.272142 0.000012 0.000007
959.272191 0.000004 0.000001
959.272195 0.000000 0.000000
959.272192 0.000000 0.000001
959.272145 0.000008 0.000006
959.272190 0.000004 0.000001
959.272194 0.000000 0.000000
959.272190 0.000000 0.000000
959.272181 0.000000 0.000000
959.272151 0.000000 0.000001
959.272062 0.000001 0.000003
959.272226 0.000003 0.000020
959.272228 0.000004 0.000020
959.272181 0.000000 0.000000
959.271877 0.000233 0.000117
959.271798 0.000437 0.000294
959.272201 0.000053 0.000062
959.272333 0.000061 0.000028
959.271969 0.000061 0.000030
959.272199 0.000017 0.000008
959.272252 0.000031 0.000013
959.272254 0.000028 0.000011
959.272074 0.000013 0.000037
959.272174 0.000000 0.000000
959.272165 0.000000 0.000001
959.272156 0.000000 0.000001
959.272233 0.000007 0.000006
959.272251 0.000008 0.000011
959.272167 0.000000 0.000001
959.272185 0.000000 0.000000
959.272020 0.000126 0.000058
959.272033 0.000199 0.000098
959.272301 0.000087 0.000066
959.272001 0.000087 0.000068
959.272327 0.000125 0.000131
959.272176 0.000002 0.000000
959.272119 0.000015 0.000015
959.272121 0.000016 0.000015
959.272248 0.000009 0.000001
959.272173 0.000000 0.000000
959.272167 0.000000 0.000001
959.272168 0.000000 0.000001
959.272192 0.000008 0.000002
959.272229 0.000008 0.000004
959.272171 0.000000 0.000000
959.272165 0.000000 0.000000
959.272149 0.000000 0.000000
959.272101 0.000001 0.000001
959.272039 0.000024 0.000026
959.272040 0.000025 0.000026
959.272039 0.000024 0.000026
959.272040 0.000025 0.000026
959.272151 0.000000 0.000000
959.271761 0.000428 0.000304
959.272288 0.000019 0.000077
959.271850 0.000284 0.000094
959.272041 0.000189 0.000191
959.272261 0.000189 0.000190
959.272165 0.000018 0.000011
959.272209 0.000005 0.000003
959.272244 0.000009 0.000003
959.272139 0.000000 0.000000
959.272124 0.000000 0.000000
959.272077 0.000001 0.000001
959.272228 0.000006 0.000003
959.272230 0.000006 0.000003
959.272125 0.000000 0.000001
959.272144 0.000000 0.000000
959.272127 0.000000 0.000001
959.272223 0.000006 0.000001
959.272224 0.000006 0.000001
959.272122 0.000000 0.000000
959.272109 0.000000 0.000000
959.272068 0.000001 0.000000
959.271947 0.000002 0.000000
959.272240 0.000012 0.000058
959.272239 0.000013 0.000058
959.272239 0.000010 0.000056
959.272240 0.000011 0.000055
959.272097 0.000001 0.000000
959.272129 0.000000 0.000000
959.271723 0.000153 0.000061
959.272413 0.000152 0.000062
959.272626 0.000364 0.000075
959.273307 0.001041 0.000835
959.272903 0.001030 0.000509
959.270310 0.001625 0.000949
959.271933 0.000095 0.000051
959.271933 0.000095 0.000051
959.272162 0.000066 0.000048
959.272159 0.000063 0.000046
959.272108 0.000000 0.000000
959.272105 0.000000 0.000000
959.272095 0.000001 0.000001
959.272019 0.000163 0.000030
959.272019 0.000165 0.000030
959.272019 0.000167 0.000029
959.272020 0.000168 0.000030
959.272092 0.000001 0.000000
959.272115 0.000000 0.000000
959.271709 0.000295 0.000208
959.271719 0.000471 0.000283
959.272130 0.000044 0.000104
959.272490 0.000495 0.000213
959.271646 0.000496 0.000214
959.272225 0.000102 0.000070
959.272166 0.000044 0.000001
959.272166 0.000044 0.000001
959.272257 0.000004 0.000015
959.272099 0.000001 0.000000
959.272111 0.000000 0.000000
959.271985 0.000008 0.000014
959.272081 0.000047 0.000073
959.271875 0.000178 0.000133
959.272151 0.000006 0.000013
959.272279 0.000219 0.000094
959.272105 0.000000 0.000001
959.272091 0.000004 0.000005
959.271943 0.000125 0.000068
959.271943 0.000125 0.000068
959.272103 0.000001 0.000000
959.272109 0.000000 0.000000
959.271971 0.000116 0.000080
959.272108 0.000014 0.000029
959.272047 0.000078 0.000032
959.272014 0.000084 0.000044
959.272123 0.000083 0.000043
959.272116 0.000015 0.000006
959.272055 0.000035 0.000016
959.272054 0.000036 0.000016
959.272083 0.000006 0.000004
959.272080 0.000003 0.000002
959.272105 0.000000 0.000000
959.272085 0.000006 0.000006
959.272086 0.000017 0.000024
959.272086 0.000006 0.000002
959.272167 0.000067 0.000037
959.272050 0.000007 0.000003
959.272092 0.000033 0.000002
959.272040 0.000033 0.000016
959.272041 0.000031 0.000016
959.272091 0.000009 0.000006
959.272091 0.000009 0.000006
959.272103 0.000001 0.000001
959.272107 0.000000 0.000000
959.272083 0.000012 0.000005
959.272084 0.000016 0.000012
959.272087 0.000022 0.000012
959.272099 0.000006 0.000003
959.272053 0.000014 0.000005
959.272105 0.000000 0.000000
959.272067 0.000001 0.000001
959.272098 0.000010 0.000009
959.272097 0.000010 0.000009
959.272103 -0.000000 0.000001
959.272106 0.000000 0.000000
959.272067 0.000000 0.000001
959.272062 0.000001 0.000005
959.272045 0.000020 0.000015
959.272045 0.000021 0.000015
959.272095 0.000015 0.000006
959.272096 0.000015 0.000006
959.272104 0.000000 0.000000
959.272102 0.000001 0.000001
959.272061 0.000001 0.000002
959.272058 0.000001 0.000000
959.272033 0.000002 0.000006
959.271978 0.000059 0.000049
959.271977 0.000060 0.000049
959.272079 0.000019 0.000013
959.272104 0.000001 0.000000
959.272105 0.000000 0.000000
959.271992 0.000092 0.000062
959.272041 0.000004 0.000011
959.272087 0.000041 0.000014
959.272045 0.000057 0.000010
959.272076 0.000005 0.000012
959.272121 0.000014 0.000009
959.272060 0.000002 0.000001
959.272064 0.000001 0.000000
959.272110 0.000000 0.000002
959.272112 0.000002 0.000001
959.272032 0.000021 0.000007
959.272083 0.000010 0.000014
959.272063 0.000043 0.000019
959.272100 0.000000 0.000004
959.272084 0.000020 0.000008
959.272112 0.000007 0.000001
959.272034 0.000021 0.000006
959.272034 0.000021 0.000006
959.272077 0.000026 0.000007
959.272077 0.000026 0.000007
959.272116 0.000011 0.000001
959.272111 0.000012 0.000003
959.272048 0.000006 0.000007
959.272126 0.000017 0.000012
959.272068 0.000004 0.000008
959.272101 0.000003 0.000002
959.272054 0.000004 0.000001
959.272095 0.000007 0.000008
959.272094 0.000007 0.000008
959.272111 0.000005 0.000002
959.272109 0.000004 0.000003
959.272099 0.000006 0.000002
959.272058 0.000001 0.000001
959.272058 0.000000 0.000002
959.272103 0.000001 0.000001
959.272056 0.000002 0.000000
959.272103 -0.000000 0.000000
959.272100 0.000000 0.000000
959.272091 0.000001 0.000000
959.272064 0.000000 0.000000
959.272081 0.000002 0.000003
959.272009 0.000026 0.000023
959.272009 0.000026 0.000023
959.272069 0.000014 0.000002
959.272069 0.000014 0.000002
959.272074 0.000000 0.000000
959.272077 0.000021 0.000003
959.272034 0.000022 0.000012
959.272040 0.000018 0.000014
959.272042 0.000020 0.000016
959.272077 0.000016 0.000015
959.272061 0.000005 0.000001
959.272058 0.000001 0.000000
959.272059 0.000000 0.000001
959.272100 0.000001 0.000001
959.272069 0.000000 0.000000
959.272038 0.000000 0.000000
959.272006 0.000001 0.000000
959.272040 0.000001 0.000000
959.272065 0.000000 0.000000
959.271913 0.000002 0.000001
959.271959 0.000001 0.000001
959.271999 0.000004 0.000008
959.271999 0.000004 0.000008
959.271995 0.000020 0.000012
959.271995 0.000021 0.000013
959.272042 0.000000 0.000000
959.272034 0.000008 0.000001
959.271999 0.000035 0.000017
959.272030 0.000002 0.000011
959.272042 0.000024 0.000018
959.271971 0.000025 0.000017
959.272048 0.000009 0.000005
959.272005 0.000001 0.000000
959.272002 0.000003 0.000002
959.272006 0.000000 0.000000
959.272009 0.000003 0.000001
959.272004 0.000002 0.000001
959.272005 0.000001 0.000001
959.271971 0.000027 0.000016
959.271971 0.000027 0.000016
959.272052 0.000001 0.000000
959.272017 0.000001 0.000000
959.271998 0.000012 0.000003
959.271987 0.000015 0.000010
959.272007 0.000000 0.000003
959.272019 0.000009 0.000004
959.271992 0.000011 0.000004
959.272010 0.000006 0.000005
959.271997 0.000007 0.000003
959.271997 0.000007 0.000003
959.271990 0.000013 0.000010
959.271989 0.000014 0.000010
959.271995 0.000001 0.000000
959.271984 0.000001 0.000000
959.271991 0.000001 0.000000
959.271982 0.000000 0.000000
959.271970 0.000001 0.000000
959.271991 0.000000 0.000001
959.271991 0.000000 0.000000
959.272002 0.000001 -0.000000
959.271988 0.000000 0.000000
959.271968 0.000000 0.000001
959.271997 0.000000 0.000000
959.271977 0.000000 0.000000
959.271925 0.000000 0.000002
959.271964 0.000000 0.000001
959.271923 0.000002 0.000003
959.271961 0.000012 0.000008
959.271984 0.000017 0.000012
959.271938 0.000029 0.000009
959.271940 0.000027 0.000008
959.271974 0.000000 0.000000
959.271966 0.000000 0.000000
959.271962 0.000000 0.000000
959.271949 0.000001 0.000000
959.271955 -0.000000 0.000000
959.271942 0.000000 0.000000
959.271936 0.000000 0.000000
959.271915 -0.000000 0.000000
959.271913 0.000000 0.000000
959.271886 0.000001 0.000000
959.271885 0.000000 0.000000
959.271846 0.000001 0.000000
959.271867 0.000000 0.000000
959.271829 0.000000 0.000000
959.271836 0.000000 0.000000
959.271787 0.000000 0.000000
959.271724 0.000000 0.000001
959.271750 0.000000 0.000001
959.271851 0.000000 0.000000
959.271535 0.000001 0.000002
959.271660 0.000002 0.000000
959.271769 0.000001 0.000007
959.271700 0.000029 0.000013
959.271722 0.000030 0.000015
959.271784 0.000000 0.000000
959.271774 0.000002 0.000000
959.271721 0.000008 0.000002
959.271720 0.000008 0.000003
959.271775 0.000007 0.000002
959.271477 0.000213 0.000150
959.271764 0.000000 0.000001
959.271818 0.000000 0.000000
959.271839 0.000048 0.000053
959.271835 0.000079 0.000042
959.271877 0.000082 0.000042
959.271689 0.000016 0.000027
959.271759 0.000015 0.000025
959.271781 0.000002 0.000002
959.271721 0.000010 0.000019
959.271721 0.000010 0.000019
959.271766 0.000000 0.000000
959.271713 0.000003 0.000002
959.271622 0.000046 0.000032
959.271624 0.000044 0.000031
959.271769 0.000002 0.000001
959.271740 0.000000 0.000000
959.271701 0.000001 0.000000
959.271584 0.000002 0.000000
959.271661 0.000000 0.000002
959.271573 0.000023 0.000006
959.271573 0.000022 0.000006
959.271645 0.000140 0.000113
959.271646 0.000139 0.000112
959.271739 0.000000 0.000000
959.271716 0.000000 0.000000
959.271644 0.000000 0.000001
959.271431 0.000000 0.000003
959.271430 0.000001 0.000002
959.271429 0.000000 0.000002
959.271425 0.000001 0.000004
959.271424 0.000000 0.000004
959.271697 0.000000 0.000000
959.271663 0.000000 0.000000
959.271560 0.000001 0.000001
959.271425 0.000004 0.000005
959.271426 0.000006 0.000004
959.271426 0.000005 0.000004
959.271425 0.000004 0.000005
959.271645 0.000000 0.000000
959.271597 0.000000 0.000000
959.271455 0.000001 0.000000
959.271027 0.000002 0.000001
959.270581 0.000411 0.000173
959.270581 0.000412 0.000174
959.270476 0.000444 0.000186
959.270476 0.000444 0.000187
959.271572 0.000000 0.000000
959.271510 0.000001 0.000000
959.271498 0.000001 0.000000
959.270659 0.000427 0.000072
959.270659 0.000428 0.000072
959.270553 0.000521 0.000066
959.270553 0.000521 0.000065
959.271546 0.000000 0.000000
959.271488 0.000001 0.000000
959.271468 0.000000 0.000000
959.271234 0.000000 0.000002
959.271834 0.000025 0.000023
959.271837 0.000024 0.000021
959.271357 0.000001 0.000000
959.271185 0.000003 0.000001
959.271024 0.000005 0.000000
959.271780 0.000029 0.000028
959.271800 0.000027 0.000026
959.271824 0.000001 0.000002
959.271381 0.000000 0.000001
959.271346 0.000807 0.000326
959.274587 0.002593 0.001181
959.277771 0.007216 0.003592
959.267752 0.004144 0.002962
959.264943 0.007213 0.003592
959.271475 0.000008 0.000021
959.271574 0.000079 0.000002
959.271577 0.000079 0.000002
959.271318 0.000001 0.000000
959.271634 0.000000 0.000000
959.270868 0.000004 0.000000
959.270745 0.000022 0.000023
959.270745 0.000023 0.000023
959.271531 0.000084 0.000002
959.271677 0.000000 0.000001
959.271455 0.000000 0.000000
959.271416 0.000000 0.000001
959.270761 0.000033 0.000012
959.270761 0.000033 0.000013
959.271400 0.000103 0.000001
959.271383 0.000000 0.000001
959.271543 0.000000 0.000000
959.270303 0.000896 0.001827
959.273635 0.000851 0.000650
959.273841 0.002284 0.000562
959.277057 0.006125 0.003564
959.268795 0.002282 0.000561
959.271389 0.000060 0.000023
959.270168 0.001168 0.000059
959.270167 0.001168 0.000059
959.271253 0.000123 0.000002
959.271432 0.000000 0.000001
959.271518 0.000000 0.000000
959.269746 0.001521 0.000694
959.270137 0.001554 0.001098
959.271007 0.000023 0.000397
959.273347 0.002163 0.001388
959.269289 0.002161 0.001387
959.271551 0.000085 0.000047
959.270802 0.000063 0.000006
959.270801 0.000063 0.000006
959.271621 0.000090 0.000019
959.271625 0.000082 0.000029
959.271417 0.000000 0.000001
959.271512 0.000000 0.000000
959.271096 0.000288 0.000420
959.272179 0.000939 0.000528
959.272332 0.000718 0.000390
959.270157 0.001041 0.000622
959.272479 0.001043 0.000622
959.271253 0.000169 0.000089
959.271185 0.000002 0.000001
959.271186 0.000002 0.000001
959.271188 0.000015 0.000000
959.271190 0.000017 0.000001
959.271439 0.000000 0.000001
959.271498 0.000000 0.000000
959.271487 0.000012 0.000048
959.271149 0.000010 0.000047
959.271270 0.000227 0.000233
959.271610 0.000264 0.000092
959.271936 0.000428 0.000265
959.271158 0.000203 0.000032
959.271107 0.000150 0.000041
959.271106 0.000152 0.000042
959.271441 0.000115 0.000039
959.270909 0.000437 0.000345
959.271436 0.000000 0.000001
959.271493 0.000000 0.000000
959.271398 0.000126 0.000083
959.271521 0.000079 0.000092
959.271366 0.000024 0.000045
959.271194 0.000270 0.000138
959.271238 0.000124 0.000082
959.271458 0.000003 0.000000
959.271217 0.000082 0.000065
959.271216 0.000084 0.000066
959.271222 0.000256 0.000122
959.271223 0.000256 0.000121
959.271446 0.000000 0.000001
959.271485 0.000000 0.000000
959.271374 0.000067 0.000032
959.271382 0.000082 0.000058
959.271452 0.000015 0.000007
959.271179 0.000130 0.000080
959.271457 0.000132 0.000081
959.271463 0.000002 0.000007
959.271318 0.000001 0.000000
959.271444 0.000000 0.000002
959.271446 0.000000 0.000000
959.271423 0.000000 0.000001
959.271419 0.000000 0.000001
959.271302 0.000041 0.000010
959.271302 0.000040 0.000010
959.271380 0.000004 0.000002
959.271380 0.000004 0.000002
959.271428 0.000000 0.000001
959.271471 0.000000 0.000000
959.271361 0.000072 0.000035
959.271348 0.000008 0.000019
959.271371 0.000068 0.000066
959.271503 0.000086 0.000043
959.271288 0.000006 0.000018
959.271442 0.000007 0.000003
959.271316 0.000011 0.000003
959.271315 0.000009 0.000004
959.271450 0.000000 0.000000
959.271432 0.000000 0.000000
959.271414 0.000000 0.000000
959.271361 0.000000 0.000001
959.271302 0.000000 0.000000
959.271254 0.000002 0.000001
959.271403 0.000002 0.000009
959.271361 0.000009 0.000006
959.271320 0.000000 0.000000
959.271043 0.000234 0.000148
959.271255 0.000101 0.000066
959.271274 0.000054 0.000021
959.271494 0.000171 0.000069
959.271142 0.000169 0.000069
959.271307 0.000008 0.000005
959.271158 0.000095 0.000056
959.271157 0.000095 0.000057
959.271234 0.000024 0.000008
959.271231 0.000028 0.000010
959.271258 0.000000 0.000000
959.271172 0.000000 0.000000
959.270911 0.000000 0.000000
959.270128 0.000000 0.000000
959.267779 0.000001 0.000001
959.270600 0.000316 0.000262
959.270597 0.000315 0.000260
959.270980 0.001021 0.000561
959.270981 0.001019 0.000561
959.270215 0.000000 0.000000
959.269275 0.000760 0.000345
959.269513 0.000771 0.000517
959.269729 0.000222 0.000310
959.272294 0.000840 0.000468
959.270342 0.000838 0.000468
959.270755 0.000780 0.000523
959.270232 0.000151 0.000067
959.270220 0.000135 0.000074
959.271181 0.000011 0.000008
959.271180 0.000010 0.000007
959.269664 0.000000 0.000000
959.268910 0.000001 0.000000
959.266648 0.000002 0.000002
959.268272 0.000001 0.000001
959.268331 0.000048 0.000024
959.269648 0.000099 0.000116
959.269649 0.000099 0.000116
959.269094 0.000001 0.000000
959.270457 0.000000 0.000000
959.268139 0.000518 0.000333
959.268670 0.000774 0.000513
959.268844 0.001007 0.000574
959.269582 0.000073 0.000247
959.269682 0.000516 0.000332
959.269694 0.000028 0.000026
959.269974 0.000385 0.000351
959.269976 0.000385 0.000353
959.269548 0.000000 0.000000
959.269200 0.000001 0.000000
959.268578 0.000530 0.000220
959.268577 0.000530 0.000220
959.267742 0.000882 0.000338
959.267741 0.000883 0.000338
959.269345 0.000001 0.000000
959.269998 0.000000 0.000000
959.268419 0.000256 0.000082
959.268731 0.000831 0.000651
959.268794 0.000609 0.000279
959.269259 0.000502 0.000165
959.269402 0.000254 0.000082
959.269619 0.000110 0.000041
959.268912 0.000001 0.000000
959.268914 0.000002 0.000001
959.268846 0.000551 0.000377
959.268846 0.000551 0.000378
959.269932 0.000000 0.000000
959.269105 0.000482 0.000323
959.269316 0.000176 0.000050
959.269488 0.000034 0.000060
959.269193 0.000333 0.000097
959.268628 0.000334 0.000098
959.269728 0.000136 0.000041
959.268711 0.000200 0.000044
959.268712 0.000200 0.000043
959.269255 0.000279 0.000089
959.269253 0.000281 0.000090
959.269432 0.000001 0.000000
959.269856 0.000000 0.000000
959.269347 0.000220 0.000136
959.269404 0.000074 0.000064
959.269606 0.000069 0.000021
959.268722 0.000183 0.000080
959.269099 0.000182 0.000080
959.269539 0.000012 0.000006
959.268768 0.000118 0.000047
959.268768 0.000119 0.000047
959.269492 0.000079 0.000048
959.269491 0.000080 0.000049
959.269606 0.000000 0.000000
959.269563 0.000000 0.000000
959.268897 0.000016 0.000000
959.269425 0.000132 0.000061
959.269449 0.000088 0.000076
959.269572 0.000009 0.000012
959.268923 0.000017 0.000001
959.269605 0.000078 0.000072
959.268860 0.000034 0.000027
959.268836 0.000090 0.000037
959.269563 0.000026 0.000007
959.269563 0.000026 0.000007
959.269605 0.000011 0.000007
959.269589 0.000005 0.000003
959.268902 0.000017 0.000019
959.269485 0.000063 0.000041
959.269549 0.000015 0.000011
959.269541 0.000013 0.000003
959.268919 0.000015 0.000018
959.269549 0.000001 0.000000
959.269545 0.000005 0.000000
959.269545 0.000007 0.000000
959.269561 0.000005 0.000000
959.269549 0.000003 0.000000
959.269526 0.000021 0.000016
959.269537 0.000009 0.000003
959.269538 0.000016 0.000006
959.268895 0.000020 0.000011
959.268925 0.000018 0.000010
959.269550 0.000001 0.000001
959.268910 0.000002 0.000001
959.269543 0.000006 0.000006
959.269544 0.000006 0.000006
959.269557 0.000001 0.000001
959.269551 0.000001 0.000000
959.269555 0.000000 0.000000
959.269554 0.000000 0.000000
959.269561 0.000002 0.000001
959.269552 0.000000 0.000000
959.269540 0.000000 0.000000
959.269529 0.000001 0.000000
959.269540 0.000000 0.000000
959.269533 0.000000 0.000000
959.269524 0.000001 0.000000
959.269527 0.000001 0.000000
959.269543 0.000000 0.000000
959.269533 0.000000 0.000000
959.269531 0.000000 0.000000
959.269527 0.000000 0.000000
959.269522 0.000000 0.000000
959.269512 0.000001 0.000000
959.269522 0.000001 0.000001
959.269530 0.000000 0.000000
959.269519 0.000000 0.000000
959.269512 0.000000 0.000001
959.269515 0.000001 0.000001
959.269526 0.000000 0.000000
959.269517 0.000000 0.000000
959.269513 0.000000 0.000000
959.269509 0.000000 0.000000
959.269501 0.000000 0.000000
959.269500 0.000000 0.000000
959.269489 0.000000 0.000000
959.269483 0.000000 0.000000
959.269465 0.000000 0.000000
959.269457 0.000000 0.000000
959.269430 0.000000 0.000000
959.269422 0.000000 0.000000
959.269382 0.000001 0.000000
959.269388 0.000000 0.000000
959.269337 0.000000 0.000001
959.269361 0.000000 0.000000
959.269310 0.000000 0.000000
959.269317 0.000001 0.000000
959.269401 0.000000 -0.000000
959.269311 0.000000 0.000000
959.269271 0.000000 0.000000
959.269206 0.000000 0.000000
959.269163 0.000000 0.000000
959.269051 0.000001 0.000000
959.269142 0.000001 0.000000
959.269269 0.000000 0.000000
959.269115 0.000000 0.000001
959.269261 0.000000 0.000000
959.269036 0.000001 0.000001
959.268911 0.000000 0.000000
959.268914 0.000003 0.000000
959.268895 0.000018 0.000012
959.268925 0.000016 0.000008
959.268895 0.000018 0.000012
959.268914 0.000005 0.000001
959.268913 0.000002 0.000001
959.268911 0.000001 0.000001
959.268912 0.000001 0.000000
959.268912 0.000000 0.000000
959.268910 0.000001 0.000001
959.268912 0.000000 0.000000
959.268913 0.000001 0.000000
959.268911 0.000000 0.000000
959.268911 0.000000 0.000000
959.268910 0.000001 0.000001
959.268911 0.000000 0.000000
959.268911 0.000000 0.000001
959.268911 0.000000 0.000000
959.268890 0.000019 0.000011
959.268902 0.000012 0.000009
959.268911 0.000004 0.000003
959.268904 0.000013 0.000005
959.268917 0.000012 0.000004
959.268915 0.000003 0.000004
959.268906 0.000003 0.000001
959.268904 0.000004 0.000000
959.268907 0.000004 0.000001
959.268910 0.000002 0.000000
959.268908 0.000003 0.000001
959.268898 0.000013 0.000009
959.268920 0.000009 0.000006
959.268901 0.000010 0.000007
959.268912 0.000000 0.000000
959.268906 0.000003 0.000003
959.268906 0.000002 0.000002
959.268905 0.000007 0.000006
959.268905 0.000007 0.000006
959.268906 0.000005 0.000004
959.268913 0.000000 0.000000
959.268909 0.000002 0.000000
959.268913 0.000002 0.000002
959.268908 0.000004 0.000003
959.268912 0.000001 0.000000
959.268910 0.000001 0.000000
959.268912 0.000001 0.000001
959.268911 0.000001 0.000000
959.268911 0.000000 0.000001
959.268911 0.000000 0.000000
959.268913 0.000002 0.000001
959.268909 0.000002 0.000000
959.268912 0.000001 0.000001
959.268911 0.000001 0.000001
959.268911 0.000000 0.000000
959.268910 0.000001 0.000000
959.268910 0.000001 0.000000
959.268910 0.000001 0.000000
959.268910 0.000000 0.000000
959.268911 0.000001 0.000001
959.268910 0.000001 0.000000
959.268910 0.000002 0.000000
959.268909 0.000001 0.000001
959.268910 0.000000 0.000000
959.268910 0.000000 0.000000
959.268909 0.000000 0.000000
959.268908 0.000001 0.000000
959.268909 0.000001 0.000000
959.268910 0.000000 0.000000
959.268905 0.000001 0.000000
959.268895 0.000003 0.000000
959.268905 0.000000 0.000001
959.268902 0.000003 0.000001
959.268910 0.000000 0.000000
959.268899 0.000005 0.000002
959.268899 0.000008 0.000005
959.268903 0.000008 0.000005
959.268906 0.000004 0.000000
959.268911 0.000003 0.000001
959.268910 0.000000 0.000000
959.268905 0.000001 0.000001
959.268909 0.000001 0.000001
959.268906 0.000003 0.000001
959.268905 0.000005 0.000004
959.268909 0.000002 0.000001
959.268907 0.000000 -0.000000
959.268912 0.000002 0.000001
959.268911 0.000001 -0.000000
959.268910 0.000000 0.000000
959.268908 0.000001 0.000000
959.268909 0.000000 0.000000
959.268910 0.000000 0.000002
959.268901 0.000005 0.000001
959.268897 0.000011 0.000007
959.268896 0.000010 0.000007
959.268913 0.000007 0.000006
959.268907 0.000000 0.000000
959.268906 0.000000 0.000000
959.268903 0.000001 0.000000
959.268895 0.000001 0.000001
959.268875 0.000017 0.000015
959.268875 0.000017 0.000015
959.268875 0.000017 0.000015
959.268904 0.000000 0.000000
959.268901 0.000000 0.000001
959.268893 0.000000 0.000002
959.268897 0.000000 0.000001
959.268878 0.000000 0.000003
959.268895 0.000008 0.000004
959.268898 0.000010 0.000004
959.268921 0.000002 0.000001
959.268923 0.000004 0.000003
959.268904 0.000001 0.000000
959.268906 0.000000 0.000000
959.268934 0.000007 0.000008
959.268896 0.000025 0.000003
959.268995 0.000070 0.000053
959.268800 0.000071 0.000051
959.269037 0.000131 0.000085
959.268903 0.000003 0.000001
959.268921 0.000001 0.000002
959.268917 0.000006 0.000002
959.268919 0.000008 0.000003
959.268904 0.000000 0.000000
959.268860 0.000049 0.000031
959.268890 0.000017 0.000003
959.268933 0.000015 0.000014
959.268917 0.000019 0.000027
959.268878 0.000019 0.000025
959.268908 0.000005 0.000004
959.268887 0.000007 0.000001
959.268886 0.000007 0.000002
959.268908 0.000004 0.000003
959.268911 0.000005 0.000004
959.268903 0.000001 0.000000
959.268905 0.000000 0.000000
959.268889 0.000005 0.000001
959.268891 0.000010 0.000003
959.268885 0.000021 0.000013
959.268908 0.000000 0.000005
959.268906 0.000004 0.000001
959.268904 0.000000 0.000000
959.268888 0.000008 0.000002
959.268888 0.000008 0.000001
959.268885 0.000013 0.000009
959.268885 0.000014 0.000010
959.268902 0.000000 0.000001
959.268904 0.000000 0.000000
959.268897 0.000009 0.000003
959.268898 0.000004 0.000001
959.268886 0.000010 0.000007
959.268894 0.000009 0.000007
959.268908 0.000009 0.000009
959.268904 0.000000 0.000001
959.268893 0.000005 0.000004
959.268893 0.000005 0.000003
959.268900 0.000002 0.000002
959.268899 0.000004 0.000002
959.268903 0.000000 0.000000
959.268901 0.000000 0.000001
959.268901 0.000001 0.000001
959.268904 0.000001 0.000001
959.268903 0.000001 0.000000
959.268904 0.000000 0.000000
959.268900 0.000002 0.000003
959.268895 0.000007 0.000003
959.268896 0.000009 0.000005
959.268902 0.000003 0.000001
959.268893 0.000004 0.000001
959.268903 0.000000 0.000001
959.268895 0.000001 0.000001
959.268902 0.000001 0.000000
959.268902 0.000002 0.000002
959.268904 0.000000 0.000002
959.268897 0.000002 0.000001
959.268898 0.000001 0.000001
959.268909 0.000006 0.000004
959.268903 0.000000 0.000000
959.268902 0.000000 0.000000
959.268898 0.000001 0.000002
959.268897 0.000001 0.000001
959.268902 0.000001 0.000000
959.268901 0.000000 0.000000
959.268900 0.000000 0.000000
959.268896 0.000000 0.000000
959.268885 0.000001 0.000002
959.268912 0.000002 0.000002
959.268912 0.000002 0.000002
959.268914 0.000003 0.000003
959.268897 0.000000 0.000000
959.268897 0.000007 0.000004
959.268871 0.000025 0.000014
959.268890 0.000003 0.000008
959.268882 0.000014 0.000004
959.268913 0.000014 0.000007
959.268901 0.000006 0.000005
959.268902 0.000001 0.000001
959.268904 0.000001 0.000001
959.268894 0.000000 0.000001
959.268899 0.000000 0.000000
959.268887 0.000001 0.000001
959.268883 0.000004 0.000003
959.268903 0.000000 0.000001
959.268895 0.000000 0.000000
959.268892 0.000000 0.000001
959.268885 0.000001 0.000001
959.268891 0.000001 0.000000
959.268878 0.000003 0.000000
959.268884 0.000014 0.000003
959.268886 0.000015 0.000003
959.268884 0.000014 0.000002
959.268885 0.000015 0.000003
959.268892 0.000000 0.000001
959.268898 0.000000 0.000000
959.268784 0.000128 0.000068
959.268806 0.000068 0.000058
959.268926 0.000014 0.000010
959.268804 0.000077 0.000036
959.268977 0.000078 0.000035
959.268905 0.000010 0.000006
959.268854 0.000013 0.000019
959.268851 0.000016 0.000021
959.268916 0.000010 0.000003
959.268919 0.000010 0.000002
959.268894 0.000000 0.000001
959.268897 0.000000 0.000000
959.268892 0.000009 0.000010
959.268919 0.000017 0.000020
959.268856 0.000020 0.000018
959.268925 0.000022 0.000017
959.268961 0.000071 0.000038
959.268851 0.000051 0.000044
959.268872 0.000002 0.000005
959.268883 0.000004 0.000002
959.268895 0.000000 0.000000
959.268884 0.000012 0.000011
959.268887 0.000001 0.000004
959.268870 0.000015 0.000011
959.268873 0.000022 0.000010
959.268911 0.000016 0.000010
959.268896 0.000001 0.000000
959.268880 0.000009 0.000007
959.268879 0.000010 0.000008
959.268893 0.000003 0.000002
959.268891 0.000004 0.000003
959.268894 0.000000 0.000001
959.268896 0.000000 0.000000
959.268891 0.000000 0.000001
959.268880 0.000015 0.000009
959.268887 0.000006 0.000004
959.268892 0.000003 0.000005
959.268894 0.000007 0.000003
959.268898 0.000001 0.000000
959.268895 0.000000 0.000001
959.268895 0.000001 0.000001
959.268882 0.000007 0.000007
959.268882 0.000007 0.000007
959.268895 0.000000 0.000001
959.268896 0.000000 0.000000
959.268894 0.000000 0.000000
959.268891 0.000001 0.000003
959.268887 0.000002 0.000001
959.268897 0.000000 0.000000
959.268898 0.000001 0.000000
959.268893 0.000000 0.000000
959.268891 0.000000 0.000000
959.268886 0.000001 0.000001
959.268891 0.000001 0.000000
959.268907 0.000000 0.000002
959.268891 0.000000 0.000001
959.268894 0.000000 0.000000
959.268891 0.000005 0.000000
959.268873 0.000017 0.000008
959.268879 0.000013 0.000011
959.268874 0.000019 0.000012
959.268907 0.000021 0.000011
959.268892 0.000001 0.000000
959.268895 0.000001 0.000001
959.268895 0.000001 0.000001
959.268892 0.000000 0.000001
959.268893 0.000000 0.000000
959.268884 0.000004 0.000003
959.268878 0.000015 0.000008
959.268890 0.000002 0.000004
959.268895 0.000002 0.000002
959.268886 0.000001 0.000003
959.268892 0.000001 0.000001
959.268890 0.000000 0.000001
959.268887 0.000003 0.000002
959.268886 0.000004 0.000000
959.268888 0.000000 0.000000
959.268878 0.000002 0.000003
959.268889 0.000000 0.000000
959.268893 0.000001 0.000000
959.268886 0.000000 0.000000
959.268883 0.000001 0.000000
959.268884 0.000001 0.000000
959.268890 0.000000 0.000000
959.268886 0.000001 0.000000
959.268889 0.000000 0.000000
959.268880 0.000001 0.000002
959.268872 0.000001 0.000000
959.268841 0.000004 0.000001
959.268920 0.000006 0.000004
959.268923 0.000007 0.000005
959.268927 0.000010 0.000006
959.268930 0.000011 0.000007
959.268887 0.000000 -0.000000
959.268793 0.000075 0.000028
959.268818 0.000052 0.000022
959.268911 0.000017 0.000020
959.268962 0.000078 0.000044
959.268952 0.000072 0.000029
959.268894 0.000001 0.000016
959.268855 0.000019 0.000005
959.268855 0.000019 0.000005
959.268873 0.000003 0.000001
959.268874 0.000004 0.000000
959.268885 0.000000 0.000001
959.268888 0.000000 0.000000
959.268887 0.000006 0.000000
959.268852 0.000029 0.000014
959.268873 0.000014 0.000011
959.268912 0.000035 0.000018
959.268833 0.000038 0.000018
959.268892 0.000005 0.000003
959.268865 0.000006 0.000004
959.268866 0.000013 0.000004
959.268864 0.000014 0.000005
959.268886 0.000000 0.000000
959.268875 0.000012 0.000008
959.268879 0.000009 0.000003
959.268872 0.000011 0.000005
959.268854 0.000016 0.000008
959.268891 0.000013 0.000009
959.268888 0.000001 0.000001
959.268857 0.000014 0.000005
959.268857 0.000014 0.000005
959.268891 0.000000 0.000001
959.268885 0.000001 0.000000
959.268887 0.000000 0.000000
959.268885 0.000000 0.000000
959.268883 0.000001 0.000000
959.268873 0.000001 0.000002
959.268891 0.000000 0.000000
959.268885 0.000000 0.000000
959.268892 0.000004 0.000000
959.268880 0.000002 0.000001
959.268863 0.000022 0.000012
959.268867 0.000007 0.000001
959.268878 0.000004 0.000001
959.268886 0.000000 0.000000
959.268861 0.000013 0.000007
959.268861 0.000014 0.000006
959.268873 0.000014 0.000007
959.268873 0.000015 0.000007
959.268885 0.000000 0.000000
959.268884 0.000000 0.000000
959.268883 0.000001 0.000000
959.268884 0.000000 0.000000
959.268885 0.000001 0.000000
959.268885 0.000000 0.000000
959.268879 0.000000 0.000001
959.268878 0.000005 0.000001
959.268878 0.000005 0.000000
959.268889 0.000001 0.000001
959.268881 0.000002 0.000003
959.268867 0.000015 0.000007
959.268877 0.000009 0.000005
959.268861 0.000012 0.000008
959.268884 0.000009 0.000008
959.268886 0.000001 0.000001
959.268858 0.000011 0.000005
959.268858 0.000011 0.000005
959.268880 0.000004 0.000000
959.268879 0.000005 0.000001
959.268865 0.000008 0.000002
959.268873 0.000010 0.000006
959.268886 0.000001 0.000000
959.268878 0.000006 0.000001
959.268880 0.000005 0.000003
959.268886 0.000003 0.000002
959.268868 0.000003 0.000002
959.268869 0.000003 0.000002
959.268883 0.000002 0.000000
959.268883 0.000003 0.000001
959.268880 0.000003 0.000002
959.268881 0.000004 0.000001
959.268886 0.000001 0.000000
959.268875 0.000000 0.000002
959.268870 0.000003 0.000001
959.268883 0.000001 0.000000
959.268873 0.000001 0.000001
959.268884 0.000000 0.000000
959.268884 0.000001 0.000000
959.268883 0.000000 -0.000000
959.268881 0.000000 0.000000
959.268883 0.000000 0.000000
959.268881 0.000000 0.000000
959.268879 0.000000 0.000000
959.268877 0.000000 0.000001
959.268878 0.000000 0.000000
959.268876 0.000000 0.000000
959.268877 0.000000 0.000000
959.268873 0.000000 0.000000
959.268869 0.000000 0.000000
959.268869 0.000000 0.000001
959.268877 0.000000 0.000000
959.268872 0.000000 0.000000
959.268868 0.000000 0.000001
959.268875 0.000000 0.000000
959.268868 0.000000 0.000000
959.268864 0.000000 0.000001
959.268865 0.000000 0.000000
959.268860 0.000000 0.000000
959.268860 0.000000 0.000000
959.268855 0.000000 0.000000
959.268848 -0.000000 0.000001
959.268848 0.000000 0.000000
959.268839 0.000000 0.000000
959.268843 0.000000 0.000000
959.268832 0.000000 0.000001
959.268853 0.000000 0.000000
959.268834 0.000000 0.000000
959.268824 0.000000 0.000000
959.268818 0.000000 0.000000
959.268800 0.000001 0.000000
959.268811 0.000000 0.000000
959.268795 0.000001 0.000000
959.268796 0.000001 0.000001
959.268828 0.000000 0.000000
959.268807 0.000000 0.000000
959.268748 0.000001 0.000000
959.268605 0.000003 0.000001
959.268795 0.000001 0.000001
959.268801 0.000002 0.000002
959.268800 0.000001 0.000000
959.268818 0.000000 0.000000
959.268810 0.000004 0.000001
959.268751 0.000003 0.000002
959.268810 0.000002 0.000000
959.268744 0.000001 0.000001
959.268796 0.000010 0.000006
959.268801 0.000004 0.000001
959.268809 0.000002 0.000002
959.268809 0.000003 0.000003
959.268745 0.000000 0.000001
959.268737 0.000005 0.000005
959.268746 0.000000 0.000001
959.268806 0.000000 0.000000
959.268804 0.000003 -0.000000
959.268744 0.000001 0.000001
959.268807 0.000000 0.000001
959.268808 0.000000 0.000001
959.268816 0.000000 0.000000
959.268804 0.000000 0.000000
959.268801 0.000000 0.000001
959.268808 0.000000 0.000000
959.268803 0.000000 0.000000
959.268800 0.000001 0.000001
959.268744 0.000001 0.000002
959.268800 0.000000 0.000000
959.268791 0.000000 0.000001
959.268740 0.000002 0.000004
959.268740 0.000002 0.000004
959.268795 0.000000 0.000000
959.268780 0.000001 0.000001
959.268743 0.000000 0.000002
959.268743 0.000001 0.000003
959.268792 0.000000 0.000000
959.268781 0.000001 0.000000
959.268753 0.000006 0.000003
959.268750 0.000003 0.000001
959.268698 0.000063 0.000033
959.268698 0.000063 0.000033
959.268788 0.000001 0.000001
959.268799 0.000000 0.000000
959.268634 0.000134 0.000059
959.268697 0.000085 0.000056
959.268789 0.000012 0.000015
959.268827 0.000009 0.000017
959.268701 0.000013 0.000018
959.268759 0.000006 0.000016
959.268686 0.000063 0.000032
959.268686 0.000063 0.000032
959.268636 0.000143 0.000054
959.268636 0.000143 0.000054
959.268791 0.000001 0.000000
959.268798 0.000000 0.000000
959.268782 0.000041 0.000017
959.268859 0.000061 0.000020
959.268815 0.000009 0.000009
959.268888 0.000082 0.000046
959.268708 0.000041 0.000019
959.268660 0.000113 0.000056
959.268732 0.000011 0.000013
959.268731 0.000011 0.000013
959.268784 0.000009 0.000009
959.268783 0.000009 0.000009
959.268790 0.000001 0.000000
959.268797 0.000000 0.000000
959.268756 0.000028 0.000016
959.268795 0.000008 0.000003
959.268756 0.000006 0.000007
959.268804 0.000014 0.000002
959.268734 0.000006 0.000009
959.268790 0.000003 0.000002
959.268745 0.000000 0.000002
959.268763 0.000020 0.000011
959.268763 0.000020 0.000011
959.268791 0.000001 0.000000
959.268796 0.000000 0.000000
959.268751 0.000003 0.000000
959.268780 0.000008 0.000006
959.268773 0.000017 0.000008
959.268782 0.000006 0.000003
959.268739 0.000004 0.000002
959.268794 0.000002 0.000001
959.268750 0.000006 0.000000
959.268750 0.000005 0.000000
959.268787 0.000003 0.000003
959.268787 0.000003 0.000002
959.268792 0.000001 0.000000
959.268796 0.000000 0.000000
959.268783 0.000007 0.000004
959.268789 0.000001 0.000001
959.268792 0.000002 0.000000
959.268745 0.000000 0.000002
959.268745 0.000000 0.000000
959.268745 0.000000 0.000002
959.268741 0.000000 0.000002
959.268740 0.000003 0.000002
959.268742 0.000003 0.000004
959.268743 0.000001 0.000002
959.268746 0.000000 0.000000
959.268729 0.000014 0.000006
959.268734 0.000010 0.000007
959.268750 0.000002 0.000002
959.268728 0.000014 0.000009
959.268762 0.000014 0.000007
959.268745 0.000000 0.000000
959.268726 0.000018 0.000009
959.268726 0.000019 0.000009
959.268743 0.000001 0.000003
959.268742 0.000002 0.000004
959.268746 0.000000 0.000000
959.268746 0.000000 0.000000
959.268738 0.000007 0.000003
959.268739 0.000005 0.000004
959.268738 0.000006 0.000003
959.268743 0.000002 0.000003
959.268747 0.000002 0.000000
959.268747 0.000001 0.000000
959.268745 0.000001 0.000001
959.268745 0.000000 0.000000
959.268743 0.000003 0.000002
959.268744 0.000001 0.000001
959.268746 0.000000 0.000000
959.268746 0.000001 0.000000
959.268744 0.000002 0.000001
959.268746 0.000001 0.000001
959.268748 0.000002 0.000000
959.268749 0.000003 0.000001
959.268738 0.000006 0.000003
959.268746 0.000000 0.000000
959.268748 0.000002 0.000001
959.268745 0.000000 0.000001
959.268744 0.000001 0.000001
959.268745 0.000000 0.000001
959.268746 0.000001 0.000000
959.268747 0.000001 0.000000
959.268745 0.000000 0.000001
959.268744 0.000001 0.000001
959.268745 0.000000 0.000000
959.268745 -0.000000 0.000000
959.268745 0.000001 0.000001
959.268745 0.000001 0.000001
959.268745 0.000000 0.000000
959.268744 0.000001 0.000001
959.268746 0.000000 0.000000
959.268746 0.000000 0.000000
959.268745 0.000000 0.000001
959.268745 0.000000 0.000001
959.268745 0.000000 0.000000
959.268746 0.000000 0.000000
959.268745 0.000001 0.000001
959.268745 0.000000 0.000000
959.268745 0.000000 0.000000
959.268745 0.000000 0.000001
959.268745 0.000000 0.000001
959.268745 0.000000 0.000000
959.268745 0.000000 0.000000
959.268745 0.000000 0.000000
959.268745 0.000000 0.000000
959.268745 0.000000 0.000000
959.268745 0.000000 0.000000
959.268745 0.000000 0.000001
959.268745 0.000000 0.000001
959.268745 0.000001 0.000001
959.268745 0.000000 0.000000
959.268745 0.000000 0.000000
959.268745 0.000000 0.000000
959.268745 0.000000 0.000000
959.268745 0.000000 0.000000
959.268745 0.000000 0.000001
959.268745 0.000000 0.000001
959.268745 0.000000 0.000000
959.268745 0.000000 0.000000
959.268745 0.000000 0.000000
959.268745 0.000000 0.000000
959.268745 0.000000 0.000000
959.268745 0.000000 0.000000
959.268745 0.000000 0.000001
959.268745 0.000000 0.000001
959.268745 0.000000 0.000000
959.268745 0.000000 0.000000
959.268745 0.000000 0.000000
959.268745 0.000000 0.000000
959.268745 0.000000 0.000000
959.268745 0.000000 0.000000
959.268745 0.000000 0.000001
959.268745 0.000000 0.000001
959.268745 0.000000 0.000000
959.268745 0.000000 0.000000
959.268745 0.000000 0.000000
959.268745 0.000000 0.000000
959.268745 0.000000 0.000000
959.268745 0.000000 0.000000
959.268745 0.000000 0.000001
959.268745 0.000000 0.000001
959.268745 0.000000 0.000000
959.268745 0.000000 0.000000
959.268745 0.000000 0.000000
959.268745 0.000000 0.000000
959.268745 0.000000 0.000000
959.268745 0.000000 0.000000
959.268745 0.000000 0.000001
959.268745 0.000000 0.000001
959.268745 0.000000 0.000000
959.268745 0.000000 0.000000
959.268745 0.000000 0.000000
959.268745 0.000000 0.000000
959.268745 0.000000 0.000000
959.268745 0.000000 0.000000
959.268745 0.000000 0.000001
959.268745 0.000000 0.000001
959.268745 0.000000 0.000000
959.268745 0.000000 0.000000
959.268745 0.000000 0.000000
959.268745 0.000000 0.000000
959.268745 0.000000 0.000000
959.268745 0.000000 0.000000
959.268745 0.000000 0.000001
959.268745 0.000000 0.000001
959.268745 0.000000 0.000000
959.268745 0.000000 0.000000
959.268745 0.000000 0.000000
959.268745 0.000000 0.000000
959.268745 0.000000 0.000000
959.268745 0.000000 0.000000
959.268745 0.000000 0.000001
959.268745 0.000000 0.000001
959.268745 0.000000 0.000000
959.268745 0.000000 0.000000
959.268745 0.000000 0.000000
959.268745 0.000000 0.000000
959.268745 0.000000 0.000000
959.268745 0.000000 0.000000
959.268745 0.000000 0.000001
959.268745 0.000000 0.000001
959.268745 0.000000 0.000000
959.268745 0.000000 0.000000
959.268745 0.000000 0.000000
959.268745 0.000000 0.000000
959.268745 0.000000 0.000000
959.268745 0.000000 0.000000
959.268745 0.000000 0.000001
959.268745 0.000000 0.000001
959.268745 0.000000 0.000000
959.268745 0.000000 0.000000
959.268745 0.000000 0.000000
959.268745 0.000000 0.000000
959.268745 0.000000 0.000000
959.268745 0.000000 0.000000
959.268745 0.000000 0.000001
959.268745 0.000000 0.000001
959.268745 0.000000 0.000000
959.268745 0.000000 0.000000
959.268745 0.000000 0.000000
959.268745 0.000000 0.000000
959.268745 0.000000 0.000000
959.268745 0.000000 0.000000
959.268745 0.000000 0.000001
959.268745 0.000000 0.000001
959.268745 0.000000 0.000000
959.268745 0.000000 0.000000
959.268745 0.000000 0.000000
959.268745 0.000000 0.000000
959.268745 0.000000 0.000000
959.268745 0.000000 0.000000
959.268745 0.000000 0.000001
959.268745 0.000000 0.000001
959.268745 0.000000 0.000000
959.268745 0.000000 0.000000
959.268745 0.000000 0.000000
959.268745 0.000000 0.000000
959.268745 0.000000 0.000000
959.268745 0.000000 0.000000
959.268745 0.000000 0.000000
