-21.014539 1.298188 0.498706 0.398447
-26.434616 1.125915 0.498706 0.117277
-205.269723 4.075500 0.498706 10.250508
-38.300682 0.615306 0.498706 0.117277
-4978.626351 811.007378 0.498706 0.117277
-1867.342084 297.514476 0.326433 0.755920
-295.165218 39.330028 0.562081 0.991569
-686.981567 108.358598 0.562081 0.675264
-274.324602 39.393403 0.498706 0.416301
-58.871308 3.948749 0.498706 0.117277
-65.128580 4.075500 0.154160 0.117277
-64.690662 4.247773 0.498706 0.054996
-59.721327 4.075500 0.498706 0.149168
-39.810978 0.615306 0.326433 0.117277
-75.068988 0.615306 4.874983 0.117277
-4976.526910 811.052900 0.018113 0.686996
-35.986966 0.551930 0.453184 0.203967
-43.268631 0.959852 0.326433 0.117277
-41.268354 0.615306 0.453184 0.118372
-36.442828 0.551930 0.516560 0.140591
-1852.978118 297.468954 0.326433 0.117277
-46.178321 0.959852 0.326433 0.054996
-52.515520 0.615306 1.414788 0.117277
-51.131915 0.439834 0.389808 1.163842
-44.463517 0.615306 0.154160 0.054996
-174.478043 0.615306 5.047256 5.256412
-31.999432 0.802234 0.516560 0.227269
-18.675151 1.442794 0.516560 0.384817
-293.199888 38.985482 0.048273 0.819296
-27.302870 1.125915 0.498706 0.053901
-38.038339 0.615306 0.389808 0.180652
-1858.408551 297.468954 0.154160 0.054996
-46.401587 0.959852 0.326433 0.054996
-50.225275 0.376458 1.523685 0.054996
-49.231848 0.615306 0.190386 0.054996
-51.282346 0.787579 0.486399 0.054996
-47.749381 0.615306 0.154160 0.290645
-68.230139 3.948749 0.314127 0.008379
-93.368218 0.615306 0.154160 3.537438
-52.521505 0.787579 0.314127 0.227269
-27.359229 1.424939 0.389808 0.023105
-299.512628 40.049272 0.018113 0.257422
-314.499003 40.064070 0.102040 1.317690
-63.504064 4.203447 0.137842 0.212544
-32.428689 0.612233 0.390750 0.028310
-125.289905 13.479498 0.148084 0.057022
-60.453438 0.805547 0.100730 0.988858
-46.177734 0.618523 0.028969 0.049109
-53.906986 0.618523 0.539091 0.049109
-73.760583 4.050303 1.207340 0.047872
-86.429109 4.050303 1.130462 0.888700
-34.169471 0.419550 0.470505 0.232061
-79.526546 4.884579 0.134902 0.126920
-28.397917 0.853385 0.470505 0.059788
-75.400966 4.619582 0.134902 0.049109
-127.011130 13.484502 0.028969 0.049109
-57.701413 0.995516 0.539091 0.049109
-43.884096 0.497953 0.028969 0.011176
-49.891628 0.618523 0.439317 0.049109
-53.737349 0.340164 0.028969 0.986312
-49.129219 0.782394 0.134902 0.049109
-58.407885 0.618523 0.439317 0.517395
-54.841617 0.618523 0.539091 0.112485
-59.607635 0.618523 0.028969 0.985682
-47.522589 0.789082 0.237947 0.219668
-44.654840 0.618523 0.201242 0.049109
-42.568673 0.431278 0.028969 0.044513
-61.963901 4.015972 0.201242 0.185909
-118.058829 13.301187 0.237947 0.182818
-57.884668 0.661824 0.702962 0.224473
-37.446228 0.558238 0.470505 0.123164
-58.071726 0.608227 0.478806 0.395032
-36.950953 0.555778 0.410220 0.185909
-47.764252 0.661824 0.134902 0.052200
-68.268642 4.077664 0.134902 0.033353
-42.448291 0.618523 0.201242 0.059788
-43.496575 0.431278 0.028969 0.018862
-67.061402 0.431278 0.028969 1.932356
-74.659194 1.286474 0.530689 2.867215
-67.936065 4.061346 0.134902 0.041512
-83.943394 3.990390 0.530689 0.719313
-42.039906 0.292590 0.028969 0.018862
-41.975246 0.431278 0.201242 0.018862
-73.642148 3.891473 0.539091 0.018862
-127.486155 13.461128 0.134902 0.018862
-46.844809 0.841657 0.439317 0.487149
-79.461114 3.891473 0.028969 0.955435
-65.674596 3.889264 0.028969 0.017758
-45.852506 0.431278 0.028969 0.191135
-39.033877 0.671098 0.028969 0.189421
-121.684752 13.611505 0.201242 0.216156
-41.180345 0.215895 0.028969 0.018862
-28.276212 0.948974 0.261527 0.219605
-65.235121 3.877284 0.028969 0.013636
-47.910554 0.607840 0.028969 0.192422
-139.223543 13.252650 0.134902 0.955435
-41.303448 0.221898 0.028969 0.021864
-48.898416 0.215895 0.539091 0.018862
-36.531747 0.215895 0.201242 0.153411
-115.280062 13.028494 0.089254 0.325684
-45.465629 0.386454 0.028969 0.189421
-44.876261 0.215895 0.439317 0.018862
-66.389670 3.839961 0.134902 0.018862
-43.530874 0.215895 0.028969 0.191135
-120.524981 13.019049 0.089254 0.018862
-29.097506 1.525326 0.028969 0.018862
-41.128985 0.211877 0.028969 0.018862
-121.367145 13.248415 0.201242 0.017148
-41.128999 0.211878 0.028969 0.018862
-63.401599 3.678075 0.028969 0.021864
-38.191295 0.211877 0.237947 0.018862
-40.203179 0.211877 0.028969 0.044513
-44.824634 0.211877 0.439317 0.018862
-44.073812 0.375748 0.134902 0.018862
-120.004849 13.015111 0.028969 0.043883
-54.540641 0.211877 0.028969 0.955435
-80.225378 3.842631 0.439317 0.657707
-31.809667 1.358785 0.201242 0.189421
-41.128977 0.211877 0.028969 0.018862
-64.790889 3.848634 0.237947 0.192422
-26.344007 1.123802 0.201242 0.216156
-36.480495 0.211877 0.201242 0.153411
-38.431617 1.126011 0.539091 0.044987
-32.505595 1.061057 0.028969 0.018862
-29.002098 1.531552 0.028969 0.017758
-39.736390 0.217880 0.201242 0.021864
-43.890326 0.211877 0.439317 0.044513
-121.742108 13.077856 0.028969 0.018862
-41.128980 0.211877 0.028969 0.018862
-48.846890 0.211877 0.539091 0.018862
-39.987390 0.151592 0.089254 0.018862
-53.340891 0.211877 0.439317 0.487149
-67.281395 3.607118 1.007377 0.452909
-36.039132 0.211877 0.028969 0.325684
-43.843316 0.380228 0.201242 0.188317
-39.309068 0.118255 0.122592 0.018862
-41.145906 0.288813 0.294865 0.126045
-59.993643 3.589609 0.283705 0.018862
-119.772203 12.984234 0.122592 0.018862
-39.309082 0.118256 0.122592 0.018862
-39.432082 0.124257 0.122592 0.021864
-42.992101 0.118255 0.345695 0.018862
-47.019120 0.118255 0.445468 0.018862
-46.011741 0.985225 0.344590 0.594332
-32.597112 0.985225 0.295969 0.189421
-52.708108 0.118255 0.122592 0.955435
-76.369320 3.577345 0.344590 0.659422
-80.814124 3.749008 0.345695 0.829980
-21.010134 1.622966 0.294865 0.325684
-39.268029 0.116508 0.124338 0.018862
-33.745261 0.118254 0.294865 0.216786
-84.129180 4.218646 1.048636 0.361028
-39.002663 0.291815 0.291863 0.017148
-39.309063 0.118254 0.122592 0.018862
-39.262710 0.116046 0.122592 0.017758
-53.867910 3.578449 0.294865 0.325684
-39.374851 0.121256 0.119590 0.018862
-39.309060 0.118254 0.122592 0.018862
-39.034584 0.293712 0.295969 0.020149
-76.215167 3.773197 0.603188 0.361028
-39.002663 0.291815 0.291863 0.017148
-119.772197 12.984233 0.122592 0.018862
-39.432075 0.124257 0.122592 0.021864
-42.992096 0.118254 0.345695 0.018862
-47.019114 0.118254 0.445468 0.018862
-39.374846 0.121256 0.119590 0.018862
-41.459630 0.310796 0.134902 0.108363
-84.129180 4.218646 1.048636 0.361028
-34.731300 0.121256 0.291863 0.153411
-119.842823 12.987235 0.119590 0.018862
-47.019112 0.118254 0.445468 0.018862
-39.987385 0.151592 0.089254 0.018862
-39.497863 0.127259 0.119590 0.021864
-43.058289 0.121256 0.348696 0.018862
-49.445169 0.121256 0.448470 0.191135
-52.774296 0.121256 0.119590 0.955435
-34.731295 0.121256 0.291863 0.153411
-43.655390 0.291815 0.119590 0.189421
-48.565839 0.944781 0.206759 0.832982
-51.436390 0.114942 0.344590 0.486044
-38.636408 0.285501 0.297843 0.008874
-77.369050 4.211393 0.805019 0.108842
-37.679363 0.177497 0.264300 0.017379
-60.189713 3.581741 0.135219 0.048666
-39.162710 0.121326 0.122248 0.007080
-44.598281 0.120680 0.148105 0.203338
-41.771967 0.121398 0.089884 0.012452
-87.265601 0.121398 3.572325 0.012452
-32.993875 1.114952 0.120220 0.071449
-32.867448 1.121200 0.120220 0.074573
-75.045021 3.609469 0.625952 0.308130
-45.991217 0.288956 0.086882 0.158106
-45.500589 0.118397 0.569430 0.012452
-41.113665 0.121399 0.408560 0.176323
-63.920511 3.581593 0.089884 0.012452
-41.771972 0.121399 0.089884 0.012452
-41.899968 0.127646 0.089884 0.009328
-54.274898 0.121398 1.026456 0.012452
-53.409358 0.121398 0.535331 0.432995
-44.079227 0.121398 0.089884 0.156409
-36.827306 0.121398 0.089884 0.346815
-46.057232 0.291957 0.089884 0.158106
-40.386110 0.129557 0.079477 0.012452
-65.344774 0.121862 1.977963 0.099580
-42.046505 0.277062 0.103487 0.044392
-44.480551 0.299094 0.016156 0.121350
-47.379900 0.098344 0.330694 0.179155
-38.917838 0.151079 0.160108 0.010009
-51.383747 1.425386 0.145529 0.000079
-41.835256 0.080393 0.106712 0.010220
-42.602199 0.037855 0.215799 0.002578
-59.568453 0.919986 1.148319 0.012788
-59.926223 0.919986 1.175133 0.012788
-38.109254 0.127296 0.111375 0.147351
-41.727226 0.121985 0.033783 0.099567
-35.553941 0.652363 0.042883 0.021140
-46.084115 0.043188 0.272442 0.164323
-44.042487 0.239499 0.133255 0.049170
-44.849793 0.231880 0.472223 0.002030
-48.970566 0.757565 0.206644 0.062914
-46.153730 0.939260 0.020707 0.010836
-43.402485 0.260087 0.139301 0.011789
-43.488717 0.263377 0.139301 0.008743
-46.833305 0.239499 0.587701 0.009911
-46.485232 0.042237 0.100917 0.333929
-42.174721 0.009858 0.148252 0.036254
-42.232508 0.037855 0.172232 0.002578
-38.888872 0.103523 0.135742 0.142411
-40.129897 0.048566 0.093982 0.084917
-43.164609 0.066415 0.200219 0.021935
-39.771726 0.117352 0.075295 0.002199
-39.391190 0.275507 0.105187 0.017976
-41.963604 0.057967 0.117028 0.004402
-42.519571 0.007631 0.155127 0.054082
-39.772931 0.109822 0.060956 0.046684
-39.848967 0.074965 0.052617 0.049635
-39.763125 0.021133 0.008392 0.046080
-40.131159 0.003306 0.021120 0.037552
-41.071004 0.098479 0.134403 0.016443
-41.116453 0.020282 0.068635 0.029821
-42.276813 0.043242 0.339352 0.044546
-40.395380 0.077630 0.027001 0.020334
-39.348827 0.059468 0.002159 0.048629
-39.890458 0.016533 0.021517 0.042818
-39.147261 0.081582 0.001386 0.054657
-39.587592 0.037719 0.010711 0.046858
-41.627173 0.084595 0.087387 0.006808
-65.272737 1.597532 0.517341 0.588790
-65.510400 1.598923 0.535158 0.588790
-38.678210 0.106059 0.024144 0.062020
-40.901162 0.030947 0.063099 0.026122
-39.873254 0.328695 0.154567 0.011776
-40.892786 0.064978 0.047735 0.034946
-40.122909 0.002914 0.021120 0.037748
-40.303257 0.075829 0.111845 0.035426
-41.877410 0.003306 0.150549 0.037552
-41.076540 0.084674 0.054148 0.036156
-44.025060 0.277115 0.159404 0.246697
-45.231009 0.306389 0.154567 0.069889
-47.770801 0.352883 0.183131 0.198813
-40.733258 0.019709 0.014097 0.025978
-46.309916 0.000178 0.014391 0.345727
-74.355149 1.309916 0.774193 1.024483
-85.236617 1.375508 1.165338 1.415553
-40.755424 0.018535 0.008016 0.020817
-40.620121 0.090082 0.002082 0.038231
-40.866181 0.013131 0.008016 0.023506
-46.352335 0.368606 0.008016 0.104687
-46.326776 0.924278 0.756067 0.043359
-59.978395 0.924278 0.756067 1.008455
-40.755461 0.018532 0.008016 0.020817
-61.137642 3.149248 0.008016 0.023506
-41.934785 0.041221 0.008016 0.050682
-40.865772 0.013158 0.008016 0.023506
-56.777491 0.013085 1.296329 0.023506
-42.362225 0.013149 0.281752 0.037997
-41.053471 0.004115 0.001000 0.023506
-46.019367 0.268126 0.273241 0.023506
-37.869871 0.093874 0.001000 0.125529
-40.950159 0.008975 0.001000 0.020817
-40.755559 0.018526 0.008016 0.020817
-59.863283 0.207429 1.006561 0.247767
-54.718912 0.009319 0.001000 0.985913
-61.221552 3.153061 0.001000 0.020817
-41.348641 0.010676 0.001000 0.030814
-43.392177 0.005501 0.290768 0.020817
-42.682174 0.081816 0.092135 0.020817
-51.184701 0.009319 0.392146 0.411963
-43.219343 0.009319 0.001000 0.187998
-60.936316 0.272623 1.040088 0.248756
-52.842979 0.063476 1.040088 0.060349
-40.962265 0.008041 0.001000 0.020817
-41.291489 0.020173 0.001000 0.020817
-43.787876 0.234392 0.025510 0.020817
-42.335675 0.095704 0.025510 0.020817
-40.943769 0.009446 0.001000 0.020817
-41.353267 0.011020 0.001000 0.030814
-43.348275 0.008975 0.290768 0.020817
-57.163545 0.013212 1.040088 0.187009
-51.201509 0.008041 0.392146 0.411963
-61.226299 3.153404 0.001000 0.020817
-43.302307 0.209882 0.001000 0.020817
-42.730600 0.085634 0.092135 0.020817
-92.046524 3.076290 1.296329 1.071929
-35.767901 0.005501 0.001000 0.334222
-37.001189 0.423174 0.247714 0.147488
-36.746346 0.493099 0.227903 0.146848
-41.736204 0.038782 0.023335 0.035864
-38.904702 0.027818 0.081686 0.064427
-38.548730 0.214750 0.060801 0.013583
-48.078676 1.191300 0.035746 0.001268
-45.339605 0.386919 0.103606 0.078619
-38.082541 0.396155 0.060960 0.039856
-45.947111 0.026354 0.380705 0.020817
-46.929297 0.502428 0.166968 0.088358
-41.688601 0.026354 0.002339 0.083935
-38.198008 0.045382 0.015516 0.200519
-43.823964 0.134065 0.015516 0.120507
-51.842309 0.140044 0.199296 0.550151
-49.235332 0.597528 0.274058 0.040793
-49.614064 0.607712 0.278263 0.055310
-40.278031 0.047765 0.040724 0.020475
-40.347891 0.026625 0.018217 0.004475
-40.770647 0.041363 0.066792 0.031087
-40.934074 0.005469 0.001265 0.018568
-41.919588 0.016680 0.051066 0.047348
-40.035302 0.016174 0.026940 0.015916
-42.452436 0.010252 0.118108 0.014005
-41.441350 0.003770 0.026527 0.025757
-40.710622 0.029286 0.055203 0.035618
-41.050176 0.005626 0.019489 0.009500
-43.209222 0.005796 0.021078 0.158042
-38.584478 0.342768 0.005042 0.015021
-42.487930 0.321148 0.002600 0.000343
-41.614723 0.071322 0.007925 0.011955
-39.906630 0.395644 0.095907 0.025009
-41.647395 0.045894 0.053496 0.011422
-40.499493 0.030184 0.021981 0.015792
-41.220159 0.020946 0.008392 0.014566
-43.448793 0.401061 0.010871 0.017283
-39.409257 0.162257 0.073000 0.051540
-41.258563 0.005515 0.035930 0.018616
-41.641744 0.046239 0.029794 0.013735
-42.509737 0.024849 0.125584 0.018265
-42.117031 0.044834 0.040455 0.086089
-41.108926 0.024881 0.003073 0.042085
-43.317036 0.033940 0.010305 0.153832
-40.492657 0.011338 0.008392 0.010814
-41.905123 0.113208 0.050293 0.016684
-39.799075 0.003854 0.038560 0.073624
-39.538444 0.181447 0.051163 0.107157
-39.879486 0.194817 0.051744 0.093206
-40.202388 0.008888 0.025922 0.003910
-40.410414 0.003210 0.017455 0.000099
-43.614491 0.410903 0.009234 0.007169
-41.262985 0.036119 0.062825 0.010422
-41.116811 0.100767 0.017894 0.024125
-40.453036 0.020025 0.021535 0.003181
-40.044872 0.012638 0.042613 0.007084
-40.565877 0.000151 0.011580 0.002370
-41.117941 0.013209 0.006403 0.011925
-85.264825 3.080045 0.884456 0.884610
-84.900723 3.072321 0.874121 0.877930
-41.600783 0.086767 0.011871 0.009924
-40.776695 0.012650 0.006614 0.016321
-51.757234 1.267733 0.041307 0.113441
-44.699252 1.152644 0.175123 0.078037
-41.907596 0.138690 0.014897 0.011079
-44.491980 0.134188 0.357773 0.008168
-41.250326 0.019878 0.013274 0.062392
-45.477150 0.039409 0.014952 0.364284
-43.578339 0.077890 0.117749 0.139403
-36.638379 0.374755 0.084693 0.034050
-36.822220 0.375364 0.070748 0.034050
-35.599028 0.622985 0.167856 0.049353
-44.971732 0.487367 0.179601 0.012165
-41.388427 0.026919 0.006403 0.018780
-43.835285 0.379014 0.055649 0.016948
-43.290954 0.398062 0.050798 0.058387
-41.540504 0.008510 0.030717 0.023255
-40.536710 0.003081 0.011340 0.002321
-42.415185 0.066002 0.079457 0.024501
-41.690390 0.045592 0.049447 0.010844
-40.289455 0.010697 0.025192 0.001484
-39.665905 0.046325 0.029007 0.013710
-43.921341 0.125569 0.101263 0.070728
-42.875116 0.414522 0.039044 0.002423
-40.724053 0.067180 0.010854 0.034710
-41.463250 0.049820 0.049447 0.008999
-42.396176 0.001009 0.011580 0.127928
-41.378937 0.063314 0.090216 0.015377
-41.505298 0.013471 0.016899 0.063108
-45.992537 0.339390 0.182203 0.054756
-45.975670 0.339140 0.181915 0.053963
-40.859502 0.031680 0.008148 0.016274
-40.490884 0.002009 0.017588 0.002660
-39.925922 0.035531 0.061816 0.009493
-40.699059 0.017103 0.001824 0.004236
-40.757889 0.020346 0.001473 0.002967
-40.578789 0.018316 0.001627 0.007864
-41.867743 0.035531 0.006302 0.060699
-41.287207 0.094049 0.026823 0.024383
-41.670391 0.109262 0.043209 0.017321
-41.825144 0.197269 0.029117 0.014722
-40.171755 0.035458 0.018929 0.034761
-41.043259 0.031216 0.003536 0.010003
-38.409724 0.357078 0.004921 0.005107
-40.276055 0.026979 0.005118 0.014215
-40.124071 0.024290 0.019065 0.013659
-39.985300 0.030959 0.019643 0.011474
-40.763906 0.015015 0.007755 0.004190
-40.866391 0.035346 0.018727 0.018171
-40.403948 0.011970 0.008634 0.007125
-40.680754 0.016947 0.001912 0.004079
-40.920290 0.012261 0.011688 0.003205
-41.299475 0.026522 0.033191 0.005922
-40.447878 0.021802 0.011528 0.005871
-40.676544 0.009675 0.004130 0.000827
-40.659634 0.022158 0.010463 0.006354
-40.589078 0.008353 0.004535 0.004134
-40.781710 0.001014 0.008003 0.001024
-40.979126 0.002652 0.022812 0.002383
-40.929029 0.006717 0.011653 0.002044
-41.248712 0.014505 0.026658 0.004536
-40.659641 0.016565 0.001519 0.006766
-40.686678 0.008476 0.001778 0.001533
-40.693518 0.023222 0.005589 0.002517
-40.676988 0.007296 0.000127 0.002341
-40.586961 0.013705 0.005521 0.002982
-40.626670 0.006743 0.002027 0.001246
-40.393810 0.013693 0.014887 0.002806
-40.777642 0.005330 0.004624 0.001556
-40.980096 0.013791 0.007737 0.009405
-40.538028 0.005957 0.004910 0.003143
-40.384358 0.007187 0.016362 0.000450
-40.780537 0.002693 0.004528 0.001127
-40.826415 0.003956 0.009756 0.000937
-40.823244 0.000453 0.014353 0.002329
-40.628355 0.000004 0.005225 0.001170
-40.548533 0.003205 0.010011 0.002060
-40.745378 0.001662 0.004701 0.000458
-40.694349 0.011260 0.005877 0.001378
-40.676319 0.004224 0.001858 0.000280
-40.800407 0.009119 0.006925 0.004335
-40.637108 0.004076 0.001934 0.001955
-40.685154 0.010306 0.003656 0.001912
-40.686571 0.003815 0.000389 0.000704
-40.871953 0.006441 0.008006 0.004089
-40.617933 0.003009 0.001848 0.001357
-40.602619 0.001064 0.006398 0.001843
-40.731043 0.000214 0.004125 0.000319
-40.702658 0.008046 0.001815 0.002063
-40.682879 0.003392 0.000340 0.001190
-40.590637 0.006030 0.003654 0.001207
-40.727983 0.002380 0.002535 0.000781
-40.755254 0.007607 0.001106 0.001886
-40.656993 0.003285 0.001240 0.000507
-40.578233 0.003020 0.004192 0.000803
-40.729320 0.001289 0.002340 0.000617
-40.750029 0.000004 0.007127 0.001018
-40.657511 0.000084 0.002181 0.000625
-40.620944 0.001762 0.004188 0.000980
-40.648984 0.001022 0.002047 0.000582
-40.727208 0.004315 0.002449 0.001790
-40.656857 0.002105 0.000937 0.000983
-40.684296 0.005146 0.002558 0.000654
-40.677560 0.001845 0.000763 0.000080
-40.622013 0.000713 0.004293 0.000775
-40.699687 0.000176 0.001884 0.000103
-40.664284 0.005314 0.000478 0.001257
-40.679107 0.001384 0.000205 0.000239
-40.746874 0.002467 0.002331 0.002137
-40.649049 0.001753 0.000794 0.000512
-40.675000 0.003128 0.000110 0.000720
-40.677198 0.001571 0.000000 0.000257
-40.618753 0.002807 0.002838 0.000542
-40.701891 0.001163 0.001199 0.000473
-40.557145 0.001663 0.005711 0.003689
-42.009188 0.315147 0.042583 0.012974
-41.429670 0.420544 0.105528 0.048851
-40.713887 0.002784 0.000363 0.001173
-40.680458 0.001449 0.000285 0.000162
-42.629589 0.195989 0.020788 0.024358
-40.717997 0.039788 0.008080 0.007001
-40.720727 0.036305 0.024030 0.003356
-41.923891 0.077847 0.068457 0.011671
-41.160773 0.201824 0.028919 0.029425
-40.647099 0.000140 0.001653 0.000278
-41.330305 0.016891 0.029021 0.027738
-40.687584 0.054364 0.007868 0.017785
-41.029888 0.003682 0.004077 0.017693
-39.415966 0.089693 0.012289 0.058852
-41.514698 0.146792 0.030131 0.019627
-40.625918 0.006442 0.006081 0.000603
-41.194978 0.075702 0.099699 0.019841
-40.748829 0.181179 0.053150 0.028596
-40.685807 0.002884 0.000052 0.000976
-40.663252 0.000790 0.000788 0.000469
-40.751189 0.006522 0.001290 0.003383
-41.258051 0.010629 0.032433 0.004905
-41.228898 0.093449 0.000036 0.003652
-40.626056 0.003363 0.001428 0.000232
-41.091816 0.000425 0.000870 0.029479
-41.037459 0.031157 0.002908 0.013065
-40.926267 0.013698 0.008682 0.006106
-40.761487 0.044479 0.020249 0.001734
-40.744183 0.000227 0.000837 0.005722
-40.671953 0.009117 0.000500 0.002000
-40.493353 0.005532 0.000716 0.008994
-40.616462 0.007287 0.002495 0.002610
-41.327085 0.025600 0.002871 0.039478
-41.446663 0.044484 0.002205 0.039777
-40.699057 0.002025 0.001346 0.000580
-40.660998 0.000354 0.001202 0.000306
-40.749962 0.008903 0.001105 0.000547
-40.218800 0.052186 0.011162 0.000765
-40.819519 0.039016 0.028318 0.000317
-40.770853 0.010254 0.002010 0.000513
-41.067276 0.010120 0.012836 0.012031
-40.757398 0.017628 0.002831 0.004313
-40.673945 0.043491 0.025210 0.000032
-40.375139 0.012440 0.001787 0.027333
-40.250111 0.059600 0.000074 0.000211
-41.630295 0.089316 0.014706 0.011172
-41.334932 0.099183 0.032972 0.030889
-41.180300 0.042245 0.008330 0.007489
-41.192044 0.043937 0.008339 0.007528
-40.689598 0.000912 0.001657 0.000703
-40.681781 0.000744 0.000699 0.000396
-40.671098 0.001139 0.000531 0.000053
-40.704083 0.002544 0.000848 0.000472
-40.661082 0.000792 0.000432 0.000291
-40.645144 0.000787 0.002314 0.000022
-40.686413 0.000015 0.000856 0.000041
-40.639244 0.000726 0.001755 0.000668
-40.685861 0.000593 0.000485 0.000186
-40.705751 0.000849 0.001770 0.000170
-40.661103 0.000076 0.000857 0.000146
-40.668972 0.001325 0.000234 0.000173
-40.671112 0.000521 0.000197 0.000054
-40.627794 0.003820 0.002230 0.000320
-41.453807 0.053943 0.003622 0.027116
-41.441180 0.053802 0.004409 0.026867
-40.662640 0.002160 0.000019 0.000291
-40.675692 0.000505 0.000133 0.000101
-40.674713 0.003058 0.000031 0.001172
-43.105930 0.207977 0.010160 0.065179
-42.931402 0.202400 0.008208 0.075234
-40.681370 0.001361 0.000445 0.000266
-40.664906 0.000922 0.000162 0.000149
-41.121609 0.003296 0.030695 0.000673
-41.010372 0.085735 0.000137 0.016017
-40.950630 0.029120 0.001004 0.006711
-40.820970 0.013279 0.000203 0.003532
-40.914934 0.007880 0.018315 0.001915
-41.044833 0.035810 0.001220 0.008054
-40.573182 0.023086 0.011670 0.007150
-40.460681 0.020948 0.000421 0.024448
-41.105306 0.022512 0.000163 0.015474
-39.907130 0.086307 0.000968 0.014860
-40.734864 0.013930 0.004312 0.006962
-40.691054 0.003666 0.000135 0.000565
-40.682982 0.025021 0.004311 0.006087
-41.445675 0.054216 0.018477 0.009906
-40.684372 0.000057 0.001218 0.000370
-40.679382 0.000050 0.000658 0.000220
-40.673694 0.000822 0.000546 0.000085
-40.685278 0.000900 0.000864 0.000690
-40.668156 0.000348 0.000439 0.000187
-40.662936 0.000937 0.000873 0.000272
-40.676460 0.000248 0.000301 0.000233
-40.672010 0.001107 0.000583 0.000087
-40.673107 0.000376 0.000280 0.000097
-40.688145 0.000838 0.000522 0.000170
-40.667338 0.000423 0.000236 0.000159
-40.682482 0.000984 0.000129 0.000004
-40.669998 0.000455 0.000038 0.000105
-40.671237 0.000634 0.001126 0.000774
-43.063032 0.213306 0.046594 0.016343
-43.063596 0.213306 0.046615 0.016364
-40.686934 0.000084 0.000941 0.000068
-40.669635 0.000101 0.000354 0.000059
-40.061457 0.025010 0.020440 0.014506
-41.128799 0.019134 0.014382 0.011238
-41.037958 0.093886 0.011296 0.008294
-40.603108 0.016496 0.020986 0.009160
-40.925267 0.010183 0.008042 0.006655
-40.754873 0.009832 0.004474 0.006145
-40.238266 0.021263 0.017119 0.006405
-40.670957 0.021079 0.017060 0.023110
-40.744580 0.002632 0.010126 0.007527
-39.316172 0.071648 0.014116 0.041173
-41.531645 0.008789 0.067284 0.003944
-40.650067 0.000297 0.002279 0.000467
-41.572559 0.062238 0.092422 0.005533
-41.608682 0.053300 0.095743 0.000675
-40.661341 0.000047 0.000823 0.000073
-40.678439 0.000048 0.000386 0.000087
-40.704474 0.008238 0.008823 0.005612
-40.963407 0.017369 0.004680 0.012517
-41.734244 0.048569 0.008791 0.035334
-41.303222 0.094039 0.006973 0.004871
-40.776127 0.024829 0.027353 0.018001
-40.666251 0.001824 0.003643 0.002850
-40.959871 0.006239 0.018539 0.007238
-40.779716 0.008298 0.008860 0.010905
-41.121885 0.017320 0.018929 0.023895
-40.361073 0.002226 0.019249 0.002833
-40.918555 0.006791 0.022146 0.002440
-42.099007 0.051899 0.041583 0.038676
-42.083493 0.051898 0.040415 0.038439
-40.659499 0.000810 0.000575 0.000318
-40.679581 0.000298 0.000245 0.000033
-40.666052 0.000002 0.000821 0.000086
-40.675344 0.000062 0.000237 0.000131
-40.678981 0.000323 0.000419 0.000360
-40.670716 0.000200 0.000230 0.000053
-40.687244 0.000630 0.001665 0.000435
-41.024342 0.072713 0.000432 0.006345
-41.628462 0.105999 0.016002 0.004346
-40.680818 0.000834 0.000129 0.000038
-40.673465 0.000255 0.000171 0.000082
-41.164409 0.003197 0.035919 0.001240
-40.948427 0.005288 0.010043 0.010164
-41.587776 0.044350 0.012078 0.035155
-41.297438 0.097718 0.002224 0.001260
-40.788148 0.008315 0.004478 0.004265
-40.728251 0.004116 0.002054 0.003031
-40.743724 0.004192 0.002580 0.002068
-40.793369 0.002930 0.002670 0.006493
-41.091495 0.007017 0.004091 0.031795
-40.786678 0.011951 0.023174 0.005847
-40.505967 0.005976 0.005484 0.006958
-40.692887 0.000528 0.002030 0.000348
-41.917918 0.053150 0.034757 0.030919
-41.947041 0.054458 0.034913 0.031952
-40.671639 0.000553 0.000215 0.000094
-40.674540 0.000254 0.000064 0.000099
-41.058780 0.036273 0.009259 0.002940
-40.746010 0.014631 0.010706 0.003413
-40.673090 0.002157 0.001155 0.000402
-40.876082 0.001276 0.004182 0.008079
-40.846362 0.019738 0.005724 0.004781
-40.773713 0.009005 0.000847 0.002937
-40.709103 0.020441 0.000382 0.004978
-40.660463 0.010024 0.006892 0.000249
-40.824105 0.007986 0.005377 0.010723
-40.747822 0.010155 0.009050 0.002518
-40.654301 0.005064 0.001641 0.000011
-41.282160 0.037609 0.013467 0.013583
-41.261517 0.036982 0.013042 0.013314
-40.680666 0.000508 0.000302 0.000023
-40.671025 0.000148 0.000112 0.000111
-40.824647 0.019402 0.001169 0.000102
-40.670137 0.000281 0.000309 0.000142
-40.701812 0.000293 0.003431 0.000093
-40.778860 0.004388 0.006397 0.000361
-40.678941 0.000546 0.000183 0.000155
-40.737233 0.001888 0.002992 0.002394
-40.684856 0.000451 0.000014 0.000887
-40.754645 0.000711 0.000165 0.005575
-40.765273 0.009834 0.002507 0.003495
-40.663704 0.010200 0.004205 0.000621
-40.650282 0.003289 0.000180 0.000423
-40.658579 0.000384 0.001136 0.000047
-41.070646 0.022014 0.001338 0.016783
-41.074026 0.021482 0.000864 0.016818
-40.677623 0.000508 0.000070 0.000043
-40.671209 0.000255 0.000037 0.000097
-40.845022 0.010246 0.007197 0.000707
-40.817500 0.018891 0.002228 0.001396
-40.754623 0.000223 0.000134 0.005502
-40.741332 0.012831 0.001917 0.000965
-40.702977 0.006234 0.001018 0.000345
-40.694570 0.002998 0.000111 0.000156
-40.630522 0.004769 0.003307 0.002213
-40.742125 0.003677 0.000326 0.002542
-40.686010 0.003595 0.004153 0.000381
-40.624927 0.013013 0.001765 0.000390
-40.643874 0.002778 0.000741 0.000299
-40.726322 0.015370 0.006752 0.004522
-40.733918 0.014217 0.006706 0.004524
-40.670289 0.000255 0.000323 0.000088
-40.671706 0.000136 0.000162 0.000002
-40.673843 0.000093 0.000310 0.000340
-40.766716 0.001422 0.005063 0.001064
-40.903951 0.020213 0.004358 0.002339
-40.676699 0.000161 0.000330 0.000206
-40.671955 0.000148 0.000160 0.000017
-40.678594 0.000520 0.000058 0.000092
-40.669199 0.000506 0.000245 0.000146
-40.687366 0.000100 0.001589 0.000004
-40.632386 0.000478 0.003249 0.000232
-40.678936 0.000122 0.000200 0.000049
-40.739468 0.001779 0.000231 0.003039
-40.732221 0.009071 0.000198 0.000061
-40.710839 0.000688 0.001255 0.000946
-40.668090 0.000339 0.000061 0.000664
-40.693117 0.001576 0.000799 0.002868
-40.677494 0.000794 0.000457 0.000043
-40.620747 0.004245 0.000848 0.001693
-40.756185 0.002106 0.000757 0.003514
-40.666063 0.000447 0.000350 0.000124
-40.676185 0.000111 0.000096 0.000007
-40.689676 0.000855 0.000873 0.000032
-40.827081 0.006379 0.006935 0.002083
-40.862165 0.007769 0.006921 0.003464
-40.677584 0.000234 0.000352 0.000023
-40.671532 0.000012 0.000182 0.000050
-40.690350 0.002884 0.001016 0.000723
-40.669455 0.000728 0.000344 0.000201
-40.674114 0.000404 0.000299 0.000085
-40.721677 0.004330 0.000196 0.000981
-40.690200 0.000182 0.001393 0.000076
-40.663292 0.000874 0.000112 0.000147
-40.707856 0.000348 0.001140 0.001163
-40.678910 0.000116 0.000095 0.000184
-40.685947 0.000939 0.000411 0.000992
-40.679369 0.001680 0.000934 0.000337
-40.653423 0.002874 0.001978 0.001241
-40.713647 0.001535 0.000854 0.001109
-40.712355 0.001365 0.000854 0.001097
-40.677515 0.000172 0.000211 0.000102
-40.675806 0.000078 0.000100 0.000063
-40.673947 0.000318 0.000078 0.000057
-40.674389 0.000112 0.000029 0.000060
-40.673020 0.000036 0.000274 0.000104
-40.674739 0.000038 0.000108 0.000072
-40.677778 0.000269 0.000026 0.000074
-40.672854 0.000123 0.000021 0.000054
-40.669233 0.000137 0.000236 0.000092
-40.676362 0.000050 0.000084 0.000013
-40.668399 0.000162 0.000151 0.000260
-40.676273 0.000047 0.000033 0.000072
-40.676208 0.000141 0.000142 0.000083
-40.675143 0.000068 0.000067 0.000058
-40.677958 0.000184 0.000130 0.000055
-40.672759 0.000065 0.000052 0.000069
-40.677490 0.000185 0.000203 0.000071
-40.673168 0.000055 0.000071 0.000016
-40.678055 0.000027 0.000248 0.000014
-40.673135 0.000015 0.000076 0.000041
-40.672733 0.000094 0.000067 0.000063
-40.675331 0.000060 0.000055 0.000021
-40.673012 0.000064 0.000081 0.000002
-40.676000 0.000149 0.000029 0.000004
-40.673658 0.000054 0.000008 0.000040
-40.673929 0.000063 0.000123 0.000029
-40.674527 0.000014 0.000050 0.000047
-40.674274 0.000115 0.000029 0.000019
-40.674307 0.000058 0.000015 0.000001
-40.676254 0.000067 0.000083 0.000116
-40.671145 0.001205 0.000091 0.000183
-40.739788 0.002051 0.002041 0.001624
-40.673344 0.000097 0.000077 0.000028
-40.674705 0.000027 0.000031 0.000036
-40.675907 0.000281 0.000081 0.000142
-40.763907 0.003852 0.002750 0.001795
-40.763377 0.003830 0.002732 0.001786
-40.676114 0.000054 0.000058 0.000046
-40.686909 0.001321 0.000014 0.000091
-40.695698 0.001857 0.000675 0.000065
-40.683220 0.000078 0.000629 0.000034
-40.685056 0.000213 0.000496 0.000411
-40.683833 0.000146 0.000028 0.000532
-40.684860 0.001760 0.000047 0.000080
-40.673308 0.000191 0.000028 0.000220
-40.670693 0.000364 0.000515 0.000012
-40.669374 0.000093 0.000028 0.000282
-40.667828 0.000807 0.000047 0.000082
-40.675567 0.000181 0.000025 0.000139
-40.704364 0.001803 0.000871 0.000458
-40.715143 0.001734 0.001439 0.000867
-40.676500 0.000078 0.000115 0.000015
-40.673882 0.000028 0.000032 0.000003
-40.672732 0.000047 0.000070 0.000030
-40.675426 0.000024 0.000044 0.000002
-40.672575 0.000053 0.000020 0.000103
-40.675350 0.000022 0.000020 0.000028
-40.672584 0.000066 0.000052 0.000081
-40.675231 0.000024 0.000030 0.000014
-40.675936 0.000058 0.000096 0.000012
-40.673861 0.000026 0.000029 0.000015
-40.676125 0.000019 0.000111 0.000017
-40.673887 0.000006 0.000029 0.000026
-40.673633 0.000076 0.000037 0.000004
-40.674916 0.000027 0.000033 0.000016
-40.669513 0.000040 0.000174 0.000189
-40.704224 0.001927 0.000316 0.000765
-40.705077 0.001923 0.000350 0.000793
-40.674516 0.000007 0.000035 0.000029
-40.685039 0.000465 0.000487 0.000119
-40.678998 0.000225 0.000161 0.000051
-40.679302 0.000337 0.000045 0.000077
-40.677524 0.000177 0.000144 0.000021
-40.679351 0.000060 0.000031 0.000277
-40.678060 0.000933 0.000151 0.000060
-40.677771 0.000107 0.000093 0.000186
-40.677136 0.000216 0.000204 0.000088
-40.673798 0.000239 0.000130 0.000103
-40.672493 0.000045 0.000063 0.000134
-40.670655 0.000229 0.000051 0.000116
-40.669512 0.000040 0.000174 0.000189
-40.671250 0.000380 0.000075 0.000303
-40.678787 0.000381 0.000192 0.000006
-40.675560 0.000059 0.000018 0.000035
-40.674137 0.000026 0.000002 0.000021
-40.674867 0.000068 0.000009 0.000008
-40.674443 0.000026 0.000009 0.000002
-40.674430 0.000026 0.000029 0.000034
-40.674632 0.000013 0.000016 0.000019
-40.673556 0.000025 0.000048 0.000009
-40.674949 0.000011 0.000021 0.000000
-40.674546 0.000007 0.000043 0.000041
-40.674519 0.000003 0.000016 0.000011
-40.674068 0.000032 0.000035 0.000010
-40.674708 0.000012 0.000016 0.000010
-40.673236 0.000021 0.000126 0.000047
-40.705688 0.001113 0.000968 0.000779
-40.705527 0.001098 0.000962 0.000779
-40.675259 0.000031 0.000039 0.000005
-40.674224 0.000014 0.000014 0.000003
-40.674932 0.000026 0.000059 0.000002
-40.676219 0.000019 0.000141 0.000007
-40.678736 0.000009 0.000314 0.000007
-40.681222 0.000093 0.000064 0.000337
-40.681231 0.000942 0.000052 0.000000
-40.677672 0.000278 0.000010 0.000044
-40.675994 0.000007 0.000008 0.000103
-40.680992 0.000092 0.000204 0.000344
-40.677857 0.000117 0.000012 0.000133
-40.674767 0.000279 0.000300 0.000102
-40.666047 0.000206 0.000313 0.000157
-40.673237 0.000021 0.000126 0.000047
-40.687113 0.000257 0.000375 0.000416
-40.687151 0.000257 0.000377 0.000417
-40.675355 0.000032 0.000039 0.000010
-40.674238 0.000012 0.000012 0.000009
-40.672126 0.000100 0.000060 0.000081
-40.676923 0.000048 0.000105 0.000096
-40.676523 0.000357 0.000015 0.000016
-40.674455 0.000039 0.000074 0.000030
-40.676483 0.000010 0.000126 0.000007
-40.676312 0.000039 0.000009 0.000093
-40.676201 0.000074 0.000023 0.000054
-40.676105 0.000076 0.000070 0.000002
-40.675854 0.000012 0.000012 0.000102
-40.675243 0.000024 0.000030 0.000038
-40.672250 0.000024 0.000025 0.000140
-40.673403 0.000055 0.000001 0.000070
-40.685370 0.000333 0.000155 0.000462
-40.686164 0.000501 0.000139 0.000460
-40.673780 0.000026 0.000029 0.000025
-40.674876 0.000012 0.000016 0.000005
-40.676024 0.000104 0.000048 0.000022
-40.674258 0.000010 0.000011 0.000009
-40.674321 0.000004 0.000010 0.000010
-40.674511 0.000013 0.000008 0.000011
-40.709989 0.002229 0.000826 0.000631
-40.700707 0.001936 0.000541 0.000413
-40.674383 0.000016 0.000018 0.000011
-40.674432 0.000010 0.000010 0.000003
-40.674770 0.000026 0.000007 0.000043
-40.690864 0.000434 0.000619 0.000654
-40.693960 0.000157 0.000666 0.000698
-40.674622 0.000016 0.000012 0.000018
-40.674433 0.000008 0.000011 0.000004
-40.674437 0.000002 0.000014 0.000004
-40.672153 0.000558 0.000004 0.000045
-40.700993 0.001895 0.000371 0.000686
-40.674138 0.000019 0.000034 0.000007
-40.674572 0.000005 0.000004 0.000006
-40.674987 0.000043 0.000047 0.000033
-40.716070 0.001998 0.000976 0.001148
-40.716025 0.002000 0.000968 0.001149
-40.673916 0.000019 0.000036 0.000010
-40.674628 0.000003 0.000003 0.000001
-40.674798 0.000001 0.000000 0.000021
-40.710523 0.002300 0.000801 0.000549
-40.710780 0.002303 0.000804 0.000562
-40.674640 0.000009 0.000003 0.000001
-40.688457 0.001866 0.000045 0.000074
-40.675534 0.000025 0.000018 0.000027
-40.671714 0.000102 0.000109 0.000173
-40.685202 0.000190 0.000124 0.000665
-40.676129 0.000084 0.000099 0.000018
-40.669551 0.000097 0.000052 0.000221
-40.669290 0.000045 0.000536 0.000168
-40.678162 0.000166 0.000075 0.000278
-40.678729 0.000082 0.000172 0.000182
-40.680823 0.000274 0.000553 0.000109
-40.678685 0.000101 0.000073 0.000138
-40.674798 0.000001 0.000000 0.000021
-40.688086 0.000175 0.000431 0.000623
-40.687994 0.000175 0.000433 0.000615
-40.674376 0.000006 0.000002 0.000018
-40.674411 0.000004 0.000003 0.000011
-40.683911 0.000609 0.000288 0.000102
-40.674797 0.000055 0.000011 0.000004
-40.675005 0.000157 0.000044 0.000007
-40.677576 0.000011 0.000118 0.000113
-40.675632 0.000305 0.000003 0.000035
-40.680755 0.000566 0.000251 0.000066
-40.678833 0.000124 0.000038 0.000273
-40.676209 0.000926 0.000227 0.000101
-40.675471 0.000248 0.000079 0.000025
-40.676458 0.000299 0.000073 0.000043
-40.674175 0.000034 0.000003 0.000013
-40.675118 0.000086 0.000014 0.000012
-40.673604 0.000317 0.000061 0.000259
-40.674554 0.000005 0.000014 0.000011
-40.674493 0.000006 0.000014 0.000017
-40.674996 0.000027 0.000009 0.000023
-40.674760 0.000010 0.000047 0.000014
-40.678065 0.000105 0.000080 0.000121
-40.676820 0.000375 0.000030 0.000043
-40.674315 0.000042 0.000036 0.000031
-40.674152 0.000023 0.000004 0.000012
-40.675733 0.000002 0.000051 0.000038
-40.675209 0.000024 0.000006 0.000021
-40.674682 0.000158 0.000110 0.000042
-40.675327 0.000040 0.000003 0.000037
-40.673636 0.000370 0.000176 0.000077
-40.675317 0.000373 0.000053 0.000077
-40.674429 0.000016 0.000006 0.000008
-40.674490 0.000005 0.000007 0.000006
-40.675874 0.000189 0.000003 0.000002
-40.675457 0.000003 0.000063 0.000002
-40.675079 0.000000 0.000017 0.000022
-40.674725 0.000013 0.000008 0.000003
-40.674643 0.000009 0.000000 0.000001
-40.674489 0.000012 0.000016 0.000020
-40.674070 0.000002 0.000018 0.000019
-40.673908 0.000014 0.000016 0.000042
-40.675428 0.000007 0.000004 0.000058
-40.674900 0.000017 0.000001 0.000011
-40.674935 0.000009 0.000019 0.000016
-40.675392 0.000073 0.000024 0.000051
-40.675351 0.000073 0.000021 0.000047
-40.674277 0.000012 0.000018 0.000001
-40.674613 0.000006 0.000001 0.000003
-40.675285 0.000097 0.000002 0.000004
-40.674702 0.000002 0.000011 0.000001
-40.674701 0.000001 0.000007 0.000003
-40.674642 0.000004 0.000003 0.000001
-40.675031 0.000001 0.000033 0.000002
-40.674970 0.000012 0.000015 0.000010
-40.674863 0.000035 0.000003 0.000000
-40.674705 0.000008 0.000003 0.000004
-40.674649 0.000032 0.000003 0.000010
-40.675031 0.000003 0.000003 0.000029
-40.674323 0.000030 0.000002 0.000000
-40.674694 0.000045 0.000006 0.000030
-40.674856 0.000045 0.000018 0.000030
-40.674777 0.000006 0.000016 0.000002
-40.674522 0.000000 0.000006 0.000002
-40.674901 0.000040 0.000003 0.000002
-40.674632 0.000009 0.000002 0.000001
-40.674766 0.000011 0.000007 0.000004
-40.674607 0.000007 0.000002 0.000001
-40.674795 0.000007 0.000015 0.000001
-40.674715 0.000009 0.000011 0.000006
-40.674729 0.000010 0.000008 0.000008
-40.674660 0.000002 0.000003 0.000004
-40.674789 0.000005 0.000002 0.000012
-40.674568 0.000000 0.000003 0.000001
-40.674537 0.000014 0.000005 0.000004
-40.674386 0.000012 0.000004 0.000007
-40.674653 0.000012 0.000001 0.000003
-40.674599 0.000002 0.000002 0.000001
-40.674582 0.000007 0.000002 0.000001
-40.674580 0.000004 0.000004 0.000001
-40.674652 0.000001 0.000000 0.000007
-40.674513 0.000002 0.000004 0.000000
-40.674560 0.000002 0.000001 0.000000
-40.674597 0.000005 0.000000 0.000004
-40.674600 0.000002 0.000001 0.000002
-40.674542 0.000003 0.000002 0.000005
-40.674569 0.000002 0.000002 0.000002
-40.674573 0.000006 0.000001 0.000004
-40.674603 0.000003 0.000001 0.000001
-40.674680 0.000002 0.000010 0.000001
-40.674561 0.000000 0.000002 0.000002
-40.674618 0.000006 0.000001 0.000000
-40.674589 0.000001 0.000003 0.000001
-40.674524 0.000000 0.000000 0.000003
-40.674626 0.000001 0.000002 0.000002
-40.674443 0.000012 0.000010 0.000000
-40.674706 0.000003 0.000012 0.000002
-40.674712 0.000004 0.000012 0.000002
-40.674531 0.000003 0.000001 0.000001
-40.674604 0.000002 0.000002 0.000001
-40.674808 0.000039 0.000001 0.000001
-40.674757 0.000001 0.000011 0.000003
-40.674684 0.000000 0.000001 0.000011
-40.674677 0.000002 0.000003 0.000005
-40.674566 0.000002 0.000001 0.000000
-40.674584 0.000004 0.000001 0.000001
-40.674655 0.000003 0.000002 0.000008
-40.674654 0.000003 0.000002 0.000008
-40.674573 0.000003 0.000001 0.000000
-40.674577 0.000002 0.000000 0.000000
-40.674609 0.000001 0.000002 0.000000
-40.675529 0.000044 0.000003 0.000043
-40.675604 0.000046 0.000003 0.000042
-40.674592 0.000002 0.000002 0.000001
-40.675300 0.000041 0.000002 0.000028
-40.674728 0.000014 0.000013 0.000007
-40.674663 0.000008 0.000000 0.000007
-40.674682 0.000006 0.000009 0.000004
-40.674639 0.000013 0.000003 0.000004
-40.674899 0.000004 0.000011 0.000015
-40.674565 0.000016 0.000001 0.000006
-40.674551 0.000026 0.000001 0.000012
-40.675096 0.000024 0.000001 0.000028
-40.674614 0.000015 0.000001 0.000003
-40.673841 0.000038 0.000003 0.000028
-40.674400 0.000005 0.000009 0.000002
-40.674402 0.000006 0.000009 0.000002
-40.674655 0.000001 0.000001 0.000004
-40.674557 0.000000 0.000000 0.000001
-40.674681 0.000014 0.000004 0.000005
-40.674559 0.000001 0.000000 0.000001
-40.674656 0.000003 0.000005 0.000003
-40.674600 0.000003 -0.000000 0.000001
-40.674572 0.000003 0.000000 0.000000
-40.674811 0.000019 0.000007 0.000002
-40.674587 0.000002 0.000000 0.000000
-40.674583 0.000001 0.000002 0.000001
-40.674555 0.000004 0.000004 0.000002
-40.674682 0.000006 0.000001 0.000010
-40.674141 0.000015 0.000003 0.000020
-40.674496 0.000004 0.000002 0.000004
-40.675233 0.000021 0.000023 0.000015
-40.675197 0.000023 0.000022 0.000013
-40.674553 0.000000 0.000002 0.000000
-40.674591 0.000001 0.000001 0.000000
-40.674701 0.000019 0.000001 0.000001
-40.674615 0.000002 0.000003 0.000000
-40.674690 0.000002 0.000004 0.000004
-40.674593 0.000000 0.000004 0.000001
-40.674636 0.000000 0.000006 0.000001
-40.674582 0.000002 0.000001 0.000000
-40.674562 0.000009 0.000002 0.000002
-40.674564 0.000001 0.000001 0.000000
-40.674727 0.000000 0.000001 0.000011
-40.674563 0.000005 0.000003 0.000000
-40.674381 0.000001 0.000001 0.000013
-40.674647 0.000016 0.000002 0.000000
-40.674642 0.000016 0.000003 0.000001
-40.674556 0.000001 0.000002 0.000001
-40.674576 0.000001 0.000001 0.000001
-40.674614 0.000000 0.000002 0.000001
-40.674636 0.000000 0.000000 0.000005
-40.674618 0.000009 0.000000 0.000001
-40.674598 0.000000 0.000003 0.000001
-40.674584 0.000001 0.000001 0.000000
-40.674580 -0.000000 0.000001 0.000000
-40.674652 0.000000 0.000005 0.000004
-40.675112 0.000018 0.000017 0.000016
-40.675129 0.000019 0.000018 0.000016
-40.674531 0.000001 0.000002 0.000002
-40.674593 0.000000 0.000001 0.000001
-40.674597 0.000001 0.000001 0.000000
-40.674582 0.000002 0.000001 0.000001
-40.674586 0.000007 0.000005 0.000002
-40.674648 0.000004 0.000007 0.000001
-40.674591 0.000004 0.000002 0.000002
-40.674756 0.000008 0.000007 0.000004
-40.674694 0.000010 0.000001 0.000005
-40.674588 0.000001 0.000001 0.000001
-40.674760 0.000013 0.000002 0.000005
-40.674543 0.000018 0.000001 0.000007
-40.674547 0.000001 0.000000 0.000002
-40.674731 0.000021 0.000006 0.000003
-40.674736 0.000021 0.000006 0.000002
-40.674571 0.000002 0.000001 0.000000
-40.674583 0.000001 0.000000 0.000000
-40.674591 0.000006 0.000002 0.000000
-40.674632 0.000004 0.000002 0.000000
-40.674623 0.000003 0.000001 0.000000
-40.674583 0.000000 0.000001 0.000001
-40.674726 0.000003 0.000012 0.000001
-40.674716 0.000003 0.000004 0.000006
-40.674717 0.000020 0.000001 0.000000
-40.674581 0.000003 0.000001 0.000000
-40.674664 0.000003 0.000007 0.000000
-40.674611 0.000003 0.000002 0.000000
-40.674629 0.000000 0.000002 0.000002
-40.674605 0.000003 0.000000 0.000001
-40.674603 0.000002 0.000001 0.000000
-40.674688 0.000001 0.000001 0.000007
-40.674486 0.000002 0.000002 0.000002
-40.674815 0.000016 0.000007 0.000002
-40.674812 0.000016 0.000007 0.000002
-40.674571 0.000003 0.000000 0.000001
-40.674583 0.000000 0.000001 0.000001
-40.674644 0.000011 0.000000 0.000000
-40.674622 0.000001 0.000000 0.000003
-40.674617 0.000003 0.000000 0.000002
-40.674642 0.000001 0.000003 0.000002
-40.674596 0.000001 0.000000 0.000002
-40.674575 0.000002 0.000002 0.000001
-40.674665 0.000002 0.000005 0.000001
-40.674572 0.000001 0.000001 0.000001
-40.674571 0.000001 0.000000 0.000001
-40.674601 0.000002 0.000000 0.000001
-40.674439 0.000008 0.000001 0.000004
-40.674574 0.000001 0.000000 0.000001
-40.674594 0.000000 0.000001 0.000001
-40.674581 0.000000 0.000000 0.000001
-40.674599 0.000002 0.000002 0.000000
-40.674586 0.000001 0.000000 0.000000
-40.674594 0.000001 0.000000 0.000001
-40.674582 0.000001 0.000000 0.000001
-40.674594 0.000001 0.000001 0.000001
-40.674587 0.000000 0.000001 0.000001
-40.674586 0.000001 0.000001 0.000001
-40.674624 0.000004 0.000001 0.000001
-40.674572 0.000001 0.000000 0.000000
-40.674612 0.000002 0.000002 0.000001
-40.674604 0.000005 -0.000000 0.000000
-40.674582 0.000001 0.000000 0.000000
-40.674566 0.000001 0.000000 0.000001
-40.674561 0.000002 0.000001 0.000001
-40.674602 0.000002 0.000001 0.000001
-40.674593 0.000001 0.000001 0.000000
-40.674577 0.000000 0.000000 0.000001
-40.674566 0.000002 0.000000 0.000001
-40.674576 0.000001 0.000001 0.000002
-40.674575 0.000001 0.000001 0.000002
-40.674568 0.000000 0.000001 0.000000
-40.674574 0.000000 0.000001 -0.000000
-40.674609 0.000001 0.000001 0.000001
-40.674598 0.000003 0.000000 0.000000
-40.674595 0.000001 0.000000 0.000001
-40.674588 0.000001 0.000000 0.000001
-40.674581 0.000001 0.000000 0.000001
-40.674580 0.000001 0.000000 0.000000
-40.674595 0.000001 0.000001 0.000001
-40.674588 0.000001 0.000000 0.000001
-40.674592 0.000001 0.000000 0.000001
-40.674585 0.000001 0.000000 0.000000
-40.674581 0.000001 0.000000 0.000000
-40.674595 0.000001 0.000001 0.000001
-40.674565 0.000000 0.000000 0.000000
-40.674573 0.000001 0.000000 0.000000
-40.674587 0.000001 0.000000 0.000000
-40.674595 0.000002 0.000001 0.000001
-40.674587 0.000002 0.000000 0.000001
-40.674577 0.000001 0.000000 0.000000
-40.674584 0.000001 0.000000 0.000001
-40.674579 0.000001 0.000000 0.000000
-40.674585 0.000002 0.000001 0.000000
-40.674579 0.000001 0.000000 0.000001
-40.674503 0.000003 0.000001 0.000001
-40.674654 0.000004 0.000002 0.000002
-40.674571 0.000001 0.000000 0.000001
-40.674571 0.000001 0.000000 0.000001
-40.674588 0.000003 0.000000 0.000000
-40.674584 0.000003 0.000000 0.000000
-40.674583 0.000001 0.000000 0.000000
-40.674583 0.000001 0.000001 0.000000
-40.674581 0.000001 0.000000 0.000000
-40.674582 0.000002 0.000001 0.000000
-40.674581 0.000001 0.000001 0.000000
-40.674578 0.000000 0.000001 0.000001
-40.674569 0.000000 0.000000 0.000000
-40.674581 0.000002 0.000001 0.000001
-40.674619 0.000001 0.000000 0.000004
-40.674620 0.000001 0.000000 0.000004
-40.674611 0.000001 0.000001 0.000004
-40.674612 0.000001 0.000001 0.000004
-40.674580 0.000001 0.000000 0.000000
-40.674580 0.000001 0.000000 0.000000
-40.674574 0.000000 0.000001 0.000000
-40.674583 0.000000 0.000001 0.000000
-40.674572 0.000000 0.000000 0.000000
-40.674580 0.000000 0.000001 0.000000
-40.674651 0.000005 0.000002 0.000002
-40.674651 0.000005 0.000002 0.000002
-40.674665 0.000005 0.000000 0.000004
-40.674662 0.000005 0.000000 0.000004
-40.674578 0.000001 0.000000 0.000000
-40.674581 0.000000 0.000000 0.000000
-40.674577 0.000000 0.000001 0.000000
-40.674581 0.000001 0.000000 0.000000
-40.674607 0.000002 0.000000 0.000001
-40.674789 0.000001 0.000010 0.000006
-40.674788 0.000002 0.000010 0.000006
-40.674867 0.000023 0.000008 0.000003
-40.674866 0.000023 0.000008 0.000003
-40.674639 0.000010 0.000000 0.000000
-40.674531 0.000000 0.000003 0.000000
-40.674587 0.000001 0.000001 0.000000
-40.674582 0.000001 0.000000 0.000000
-40.674590 0.000000 0.000002 0.000000
-40.674607 0.000002 0.000001 0.000001
-40.674616 0.000000 0.000002 0.000002
-40.674606 0.000001 0.000001 0.000002
-40.674589 0.000000 0.000001 0.000001
-40.674586 0.000002 0.000000 0.000000
-40.674585 0.000001 0.000001 0.000000
-40.674553 0.000000 0.000002 0.000001
-40.674561 0.000000 0.000001 0.000002
-40.674598 0.000002 0.000003 0.000001
-40.674590 0.000003 0.000003 0.000001
-40.674674 0.000005 0.000003 0.000002
-40.674675 0.000005 0.000004 0.000002
-40.674616 0.000003 0.000002 0.000001
-40.674595 0.000001 0.000001 0.000001
-40.674593 0.000002 0.000000 0.000001
-40.674604 0.000004 0.000000 0.000001
-40.674573 0.000000 0.000000 0.000000
-40.674588 0.000000 0.000001 0.000001
-40.674584 0.000004 0.000001 0.000000
-40.674582 0.000001 0.000001 0.000000
-40.674576 0.000002 0.000000 0.000000
-40.674567 0.000001 0.000000 0.000001
-40.674598 0.000001 0.000001 0.000001
-40.674575 0.000000 0.000000 0.000001
-40.674546 0.000002 0.000001 0.000001
-40.674590 0.000001 0.000001 0.000000
-40.674598 0.000001 0.000001 0.000000
-40.674589 0.000004 0.000000 0.000000
-40.674585 0.000004 0.000000 0.000000
-40.674573 0.000002 0.000001 0.000000
-40.674581 0.000000 0.000001 0.000000
-40.674592 0.000002 0.000000 0.000000
-40.674580 0.000000 0.000000 0.000000
-40.674592 0.000001 0.000001 0.000000
-40.674585 0.000000 0.000001 0.000001
-40.674580 0.000000 0.000000 0.000000
-40.674578 0.000000 0.000000 0.000000
-40.674590 0.000001 0.000001 0.000001
-40.674585 0.000001 0.000001 0.000000
-40.674584 0.000001 0.000000 0.000000
-40.674583 0.000000 0.000000 0.000001
-40.674598 0.000003 0.000000 0.000000
-40.674576 0.000001 0.000000 0.000001
-40.674575 0.000001 0.000000 0.000001
-40.674583 0.000002 0.000000 0.000000
-40.674581 0.000002 0.000000 0.000000
-40.674602 0.000002 0.000001 0.000000
-40.674603 0.000002 0.000001 0.000000
-40.674569 0.000000 0.000000 0.000000
-40.674573 -0.000000 0.000000 0.000000
-40.674566 0.000001 0.000000 0.000000
-40.674581 0.000001 0.000000 0.000000
-40.674582 0.000000 0.000001 0.000000
-40.674581 0.000000 0.000001 0.000000
-40.674581 0.000000 0.000001 0.000000
-40.674587 0.000000 0.000001 0.000001
-40.674583 0.000000 0.000000 0.000001
-40.674582 0.000000 0.000001 0.000000
-40.674581 0.000000 0.000000 0.000000
-40.674581 0.000001 0.000000 0.000000
-40.674580 0.000000 0.000001 0.000000
-40.674589 0.000001 0.000001 0.000001
-40.674588 0.000001 0.000000 0.000000
-40.674609 0.000004 0.000001 0.000000
-40.674582 0.000001 0.000000 0.000001
-40.674579 0.000001 0.000000 0.000001
-40.674594 0.000004 0.000000 0.000000
-40.674594 0.000004 0.000000 0.000000
-40.674586 0.000000 0.000001 0.000001
-40.674570 0.000000 0.000000 0.000000
-40.674582 0.000001 0.000000 0.000000
-40.674572 0.000000 0.000000 0.000000
-40.674583 0.000001 0.000000 0.000000
-40.674573 -0.000000 0.000000 0.000000
-40.674583 0.000000 0.000001 0.000000
-40.674581 0.000000 0.000000 0.000000
-40.674592 0.000001 0.000001 0.000000
-40.674590 0.000001 0.000001 0.000000
-40.674588 0.000001 0.000000 0.000000
-40.674587 0.000001 0.000000 0.000001
-40.674582 0.000001 0.000000 0.000001
-40.674581 0.000000 0.000001 0.000001
-40.674575 0.000001 0.000001 0.000000
-40.674588 0.000002 0.000000 0.000001
-40.674574 0.000000 0.000000 0.000001
-40.674601 0.000003 0.000001 0.000000
-40.674567 0.000000 0.000000 0.000000
-40.674586 0.000000 0.000001 0.000000
-40.674580 0.000000 0.000000 0.000000
-40.674582 0.000001 0.000000 0.000000
-40.674600 0.000002 0.000001 0.000001
-40.674583 0.000001 0.000000 0.000000
-40.674575 0.000000 0.000000 0.000000
-40.674584 0.000001 0.000000 0.000001
-40.674575 0.000000 0.000000 0.000000
-40.674584 0.000001 0.000000 0.000001
-40.674576 0.000000 0.000000 0.000000
-40.674584 0.000001 0.000001 0.000001
-40.674576 0.000000 0.000000 0.000000
-40.674582 0.000000 0.000000 0.000000
-40.674585 0.000001 0.000000 0.000001
-40.674584 0.000001 0.000000 0.000001
-40.674577 0.000000 0.000000 0.000000
-40.674583 0.000001 0.000000 0.000000
-40.674578 0.000000 0.000000 0.000000
-40.674584 0.000001 0.000000 0.000001
-40.674578 0.000000 0.000000 0.000000
-40.674582 0.000001 0.000000 0.000000
-40.674579 0.000000 0.000000 0.000000
-40.674582 0.000000 0.000000 0.000000
-40.674583 0.000001 0.000000 0.000000
-40.674579 0.000000 0.000000 0.000000
-40.674583 0.000000 0.000001 0.000000
-40.674579 0.000000 0.000000 0.000000
-40.674582 0.000000 0.000000 0.000000
-40.674582 0.000000 0.000000 0.000000
-40.674583 0.000001 0.000000 0.000000
-40.674580 0.000000 0.000000 0.000000
-40.674582 0.000000 0.000000 0.000000
-40.674583 0.000001 0.000000 0.000000
-40.674580 0.000000 0.000000 0.000000
-40.674587 0.000001 0.000000 0.000001
-40.674587 0.000000 0.000001 0.000000
-40.674606 0.000002 0.000001 0.000000
-40.674605 0.000003 0.000001 0.000000
-40.674612 0.000003 0.000001 0.000000
-40.674590 0.000000 0.000001 0.000001
-40.674585 0.000001 0.000001 0.000000
-40.674584 0.000001 0.000000 0.000000
-40.674583 0.000001 0.000000 0.000001
-40.674583 0.000001 0.000000 0.000000
-40.674581 0.000000 0.000000 0.000000
-40.674581 0.000001 0.000000 0.000000
-40.674579 0.000000 0.000000 0.000000
-40.674590 0.000001 0.000001 0.000000
-40.674589 0.000001 0.000000 0.000001
-40.674589 0.000001 0.000001 0.000000
-40.674586 0.000001 0.000000 0.000000
-40.674581 0.000000 0.000000 0.000000
-40.674590 0.000000 0.000001 0.000000
-40.674615 -0.000000 0.000003 0.000000
-40.674578 0.000000 -0.000000 0.000001
-40.674580 0.000001 0.000000 0.000001
-40.674579 0.000001 0.000001 0.000001
-40.674596 0.000002 0.000000 0.000001
-40.674584 0.000000 0.000000 0.000001
-40.674581 0.000000 0.000000 0.000000
-40.674582 0.000000 0.000001 0.000000
-40.674590 0.000000 0.000001 0.000000
-40.674588 0.000001 0.000001 0.000000
-40.674585 0.000001 0.000001 0.000000
-40.674590 0.000001 0.000001 0.000001
-40.674587 0.000001 0.000000 0.000000
-40.674585 0.000001 0.000001 0.000000
-40.674584 0.000001 0.000001 0.000000
-40.674578 0.000000 0.000000 0.000000
-40.674585 0.000000 0.000000 0.000001
-40.674582 0.000000 0.000000 0.000001
-40.674595 0.000000 0.000001 0.000001
-40.674571 0.000000 0.000000 0.000000
-40.674583 0.000000 0.000001 0.000000
-40.674584 0.000000 0.000001 0.000000
-40.674590 0.000000 0.000001 0.000000
-40.674586 0.000001 0.000001 0.000000
-40.674583 0.000000 0.000000 0.000000
-40.674584 0.000000 0.000000 0.000001
-40.674582 0.000001 0.000000 0.000000
-40.674582 0.000000 0.000000 0.000000
-40.674583 0.000000 0.000000 0.000001
-40.674581 0.000000 0.000000 0.000000
-40.674584 0.000000 0.000000 0.000001
-40.674587 0.000001 0.000001 0.000000
-40.674582 0.000001 0.000001 0.000001
-40.674596 0.000001 0.000001 0.000000
-40.674601 0.000001 0.000001 0.000001
-40.674589 0.000001 0.000001 0.000000
-40.674583 0.000000 0.000001 0.000000
-40.674581 0.000000 0.000000 0.000000
-40.674587 0.000001 0.000001 0.000001
-40.674583 0.000001 0.000000 0.000000
-40.674579 0.000000 0.000000 0.000000
-40.674586 0.000000 0.000001 0.000000
-40.674586 0.000000 0.000001 0.000001
-40.674583 0.000000 0.000000 0.000001
-40.674587 0.000000 0.000000 0.000001
-40.674592 0.000001 0.000001 0.000001
-40.674588 0.000000 0.000001 0.000000
-40.674580 0.000000 0.000000 0.000000
-40.674598 0.000000 0.000001 0.000001
-40.674582 0.000001 0.000000 0.000000
-40.674585 0.000001 0.000000 0.000001
-40.674589 0.000000 0.000001 0.000000
-40.674585 0.000001 0.000000 0.000000
-40.674584 0.000000 0.000001 0.000000
-40.674582 0.000000 0.000000 0.000000
-40.674584 0.000000 0.000000 0.000001
-40.674584 0.000001 0.000000 0.000001
-40.674583 0.000000 0.000001 0.000000
-40.674582 0.000000 0.000000 0.000000
-40.674582 0.000000 0.000000 0.000000
-40.674581 0.000000 0.000000 0.000000
-40.674584 0.000000 0.000000 0.000001
-40.674592 0.000000 0.000001 0.000000
-40.674597 0.000001 0.000001 0.000000
-40.674590 0.000000 0.000002 0.000000
-40.674593 0.000000 0.000002 0.000000
-40.674592 0.000002 0.000000 0.000001
-40.674600 0.000002 0.000001 0.000000
-40.674584 0.000001 0.000000 0.000000
-40.674581 0.000000 0.000000 0.000000
-40.674583 0.000000 0.000000 0.000001
-40.674583 0.000000 0.000000 0.000001
-40.674583 0.000000 0.000000 0.000001
-40.674578 0.000000 0.000000 0.000000
-40.674578 0.000001 0.000000 0.000000
-40.674591 0.000001 0.000001 0.000001
-40.674589 0.000001 0.000000 0.000001
-40.674580 0.000001 0.000000 0.000000
-40.674587 0.000001 0.000001 0.000000
-40.674583 0.000000 0.000000 0.000001
-40.674592 0.000000 0.000001 0.000000
-40.674591 0.000000 0.000001 0.000000
-40.674582 0.000000 0.000000 0.000001
-40.674594 0.000000 0.000001 0.000001
-40.674582 0.000000 0.000000 0.000001
-40.674585 0.000001 0.000000 0.000000
-40.674584 0.000001 0.000000 0.000001
-40.674584 0.000000 0.000001 0.000000
-40.674584 0.000000 0.000001 0.000000
-40.674583 0.000000 0.000001 0.000001
-40.674583 0.000000 0.000000 0.000000
-40.674582 0.000000 0.000000 0.000001
-40.674580 0.000000 0.000000 0.000000
-40.674591 0.000000 0.000001 0.000001
-40.674587 0.000001 0.000001 0.000001
-40.674582 0.000000 0.000000 0.000000
-40.674583 0.000000 0.000000 0.000001
-40.674593 0.000001 0.000001 0.000000
-40.674581 0.000001 0.000000 0.000000
-40.674584 0.000000 0.000001 0.000001
-40.674591 0.000001 0.000001 0.000001
-40.674584 0.000001 0.000000 0.000001
-40.674581 0.000000 0.000000 0.000000
-40.674583 0.000000 0.000000 0.000001
-40.674581 0.000000 0.000000 0.000000
-40.674584 0.000001 0.000000 0.000000
-40.674583 0.000000 0.000001 0.000000
-40.674583 0.000000 0.000001 0.000000
-40.674583 0.000000 0.000000 0.000000
-40.674582 0.000000 0.000000 0.000000
-40.674582 0.000000 0.000000 0.000000
-40.674583 0.000000 0.000000 0.000001
-40.674582 0.000000 0.000000 0.000000
-40.674582 0.000000 0.000000 0.000000
-40.674582 0.000000 0.000000 0.000000
-40.674593 0.000000 0.000001 0.000000
-40.674596 0.000000 0.000001 0.000001
-40.674579 0.000000 0.000000 0.000000
-40.674580 0.000000 0.000001 0.000000
-40.674593 0.000000 0.000001 0.000000
-40.674583 0.000000 0.000000 0.000001
-40.674582 0.000000 0.000000 0.000000
-40.674585 0.000001 0.000000 0.000001
-40.674584 0.000001 0.000000 0.000000
-40.674583 0.000000 0.000001 0.000000
-40.674582 0.000000 0.000000 0.000000
-40.674587 0.000001 0.000001 0.000000
-40.674584 0.000000 0.000001 0.000001
-40.674580 0.000000 0.000000 0.000000
-40.674582 0.000000 0.000000 0.000000
-40.674582 0.000001 0.000000 0.000000
-40.674583 0.000001 0.000000 0.000000
-40.674596 0.000001 0.000001 0.000001
-40.674590 0.000000 0.000001 0.000000
-40.674579 0.000000 0.000000 0.000001
-40.674586 0.000001 0.000001 0.000000
-40.674586 0.000001 0.000001 0.000000
-40.674582 0.000000 0.000000 0.000000
-40.674582 0.000000 0.000000 0.000000
-40.674583 0.000000 0.000000 0.000000
-40.674583 0.000000 0.000001 0.000000
-40.674583 0.000000 0.000000 0.000001
-40.674583 0.000000 0.000000 0.000001
-40.674584 0.000000 0.000000 0.000001
-40.674584 0.000001 0.000000 0.000000
-40.674583 0.000000 0.000000 0.000001
-40.674583 0.000000 0.000000 0.000000
-40.674583 0.000000 0.000000 0.000000
-40.674582 0.000000 0.000000 0.000000
-40.674594 0.000001 0.000001 0.000000
-40.674592 0.000000 0.000001 0.000001
-40.674582 0.000000 0.000000 0.000001
-40.674584 0.000000 0.000001 0.000001
-40.674583 0.000000 0.000000 0.000000
-40.674583 0.000000 0.000000 0.000000
-40.674583 0.000001 0.000001 0.000000
-40.674582 0.000000 0.000000 0.000000
-40.674583 0.000001 0.000000 0.000001
-40.674583 0.000000 0.000000 0.000000
-40.674583 0.000000 0.000000 0.000000
-40.674583 0.000000 0.000000 0.000000
-40.674583 0.000000 0.000000 0.000001
-40.674583 0.000000 0.000000 0.000000
-40.674583 0.000001 0.000000 0.000001
-40.674583 0.000001 0.000000 0.000000
-40.674583 0.000000 0.000000 0.000000
-40.674583 0.000000 0.000000 0.000000
-40.674594 0.000000 0.000001 0.000001
-40.674592 0.000000 0.000001 0.000000
-40.674581 0.000000 0.000000 0.000000
-40.674584 0.000001 0.000001 0.000001
-40.674584 0.000001 0.000001 0.000000
-40.674583 0.000001 0.000000 0.000000
-40.674583 0.000000 0.000000 0.000000
-40.674583 0.000000 0.000000 0.000000
-40.674583 0.000000 0.000000 0.000000
-40.674583 0.000000 0.000000 0.000000
-40.674583 0.000000 0.000000 0.000000
-40.674583 0.000000 0.000000 0.000000
-40.674583 0.000000 0.000000 0.000000
-40.674583 0.000000 0.000000 0.000000
-40.674583 0.000000 0.000000 0.000000
-40.674583 0.000000 0.000000 0.000000
-40.674583 0.000000 0.000000 0.000000
-40.674593 0.000000 0.000001 0.000000
-40.674593 0.000000 0.000001 0.000001
-40.674581 0.000000 0.000000 0.000000
-40.674582 0.000000 0.000000 0.000000
-40.674583 0.000001 0.000000 0.000000
-40.674583 0.000000 0.000000 0.000000
-40.674583 0.000000 0.000000 0.000000
-40.674583 0.000000 0.000000 0.000000
-40.674583 0.000000 0.000000 0.000000
-40.674583 0.000000 0.000000 0.000000
-40.674583 0.000000 0.000000 0.000000
-40.674583 0.000000 0.000000 0.000000
-40.674583 0.000000 0.000000 0.000000
-40.674583 0.000000 0.000000 0.000000
-40.674583 0.000000 0.000000 0.000000
-40.674583 0.000000 0.000000 0.000000
-40.674583 0.000000 0.000000 0.000000
-40.674593 0.000000 0.000001 0.000000
-40.674593 0.000000 0.000001 0.000000
-40.674582 0.000000 0.000000 0.000000
-40.674583 0.000000 0.000000 0.000001
-40.674583 0.000000 0.000000 0.000000
-40.674583 0.000000 0.000000 0.000000
-40.674583 0.000000 0.000000 0.000000
-40.674583 0.000000 0.000000 0.000000
-40.674583 0.000000 0.000000 0.000000
-40.674583 0.000000 0.000000 0.000000
-40.674583 0.000000 0.000000 0.000000
-40.674583 0.000000 0.000000 0.000000
-40.674583 0.000000 0.000000 0.000000
-40.674583 0.000000 0.000000 0.000000
-40.674583 0.000000 0.000000 0.000000
-40.674583 0.000000 0.000000 0.000000
-40.674593 0.000000 0.000001 0.000000
-40.674593 0.000000 0.000001 0.000000
-40.674582 0.000000 0.000000 0.000000
-40.674583 0.000000 0.000000 0.000000
-40.674583 0.000000 0.000000 0.000000
-40.674583 0.000000 0.000000 0.000000
-40.674583 0.000000 0.000000 0.000000
-40.674583 0.000000 0.000000 0.000000
-40.674583 0.000000 0.000000 0.000000
-40.674583 0.000000 0.000000 0.000000
-40.674583 0.000000 0.000000 0.000000
-40.674583 0.000000 0.000000 0.000000
-40.674583 0.000000 0.000000 0.000000
-40.674583 0.000000 0.000000 0.000000
-40.674583 0.000000 0.000000 0.000000
-40.674593 0.000000 0.000001 0.000000
-40.674593 0.000000 0.000001 0.000000
-40.674582 0.000000 0.000000 0.000000
-40.674583 0.000000 0.000000 0.000000
-40.674583 0.000000 0.000000 0.000000
-40.674583 0.000000 0.000000 0.000000
-40.674583 0.000000 0.000000 0.000000
-40.674583 0.000000 0.000000 0.000000
-40.674583 0.000000 0.000000 0.000000
-40.674583 0.000000 0.000000 0.000000
-40.674583 0.000000 0.000000 0.000000
-40.674583 0.000000 0.000000 0.000000
-40.674583 0.000000 0.000000 0.000000
-40.674583 0.000000 0.000000 0.000000
-40.674583 0.000000 0.000000 0.000000
-40.674583 0.000000 0.000000 0.000000
-40.674593 0.000000 0.000001 0.000000
-40.674593 0.000000 0.000001 0.000000
-40.674582 0.000000 0.000000 0.000000
-40.674583 0.000000 0.000000 0.000000
-40.674583 0.000000 0.000000 0.000000
-40.674583 0.000000 0.000000 0.000000
-40.674583 0.000000 0.000000 0.000000
-40.674583 0.000000 0.000000 0.000000
-40.674583 0.000000 0.000000 0.000000
-40.674583 0.000000 0.000000 0.000000
-40.674583 0.000000 0.000000 0.000000
-40.674583 0.000000 0.000000 0.000000
-40.674583 0.000000 0.000000 0.000000
-40.674583 0.000000 0.000000 0.000000
-40.674583 0.000000 0.000000 0.000000
-40.674583 0.000000 0.000000 0.000000
-40.674593 0.000000 0.000001 0.000000
-40.674593 0.000000 0.000001 0.000000
-40.674583 0.000000 0.000000 0.000000
-40.674583 0.000000 0.000000 0.000000
-40.674583 0.000000 0.000000 0.000000
-40.674583 0.000000 0.000000 0.000000
-40.674583 0.000000 0.000000 0.000000
-40.674583 0.000000 0.000000 0.000000
-40.674583 0.000000 0.000000 0.000000
-40.674583 0.000000 0.000000 0.000000
-40.674583 0.000000 0.000000 0.000000
-40.674583 0.000000 0.000000 0.000000
-40.674583 0.000000 0.000000 0.000000
-40.674583 0.000000 0.000000 0.000000
-40.674583 0.000000 0.000000 0.000000
-40.674583 0.000000 0.000000 0.000000
-40.674593 0.000000 0.000001 0.000000
-40.674593 0.000000 0.000001 0.000000
-40.674583 0.000000 0.000000 0.000000
-40.674583 0.000000 0.000000 0.000000
-40.674583 0.000000 0.000000 0.000000
-40.674583 0.000000 0.000000 0.000000
-40.674583 0.000000 0.000000 0.000000
-40.674583 0.000000 0.000000 0.000000
-40.674583 0.000000 0.000000 0.000000
-40.674583 0.000000 0.000000 0.000000
-40.674583 0.000000 0.000000 0.000000
-40.674583 0.000000 0.000000 0.000000
-40.674583 0.000000 0.000000 0.000000
-40.674583 0.000000 0.000000 0.000000
-40.674583 0.000000 0.000000 0.000000
-40.674583 0.000000 0.000000 0.000000
-40.674593 0.000000 0.000001 0.000000
-40.674593 0.000000 0.000001 0.000000
-40.674583 0.000000 0.000000 0.000000
-40.674583 0.000000 0.000000 0.000000
-40.674583 0.000000 0.000000 0.000000
-40.674583 0.000000 0.000000 0.000000
-40.674583 0.000000 0.000000 0.000000
-40.674583 0.000000 0.000000 0.000000
-40.674583 0.000000 0.000000 0.000000
-40.674583 0.000000 0.000000 0.000000
-40.674583 0.000000 0.000000 0.000000
-40.674583 0.000000 0.000000 0.000000
-40.674583 0.000000 0.000000 0.000000
-40.674583 0.000000 0.000000 0.000000
-40.674583 0.000000 0.000000 0.000000
-40.674593 0.000000 0.000001 0.000000
-40.674593 0.000000 0.000001 0.000000
-40.674583 0.000000 0.000000 0.000000
-40.674583 0.000000 0.000000 0.000000
-40.674583 0.000000 0.000000 0.000000
-40.674583 0.000000 0.000000 0.000000
-40.674583 0.000000 0.000000 0.000000
-40.674583 0.000000 0.000000 0.000000
-40.674583 0.000000 0.000000 0.000000
-40.674583 0.000000 0.000000 0.000000
-40.674583 0.000000 0.000000 0.000000
-40.674583 0.000000 0.000000 0.000000
-40.674583 0.000000 0.000000 0.000000
-40.674583 0.000000 0.000000 0.000000
-40.674583 0.000000 0.000000 0.000000
-40.674583 0.000000 0.000000 0.000000
-40.674593 0.000000 0.000001 0.000000
-40.674593 0.000000 0.000001 0.000000
-40.674583 0.000000 0.000000 0.000000
-40.674583 0.000000 0.000000 0.000000
-40.674583 0.000000 0.000000 0.000000
-40.674583 0.000000 0.000000 0.000000
-40.674583 0.000000 0.000000 0.000000
-40.674583 0.000000 0.000000 0.000000
-40.674583 0.000000 0.000000 0.000000
-40.674583 0.000000 0.000000 0.000000
-40.674583 0.000000 0.000000 0.000000
-40.674583 0.000000 0.000000 0.000000
-40.674583 0.000000 0.000000 0.000000
-40.674583 0.000000 0.000000 0.000000
-40.674583 0.000000 0.000000 0.000000
-40.674583 0.000000 0.000000 0.000000
-40.674593 0.000000 0.000001 0.000000
-40.674593 0.000000 0.000001 0.000000
-40.674583 0.000000 0.000000 0.000000
-40.674583 0.000000 0.000000 0.000000
-40.674583 0.000000 0.000000 0.000000
-40.674583 0.000000 0.000000 0.000000
-40.674583 0.000000 0.000000 0.000000
-40.674583 0.000000 0.000000 0.000000
-40.674583 0.000000 0.000000 0.000000
-40.674583 0.000000 0.000000 0.000000
-40.674583 0.000000 0.000000 0.000000
-40.674583 0.000000 0.000000 0.000000
-40.674583 0.000000 0.000000 0.000000
-40.674583 0.000000 0.000000 0.000000
-40.674583 0.000000 0.000000 0.000000
-40.674593 0.000000 0.000001 0.000000
-40.674593 0.000000 0.000001 0.000000
-40.674583 0.000000 0.000000 0.000000
-40.674583 0.000000 0.000000 0.000000
-40.674583 0.000000 0.000000 0.000000
-40.674583 0.000000 0.000000 0.000000
-40.674583 0.000000 0.000000 0.000000
-40.674583 0.000000 0.000000 0.000000
-40.674583 0.000000 0.000000 0.000000
-40.674583 0.000000 0.000000 0.000000
-40.674583 0.000000 0.000000 0.000000
-40.674583 0.000000 0.000000 0.000000
-40.674583 0.000000 0.000000 0.000000
-40.674583 0.000000 0.000000 0.000000
-40.674583 0.000000 0.000000 0.000000
-40.674583 0.000000 0.000000 0.000000
-40.674593 0.000000 0.000001 0.000000
-40.674593 0.000000 0.000001 0.000000
-40.674583 0.000000 0.000000 0.000000
-40.674583 0.000000 0.000000 0.000000
-40.674583 0.000000 0.000000 0.000000
-40.674583 0.000000 0.000000 0.000000
-40.674583 0.000000 0.000000 0.000000
-40.674583 0.000000 0.000000 0.000000
-40.674583 0.000000 0.000000 0.000000
-40.674583 0.000000 0.000000 0.000000
-40.674583 0.000000 0.000000 0.000000
-40.674583 0.000000 0.000000 0.000000
-40.674583 0.000000 0.000000 0.000000
-40.674583 0.000000 0.000000 0.000000
-40.674583 0.000000 0.000000 0.000000
-40.674583 0.000000 0.000000 0.000000
-40.674593 0.000000 0.000001 0.000000
-40.674593 0.000000 0.000001 0.000000
-40.674583 0.000000 0.000000 0.000000
-40.674583 0.000000 0.000000 0.000000
-40.674583 0.000000 0.000000 0.000000
-40.674583 0.000000 0.000000 0.000000
-40.674583 0.000000 0.000000 0.000000
-40.674583 0.000000 0.000000 0.000000
-40.674583 0.000000 0.000000 0.000000
-40.674583 0.000000 0.000000 0.000000
-40.674583 0.000000 0.000000 0.000000
-40.674583 0.000000 0.000000 0.000000
-40.674583 0.000000 0.000000 0.000000
-40.674583 0.000000 0.000000 0.000000
-40.674583 0.000000 0.000000 0.000000
-40.674593 0.000000 0.000001 0.000000
-40.674593 0.000000 0.000001 0.000000
-40.674583 0.000000 0.000000 0.000000
-40.674583 0.000000 0.000000 0.000000
-40.674583 0.000000 0.000000 0.000000
-40.674583 0.000000 0.000000 0.000000
-40.674583 0.000000 0.000000 0.000000
-40.674583 0.000000 0.000000 0.000000
-40.674583 0.000000 0.000000 0.000000
-40.674583 0.000000 0.000000 0.000000
-40.674583 0.000000 0.000000 0.000000
-40.674583 0.000000 0.000000 0.000000
-40.674583 0.000000 0.000000 0.000000
-40.674583 0.000000 0.000000 0.000000
-40.674583 0.000000 0.000000 0.000000
-40.674593 0.000000 0.000001 0.000000
-40.674593 0.000000 0.000001 0.000000
-40.674583 0.000000 0.000000 0.000000
-40.674583 0.000000 0.000000 0.000000
-40.674583 0.000000 0.000000 0.000000
-40.674583 0.000000 0.000000 0.000000
-40.674583 0.000000 0.000000 0.000000
-40.674583 0.000000 0.000000 0.000000
-40.674583 0.000000 0.000000 0.000000
-40.674583 0.000000 0.000000 0.000000
-40.674583 0.000000 0.000000 0.000000
-40.674583 0.000000 0.000000 0.000000
-40.674583 0.000000 0.000000 0.000000
-40.674593 0.000000 0.000001 0.000000
-40.674593 0.000000 0.000001 0.000000
-40.674583 0.000000 0.000000 0.000000
-40.674583 0.000000 0.000000 0.000000
-40.674583 0.000000 0.000000 0.000000
-40.674583 0.000000 0.000000 0.000000
-40.674583 0.000000 0.000000 0.000000
-40.674583 0.000000 0.000000 0.000000
-40.674593 0.000000 0.000001 0.000000
-40.674593 0.000000 0.000001 0.000000
-40.674583 0.000000 0.000000 0.000000
-40.674583 0.000000 0.000000 0.000000
-40.674583 0.000000 0.000000 0.000000
-40.674583 0.000000 0.000000 0.000000
-40.674583 0.000000 0.000000 0.000000
-40.674593 0.000000 0.000001 0.000000
-40.674593 0.000000 0.000001 0.000000
-40.674583 0.000000 0.000000 0.000000
-40.674583 0.000000 0.000000 0.000000
-40.674583 0.000000 0.000000 0.000000
-40.674583 0.000000 0.000000 0.000000
-40.674593 0.000000 0.000001 0.000000
-40.674593 0.000000 0.000001 0.000000
-40.674583 0.000000 0.000000 0.000000
-40.674583 0.000000 0.000000 0.000000
-40.674583 0.000000 0.000000 0.000000
-40.674583 0.000000 0.000000 0.000000
-40.674583 0.000000 0.000000 0.000000
-40.674583 0.000000 0.000000 0.000000
-40.674583 0.000000 0.000000 0.000000
-40.674583 0.000000 0.000000 0.000000
-40.674583 0.000000 0.000000 0.000000
-40.674583 0.000000 0.000000 0.000000
-40.674583 0.000000 0.000000 0.000000
-40.674593 0.000000 0.000001 0.000000
-40.674593 0.000000 0.000001 0.000000
-40.674583 0.000000 0.000000 0.000000
-40.674583 0.000000 0.000000 0.000000
-40.674583 0.000000 0.000000 0.000000
-40.674583 0.000000 0.000000 0.000000
-40.674583 0.000000 0.000000 0.000000
-40.674583 0.000000 0.000000 0.000000
-40.674593 0.000000 0.000001 0.000000
-40.674593 0.000000 0.000001 0.000000
-40.674583 0.000000 0.000000 0.000000
-40.674583 0.000000 0.000000 0.000000
