Computing variable bounds for the reduced problem ...Done
1	(   0        )	  6.5      inf
2	(  -1        )	277.003571 inf (Phase One)
3	(   1        )	136.996429 0     (Phase One)
4	(   4        )	449.20434  0     
5	(  -2        )	2097.03528  inf
6	(   3        )	   6.876736 0      
7	(   5        )	2698.419395 0       
8	(   2        )	 119.96472  0       
9	(   9        )	75793.591367 0       
10	(   2.7      )	   23.728964 0       
11	(   3.3      )	   35.916911 0       
12	(   2.85     )	   11.13394  0       
13	(   3.15     )	   14.016696 0       
14	(   2.93     )	    7.638331 0       
15	(   3.07     )	    8.592879 0       
16	(   2.97     )	    6.918677 0       
17	(   3.03     )	    7.28971  0       
18	(   2.99     )	    6.841437 0       
19	(   2.98     )	    6.855731 0       
20	(   2.96     )	    7.029337 0       
21	(   2.91     )	    8.266001 0       
22	(   2.49     )	   50.180723 0       
23	(   2.79     )	   15.332528 0       
24	(   2.89     )	    9.062564 0       
25	(   2.9859   )	    6.841353 0       
26	(   2.9736   )	    6.890471 0       
27	(   2.986    )	    6.841257 0       
28	(   2.9863   )	    6.840996 0       
29	(   2.9872   )	    6.840481 0       
30	(   2.9899   )	    6.841336 0       
31	(   2.9881   )	    6.840366 0       
32	(   2.989    )	    6.84065  0       

BBE ( SOL ) OBJ CONS_H
33	(   2.9877   )	    6.840368 0       
34	(   2.9908   )	    6.842423 0       
35	(   2.9885   )	    6.840443 0       
36	(   2.9879   )	    6.840357 0       
37	(   2.9873   )	    6.840449 0       
38	(   2.988    )	    6.840359 0       
39	(   2.9379   )	    7.43852  0       
40	(   2.9884   )	    6.840416 0       
41	(   2.9878   )	    6.84036  0       
42	(   2.9679   )	    6.937989 0       
43	(   2.9779   )	    6.864946 0       
44	(   2.987908 )	    6.840357 0       
45	(   2.987892 )	    6.840357 0       
46	(   2.987896 )	    6.840357 0       
47	(   2.9929   )	    6.846526 0       
48	(   2.98785  )	    6.840358 0       
49	(   2.987909 )	    6.840357 0       
50	(   2.987904 )	    6.840357 0       
51	(   2.98792  )	    6.840357 0       
52	(   2.987909 )	    6.840357 0       
53	(   2.9889   )	    6.840599 0       
54	(   2.98789  )	    6.840357 0       
55	(   2.98791  )	    6.840357 0       
56	(   2.9874   )	    6.840421 0       
57	(   2.98791  )	    6.840357 0       
58	(   2.98791  )	    6.840357 0       
59	(   2.98791  )	    6.840357 0       
60	(   2.98791  )	    6.840357 0       
61	(   2.98791  )	    6.840357 0       
62	(   2.98791  )	    6.840357 0       
63	(   2.98795  )	    6.840357 0       
64	(   2.9879   )	    6.840357 0       
65	(   2.98788  )	    6.840357 0       
66	(   2.98791  )	    6.840357 0       
67	(   2.987895 )	    6.840357 0       
68	(   2.987905 )	    6.840357 0       
69	(   2.987898 )	    6.840357 0       
70	(   2.987902 )	    6.840357 0       
71	(   2.987899 )	    6.840357 0       
72	(   2.987901 )	    6.840357 0       

BBE ( SOL ) OBJ CONS_H
73	(   2.987898 )	    6.840357 0       
74	(   2.9879   )	    6.840357 0       
75	(   2.9879   )	    6.840357 0       
76	(   2.9879   )	    6.840357 0       
77	(   2.9879   )	    6.840357 0       
78	(   2.9879   )	    6.840357 0       
79	(   2.9879   )	    6.840357 0       
80	(   2.9879   )	    6.840357 0       
81	(   2.9879   )	    6.840357 0       
82	(   2.9879   )	    6.840357 0       
83	(   2.9879   )	    6.840357 0       
84	(   2.9879   )	    6.840357 0       
85	(   2.9879   )	    6.840357 0       
86	(   2.9879   )	    6.840357 0       
87	(   2.9879   )	    6.840357 0       
88	(   2.9879   )	    6.840357 0       
89	(   2.9879   )	    6.840357 0       
90	(   2.9879   )	    6.840357 0       
91	(   2.9879   )	    6.840357 0       
92	(   2.9879   )	    6.840357 0       
93	(   2.9879   )	    6.840357 0       
94	(   2.9879   )	    6.840357 0       
95	(   2.9879   )	    6.840357 0       
96	(   2.9879   )	    6.840357 0       
97	(   2.9879   )	    6.840357 0       
98	(   2.9879   )	    6.840357 0       
99	(   2.9879   )	    6.840357 0       
100	(   2.9879   )	    6.840357 0       
101	(   2.9879   )	    6.840357 0       
102	(   2.9879   )	    6.840357 0       
103	(   2.9879   )	    6.840357 0       
104	(   2.9879   )	    6.840357 0       
105	(   2.9879   )	    6.840357 0       
106	(   2.9879   )	    6.840357 0       
107	(   2.9879   )	    6.840357 0       
108	(   2.9879   )	    6.840357 0       
109	(   2.9879   )	    6.840357 0       
110	(   2.9879   )	    6.840357 0       
111	(   2.9879   )	    6.840357 0       
112	(   2.9879   )	    6.840357 0       

BBE ( SOL ) OBJ CONS_H
113	(   2.9879   )	    6.840357 0       
114	(   2.9879   )	    6.840357 0       
115	(   2.9879   )	    6.840357 0       
116	(   2.9879   )	    6.840357 0       
117	(   2.9879   )	    6.840357 0       
118	(   2.9879   )	    6.840357 0       
119	(   2.9879   )	    6.840357 0       
120	(   2.9879   )	    6.840357 0       
121	(   2.9879   )	    6.840357 0       
122	(   2.9879   )	    6.840357 0       
A termination criterion is reached: No termination (all). Mesh minimum precision reached (Algo)

Best feasible solution:     #3045 ( 2.9879 )	Evaluation OK	 f =   6.8403570000000000206 	 h =   0                     

Best infeasible solution:   Undefined.

Blackbox evaluations:         122
Total model evaluations:      7175
Cache hits:                   150
Total number of evaluations:  272
