Computing variable bounds for the reduced problem ...Done
1	(   0.0        0.0      )	 10.765432
2	(  -1          1        )	142.728395
3	(   1          1        )	  9.558424
4	(   4          4        )	26635.060325
5	(  -0          1        )	  125.280626
6	(   1          0        )	  243.698401
7	(  -1          0        )	  178.546534
8	(   2         -1        )	 3323.603165
9	(   2          0        )	 1555.707205
10	(   2          2        )	  645.930375
11	(   0.54       0.79     )	   42.656716
12	(   0.46       0.21     )	   43.389238
13	(   0.52       0.65     )	   39.46659 
14	(   0.48       0.35     )	   40.490196
15	(   0.51       0.58     )	   38.871619
16	(   0.49       0.42     )	   39.509076
17	(   0.51       0.54     )	   38.717699
18	(   0.49       0.46     )	   39.031022
19	(   0.51       0.52     )	   38.761115
20	(   0.97       1.5      )	   70.574888
21	(   0.5        0.97     )	   60.899004
22	(   1.01       1        )	    9.259703
23	(   1.04       1        )	    8.675611
24	(   1.13       1        )	   10.04734 
25	(   0.82       0.82     )	   23.591528
26	(   2.05       2        )	  703.683159
27	(   0.51       0.5      )	   38.88315 
28	(   0.54       0.97     )	   55.391241
29	(   1.01       1.5      )	   64.413706
30	(   1.05       1        )	    8.589351
31	(   1.08       1        )	    8.674747

BBE ( SOL ) OBJ
32	(   2.13       2        )	  808.634453
33	(   0.53       0.5      )	   39.003677
34	(   0.67       0.5      )	   42.714486
35	(   0.55       1.38     )	  121.763674
36	(   1.06       1        )	    8.559545
37	(   1.09       1        )	    8.82251 
38	(   0.82       0.88     )	   21.739922
39	(   2.11       2        )	  780.891859
40	(   0.83       0.5      )	   55.271776
41	(   0.56       1.23     )	   87.785793
42	(   1.07       1        )	    8.587553
43	(   1.13       1.2      )	    5.293762
44	(   1.34       1.8      )	  165.481281
45	(   0.82       0.85     )	   22.49726 
46	(   1.12       1.2      )	    5.60388 
47	(   1.19       1.4      )	   24.129812
48	(   1.09       1.1      )	    4.837178
49	(   1.1        1.1      )	    4.669513
50	(   1.09       1.05     )	    6.102726
51	(   1.11       1.15     )	    4.470336
52	(   1.12       1.15     )	    4.254844
53	(   1.14       1.18     )	    4.431122
54	(   1.11       1.13     )	    4.318833
55	(   1.12       1.13     )	    4.16961 
56	(   1.13       1.12     )	    4.169983
57	(   1.13       1.15     )	    4.101264
58	(   1.14       1.16     )	    4.084801
59	(   1.14       1.14     )	    4.002916
60	(   1.15       1.14     )	    4.011143
61	(   1.16       1.17     )	    4.10872 
62	(   1.15       1.16     )	    4.026368
63	(   1.14       1.08     )	    5.305961
64	(   0.85       0.9      )	   19.528681
65	(   1.14       1.12     )	    4.181653
66	(   1.15       1.15     )	    3.985639
67	(   1.14       1.15     )	    4.011043
68	(   1.18       1.18     )	    4.339454
69	(   0.86       0.9      )	   18.964837
70	(   0.65       1.05     )	   47.290214
71	(   1.05       1.65     )	  109.055225

BBE ( SOL ) OBJ
72	(   1.16       1.15     )	    4.026521
73	(   1.19       1.15     )	    4.561763
74	(   1.35       1.3      )	   17.920497
75	(   1.3        0.95     )	   37.347782
76	(   1.1        1.12     )	    4.514166
77	(   1.13       1.14     )	    4.059769
78	(   1.05       1.12     )	    6.266486
79	(   1.12       1.25     )	    8.623745
80	(   1.1469     1.1472   )	    3.984071
81	(   1.1376     1.1388   )	    4.013119
82	(   1.1469     1.1473   )	    3.984069
83	(   1.1469     1.1476   )	    3.984101
84	(   1.147      1.1473   )	    3.984032
85	(   1.1473     1.1473   )	    3.983963
86	(   1.1482     1.1473   )	    3.984113
87	(   1.1474     1.1474   )	    3.983941
88	(   1.1477     1.1475   )	    3.983925
89	(   1.1486     1.1478   )	    3.984152
90	(   1.1478     1.1476   )	    3.983922
91	(   1.1481     1.1478   )	    3.983955
92	(   1.1481     1.1479   )	    3.983951
93	(   1.1481     1.1477   )	    3.983964
94	(   1.1476     1.1475   )	    3.983921
95	(   1.147      1.1472   )	    3.984038
96	(   1.1477     1.1476   )	    3.983915
97	(   1.1477     1.1477   )	    3.983912
98	(   1.1477     1.148    )	    3.983943
99	(   1.1478     1.1478   )	    3.983916
100	(   1.1478     1.1477   )	    3.983915
101	(   1.0977     1.1278   )	    4.575602
102	(   1.1278     1.1977   )	    5.263812
103	(   1.1484     1.1474   )	    3.984172
104	(   1.1472     1.1472   )	    3.983992
105	(   1.1476     1.1476   )	    3.983915
106	(   1.1277     1.1419   )	    4.086261
107	(   1.1535     1.1277   )	    4.166012
108	(   1.1478     1.148    )	    3.983936
109	(   1.1377     1.146    )	    4.011945
110	(   1.1494     1.1377   )	    4.023501
111	(   1.147686   1.147693 )	    3.983912

BBE ( SOL ) OBJ
112	(   1.147686   1.147793 )	    3.983916
113	(   1.147697   1.147648 )	    3.983913
114	(   1.1427     1.147464 )	    3.991763
115	(   1.147464   1.1527   )	    3.992599
116	(   1.147752   1.147652 )	    3.983914
117	(   1.147699   1.147693 )	    3.983912
118	(   1.147687   1.1477   )	    3.983912
119	(   1.14769    1.147698 )	    3.983912
120	(   1.1497     1.147807 )	    3.985164
121	(   1.147807   1.1457   )	    3.9853  
122	(   1.147679   1.147719 )	    3.983913
123	(   1.147699   1.147694 )	    3.983912
124	(   1.147696   1.147695 )	    3.983912
125	(   1.1487     1.147732 )	    3.984231
126	(   1.147732   1.1467   )	    3.98425 
127	(   1.14769    1.14771  )	    3.983912
128	(   1.147699   1.147694 )	    3.983912
129	(   1.147696   1.147695 )	    3.983912
130	(   1.1482     1.147781 )	    3.983983
131	(   1.147781   1.1472   )	    3.984009
132	(   1.147694   1.147704 )	    3.983912
133	(   1.147699   1.147695 )	    3.983912
134	(   1.147636   1.1475   )	    3.983922
135	(   1.1479     1.147636 )	    3.983931
136	(   1.147699   1.147703 )	    3.983912
137	(   1.147697   1.14769  )	    3.983912
138	(   1.1478     1.147718 )	    3.983915
139	(   1.147718   1.1476   )	    3.983916
140	(   1.147699   1.147701 )	    3.983912
141	(   1.147697   1.147692 )	    3.983912
142	(   1.147704   1.14765  )	    3.983913
143	(   1.14775    1.147704 )	    3.983913
144	(   1.147699   1.1477   )	    3.983912
145	(   1.147682   1.14768  )	    3.983912
146	(   1.14768    1.147718 )	    3.983913
147	(   1.147738   1.147702 )	    3.983913
148	(   1.14769    1.147695 )	    3.983912
149	(   1.147695   1.14771  )	    3.983912
150	(   1.147715   1.147695 )	    3.983912
151	(   1.147699   1.147695 )	    3.983912

BBE ( SOL ) OBJ
152	(   1.147695   1.147701 )	    3.983912
153	(   1.147706   1.147704 )	    3.983912
154	(   1.147698   1.147699 )	    3.983912
155	(   1.147699   1.147702 )	    3.983912
156	(   1.147703   1.147699 )	    3.983912
157	(   1.1477     1.147699 )	    3.983912
158	(   1.1477     1.147698 )	    3.983912
159	(   1.1477     1.147701 )	    3.983912
160	(   1.147701   1.1477   )	    3.983912
161	(   1.147699   1.147699 )	    3.983912
162	(   1.1477     1.147702 )	    3.983912
163	(   1.1477     1.147702 )	    3.983912
164	(   1.147701   1.1477   )	    3.983912
165	(   1.1477     1.1477   )	    3.983912
166	(   1.147699   1.1477   )	    3.983912
167	(   1.147699   1.1477   )	    3.983912
168	(   1.147699   1.1477   )	    3.983912
169	(   1.1477     1.1477   )	    3.983912
170	(   1.1477     1.1477   )	    3.983912
171	(   1.1477     1.1477   )	    3.983912
172	(   1.147699   1.1477   )	    3.983912
173	(   1.147699   1.1477   )	    3.983912
174	(   1.1477     1.1477   )	    3.983912
175	(   1.1477     1.1477   )	    3.983912
176	(   1.1477     1.1477   )	    3.983912
177	(   1.1477     1.1477   )	    3.983912
178	(   1.1477     1.1477   )	    3.983912
179	(   1.1477     1.1477   )	    3.983912
180	(   1.1477     1.1477   )	    3.983912
181	(   1.1477     1.1477   )	    3.983912
182	(   1.1477     1.1477   )	    3.983912
183	(   1.1477     1.1477   )	    3.983912
184	(   1.1477     1.1477   )	    3.983912
185	(   1.1477     1.1477   )	    3.983912
186	(   1.1477     1.1477   )	    3.983912
187	(   1.1477     1.1477   )	    3.983912
188	(   1.1477     1.1477   )	    3.983912
189	(   1.1477     1.1477   )	    3.983912
190	(   1.1477     1.1477   )	    3.983912
191	(   1.1477     1.1477   )	    3.983912

BBE ( SOL ) OBJ
192	(   1.1477     1.1477   )	    3.983912
193	(   1.1477     1.1477   )	    3.983912
194	(   1.1477     1.1477   )	    3.983912
195	(   1.1477     1.1477   )	    3.983912
196	(   1.1477     1.1477   )	    3.983912
197	(   1.1477     1.1477   )	    3.983912
198	(   1.1477     1.1477   )	    3.983912
199	(   1.1477     1.1477   )	    3.983912
200	(   1.1477     1.1477   )	    3.983912
201	(   1.1477     1.1477   )	    3.983912
202	(   1.1477     1.1477   )	    3.983912
203	(   1.1477     1.1477   )	    3.983912
204	(   1.1477     1.1477   )	    3.983912
205	(   1.1477     1.1477   )	    3.983912
206	(   1.1477     1.1477   )	    3.983912
207	(   1.1477     1.1477   )	    3.983912
208	(   1.1477     1.1477   )	    3.983912
209	(   1.1477     1.1477   )	    3.983912
210	(   1.1477     1.1477   )	    3.983912
211	(   1.1477     1.1477   )	    3.983912
212	(   1.1477     1.1477   )	    3.983912
213	(   1.1477     1.1477   )	    3.983912
214	(   1.1477     1.1477   )	    3.983912
215	(   1.1477     1.1477   )	    3.983912
216	(   1.1477     1.1477   )	    3.983912
217	(   1.1477     1.1477   )	    3.983912
218	(   1.1477     1.1477   )	    3.983912
219	(   1.1477     1.1477   )	    3.983912
220	(   1.1477     1.1477   )	    3.983912
221	(   1.1477     1.1477   )	    3.983912
222	(   1.1477     1.1477   )	    3.983912
223	(   1.1477     1.1477   )	    3.983912
224	(   1.1477     1.1477   )	    3.983912
225	(   1.1477     1.1477   )	    3.983912
226	(   1.1477     1.1477   )	    3.983912
227	(   1.1477     1.1477   )	    3.983912
228	(   1.1477     1.1477   )	    3.983912
229	(   1.1477     1.1477   )	    3.983912
230	(   1.1477     1.1477   )	    3.983912
231	(   1.1477     1.1477   )	    3.983912

BBE ( SOL ) OBJ
232	(   1.1477     1.1477   )	    3.983912
233	(   1.1477     1.1477   )	    3.983912
234	(   1.1477     1.1477   )	    3.983912
235	(   1.1477     1.1477   )	    3.983912
236	(   1.1477     1.1477   )	    3.983912
237	(   1.1477     1.1477   )	    3.983912
238	(   1.1477     1.1477   )	    3.983912
239	(   1.1477     1.1477   )	    3.983912
240	(   1.1477     1.1477   )	    3.983912
241	(   1.1477     1.1477   )	    3.983912
242	(   1.1477     1.1477   )	    3.983912
243	(   1.1477     1.1477   )	    3.983912
244	(   1.1477     1.1477   )	    3.983912
245	(   1.1477     1.1477   )	    3.983912
246	(   1.1477     1.1477   )	    3.983912
247	(   1.1477     1.1477   )	    3.983912
248	(   1.1477     1.1477   )	    3.983912
249	(   1.1477     1.1477   )	    3.983912
250	(   1.1477     1.1477   )	    3.983912
251	(   1.1477     1.1477   )	    3.983912
252	(   1.1477     1.1477   )	    3.983912
253	(   1.1477     1.1477   )	    3.983912
254	(   1.1477     1.1477   )	    3.983912
255	(   1.1477     1.1477   )	    3.983912
256	(   1.1477     1.1477   )	    3.983912
257	(   1.1477     1.1477   )	    3.983912
258	(   1.1477     1.1477   )	    3.983912
259	(   1.1477     1.1477   )	    3.983912
260	(   1.1477     1.1477   )	    3.983912
261	(   1.1477     1.1477   )	    3.983912
262	(   1.1477     1.1477   )	    3.983912
263	(   1.1477     1.1477   )	    3.983912
264	(   1.1477     1.1477   )	    3.983912
265	(   1.1477     1.1477   )	    3.983912
266	(   1.1477     1.1477   )	    3.983912
267	(   1.1477     1.1477   )	    3.983912
268	(   1.1477     1.1477   )	    3.983912
A termination criterion is reached: No termination (all). Mesh minimum precision reached (Algo)

Best feasible solution:     #12726 ( 1.1477 1.1477 )	Evaluation OK	 f =   3.9839120000000001198 	 h =   0                     

Best infeasible solution:   Undefined.

Blackbox evaluations:         268
Total model evaluations:      20973
Cache hits:                   84
Total number of evaluations:  352
