Computing variable bounds for the reduced problem ...Done
1	(   0.0        0        )	 10.765432 inf
2	(  -1          1        )	142.728395 inf (Phase One)
3	(   1          1        )	  9.558424 0     (Phase One)
4	(   4          4        )	26635.060325 0     
5	(   6          4        )	88744.50964  0      
6	(   1          2        )	  310.334144 0       
7	(  -2         -1        )	 2933.493017 inf
8	(   3          3        )	 6487.460245 0       
9	(  -1          0        )	  178.546534 inf
10	(   2          2        )	  645.930375 0       
11	(   0          1        )	  125.280626 0       
12	(   1          0        )	  243.698401 0       
13	(   2          1        )	  491.786834 0       
14	(   0.65       0.84     )	   34.658346 0       
15	(   1.65       0.84     )	  228.177205 0       
16	(   0.41       0.96     )	   72.054737 0       
17	(   1.24       0.88     )	   39.720407 0       
18	(   1.03       0.9      )	   15.88187  0       
19	(   1.38       1.06     )	   35.517313 0       
20	(   0.83       0.9      )	   20.760597 0       
21	(   1.2        1        )	   14.853097 0       
22	(   1.17       1.1      )	    5.267809 0       

BBE ( SOL ) OBJ CONS_H
23	(   1.24       1.2      )	    6.307221 0       
24	(   0.97       1.1      )	   11.060307 0       
25	(   1.03       1.08     )	    6.947987 0       
26	(   1.2        1.18     )	    4.70763  0       
27	(   1.3        1.27     )	   11.724423 0       
28	(   1.34       1.2      )	   15.457905 0       
29	(   1.11       1.11     )	    4.418975 0       
30	(   1.14       1.19     )	    4.704648 0       
31	(   1.05       1.12     )	    6.266486 0       
32	(   1.16       1.17     )	    4.10872  0       
33	(   1.13       1.09     )	    4.811311 0       
34	(   1.14       1.17     )	    4.224667 0       
35	(   1.19       1.23     )	    5.774263 0       
36	(   1.13       1.14     )	    4.059769 0       
37	(   1.15       1.14     )	    4.011143 0       
38	(   1.16       1.13     )	    4.211676 0       
39	(   1.12       1.11     )	    4.338372 0       
40	(   1.15       1.16     )	    4.026368 0       
41	(   1.17       1.16     )	    4.109061 0       
42	(   1.14       1.15     )	    4.011043 0       
43	(   1.14       1.13     )	    4.059943 0       
44	(   1.15       1.15     )	    3.985639 0       
45	(   1.14       1.16     )	    4.084801 0       
46	(   1.18       1.15     )	    4.313083 0       
47	(   0.94       1.11     )	   14.084021 0       
48	(   0.75       1.65     )	  163.528145 0       
49	(   0.65       0.75     )	   33.520971 0       
50	(   1.16       1.15     )	    4.026521 0       
51	(   1.13       1.13     )	    4.082832 0       
52	(   0.95       1.04     )	   11.562088 0       
53	(   1.04       1.35     )	   27.366811 0       
54	(   1.05       1.11     )	    6.145936 0       
55	(   1.11       1.25     )	    9.134661 0       
56	(   1.1442     1.1458   )	    3.986903 0       
57	(   1.1542     1.1458   )	    4.003258 0       
58	(   1.1507     1.1469   )	    3.987899 0       
59	(   1.1435     1.1489   )	    3.991887 0       
60	(   1.1489     1.1474   )	    3.984536 0       
61	(   1.1547     1.1516   )	    3.996044 0       
62	(   1.1468     1.1473   )	    3.984111 0       

BBE ( SOL ) OBJ CONS_H
63	(   1.1457     1.1447   )	    3.986174 0       
64	(   1.1489     1.1487   )	    3.984317 0       
65	(   1.1468     1.1486   )	    3.984722 0       
66	(   1.1484     1.1477   )	    3.984073 0       
67	(   1.1463     1.1463   )	    3.984545 0       
68	(   1.1483     1.1481   )	    3.984004 0       
69	(   1.148      1.1493   )	    3.984631 0       
70	(   1.1443     1.146    )	    3.986731 0       
71	(   1.1499     1.1485   )	    3.985132 0       
72	(   1.1476     1.1476   )	    3.983915 0       
73	(   1.1455     1.1461   )	    3.985168 0       
74	(   1.1475     1.148    )	    3.983977 0       
75	(   1.0976     1.105    )	    4.646645 0       
76	(   1.105      1.1976   )	    6.069226 0       
77	(   1.1485     1.1475   )	    3.984189 0       
78	(   1.1473     1.1474   )	    3.983954 0       
79	(   1.1474     1.147    )	    3.984031 0       
80	(   1.1475     1.1478   )	    3.983936 0       
81	(   1.1478     1.148    )	    3.983936 0       
82	(   1.1477     1.1479   )	    3.983926 0       
83	(   1.1447     1.1276   )	    4.098894 0       
84	(   1.1276     1.1505   )	    4.136572 0       
85	(   1.1478     1.1478   )	    3.983916 0       
86	(   1.1477     1.1475   )	    3.983925 0       
87	(   1.1477     1.1476   )	    3.983915 0       
88	(   1.1557     1.1576   )	    4.011183 0       
89	(   1.1376     1.1557   )	    4.065323 0       
90	(   1.1476     1.1474   )	    3.983934 0       
91	(   1.147688   1.147702 )	    3.983912 0       
92	(   1.147952   1.148008 )	    3.983939 0       
93	(   1.147683   1.147689 )	    3.983912 0       
94	(   1.147771   1.147791 )	    3.983915 0       
95	(   1.147728   1.147743 )	    3.983913 0       
96	(   1.145419   1.142702 )	    3.990007 0       
97	(   1.152688   1.145433 )	    3.997641 0       
98	(   1.147661   1.147775 )	    3.983916 0       
99	(   1.147695   1.147692 )	    3.983912 0       
100	(   1.147676   1.147699 )	    3.983912 0       
101	(   1.147681   1.147697 )	    3.983912 0       
102	(   1.149688   1.148795 )	    3.984885 0       

BBE ( SOL ) OBJ CONS_H
103	(   1.148781   1.145702 )	    3.986332 0       
104	(   1.147657   1.147711 )	    3.983913 0       
105	(   1.147698   1.147694 )	    3.983912 0       
106	(   1.14769    1.147694 )	    3.983912 0       
107	(   1.148688   1.148167 )	    3.984152 0       
108	(   1.148153   1.146702 )	    3.984456 0       
109	(   1.147673   1.147707 )	    3.983913 0       
110	(   1.147699   1.147694 )	    3.983912 0       
111	(   1.14769    1.147694 )	    3.983912 0       
112	(   1.148188   1.14775  )	    3.983983 0       
113	(   1.147736   1.147202 )	    3.983999 0       
114	(   1.147683   1.147707 )	    3.983912 0       
115	(   1.147697   1.147694 )	    3.983912 0       
116	(   1.147888   1.147718 )	    3.983923 0       
117	(   1.147704   1.147502 )	    3.983925 0       
118	(   1.147686   1.147704 )	    3.983912 0       
119	(   1.147696   1.147693 )	    3.983912 0       
120	(   1.147603   1.147602 )	    3.983915 0       
121	(   1.147788   1.147617 )	    3.983919 0       
122	(   1.147688   1.147704 )	    3.983912 0       
123	(   1.147695   1.147686 )	    3.983912 0       
124	(   1.147738   1.14767  )	    3.983913 0       
125	(   1.147656   1.147652 )	    3.983913 0       
126	(   1.147688   1.147703 )	    3.983912 0       
127	(   1.147668   1.147688 )	    3.983912 0       
128	(   1.147689   1.147682 )	    3.983912 0       
129	(   1.147708   1.147703 )	    3.983912 0       
130	(   1.147667   1.147721 )	    3.983913 0       
131	(   1.147693   1.147692 )	    3.983912 0       
132	(   1.147698   1.147707 )	    3.983912 0       
133	(   1.147673   1.147707 )	    3.983913 0       
134	(   1.147685   1.147707 )	    3.983912 0       
135	(   1.147693   1.147705 )	    3.983912 0       
136	(   1.147686   1.147694 )	    3.983912 0       
137	(   1.147688   1.1477   )	    3.983912 0       
138	(   1.147686   1.147702 )	    3.983912 0       
139	(   1.14769    1.147704 )	    3.983912 0       
140	(   1.147679   1.147705 )	    3.983912 0       
141	(   1.147682   1.147702 )	    3.983912 0       
142	(   1.147688   1.147703 )	    3.983912 0       

BBE ( SOL ) OBJ CONS_H
143	(   1.147689   1.147702 )	    3.983912 0       
144	(   1.147687   1.147701 )	    3.983912 0       
145	(   1.147686   1.147702 )	    3.983912 0       
146	(   1.147686   1.147702 )	    3.983912 0       
147	(   1.147688   1.147701 )	    3.983912 0       
148	(   1.147687   1.147702 )	    3.983912 0       
149	(   1.147688   1.147703 )	    3.983912 0       
150	(   1.147688   1.147702 )	    3.983912 0       
151	(   1.147688   1.147702 )	    3.983912 0       
152	(   1.147688   1.147702 )	    3.983912 0       
153	(   1.147688   1.147702 )	    3.983912 0       
154	(   1.147688   1.147702 )	    3.983912 0       
155	(   1.147689   1.147702 )	    3.983912 0       
156	(   1.147688   1.147702 )	    3.983912 0       
157	(   1.147688   1.147702 )	    3.983912 0       
158	(   1.147688   1.147702 )	    3.983912 0       
159	(   1.147688   1.147702 )	    3.983912 0       
160	(   1.147688   1.147702 )	    3.983912 0       
161	(   1.147688   1.147702 )	    3.983912 0       
162	(   1.147688   1.147702 )	    3.983912 0       
163	(   1.147688   1.147702 )	    3.983912 0       
164	(   1.147688   1.147702 )	    3.983912 0       
165	(   1.147688   1.147702 )	    3.983912 0       
166	(   1.147688   1.147702 )	    3.983912 0       
167	(   1.147688   1.147702 )	    3.983912 0       
168	(   1.147688   1.147702 )	    3.983912 0       
169	(   1.147688   1.147702 )	    3.983912 0       
170	(   1.147688   1.147702 )	    3.983912 0       
171	(   1.147688   1.147702 )	    3.983912 0       
172	(   1.147688   1.147702 )	    3.983912 0       
173	(   1.147688   1.147702 )	    3.983912 0       
174	(   1.147688   1.147702 )	    3.983912 0       
175	(   1.147688   1.147702 )	    3.983912 0       
176	(   1.147688   1.147702 )	    3.983912 0       
177	(   1.147688   1.147702 )	    3.983912 0       
178	(   1.147688   1.147702 )	    3.983912 0       
179	(   1.147688   1.147702 )	    3.983912 0       
180	(   1.147688   1.147702 )	    3.983912 0       
181	(   1.147688   1.147702 )	    3.983912 0       
182	(   1.147688   1.147702 )	    3.983912 0       

BBE ( SOL ) OBJ CONS_H
183	(   1.147688   1.147702 )	    3.983912 0       
184	(   1.147688   1.147702 )	    3.983912 0       
185	(   1.147688   1.147702 )	    3.983912 0       
186	(   1.147688   1.147702 )	    3.983912 0       
187	(   1.147688   1.147702 )	    3.983912 0       
188	(   1.147688   1.147702 )	    3.983912 0       
189	(   1.147688   1.147702 )	    3.983912 0       
190	(   1.147688   1.147702 )	    3.983912 0       
191	(   1.147688   1.147702 )	    3.983912 0       
192	(   1.147688   1.147702 )	    3.983912 0       
193	(   1.147688   1.147702 )	    3.983912 0       
194	(   1.147688   1.147702 )	    3.983912 0       
195	(   1.147688   1.147702 )	    3.983912 0       
196	(   1.147688   1.147702 )	    3.983912 0       
197	(   1.147688   1.147702 )	    3.983912 0       
198	(   1.147688   1.147702 )	    3.983912 0       
199	(   1.147688   1.147702 )	    3.983912 0       
200	(   1.147688   1.147702 )	    3.983912 0       
201	(   1.147688   1.147702 )	    3.983912 0       
202	(   1.147688   1.147702 )	    3.983912 0       
203	(   1.147688   1.147702 )	    3.983912 0       
204	(   1.147688   1.147702 )	    3.983912 0       
205	(   1.147688   1.147702 )	    3.983912 0       
206	(   1.147688   1.147702 )	    3.983912 0       
207	(   1.147688   1.147702 )	    3.983912 0       
208	(   1.147688   1.147702 )	    3.983912 0       
209	(   1.147688   1.147702 )	    3.983912 0       
210	(   1.147688   1.147702 )	    3.983912 0       
211	(   1.147688   1.147702 )	    3.983912 0       
212	(   1.147688   1.147702 )	    3.983912 0       
213	(   1.147688   1.147702 )	    3.983912 0       
214	(   1.147688   1.147702 )	    3.983912 0       
215	(   1.147688   1.147702 )	    3.983912 0       
216	(   1.147688   1.147702 )	    3.983912 0       
217	(   1.147688   1.147702 )	    3.983912 0       
218	(   1.147688   1.147702 )	    3.983912 0       
219	(   1.147688   1.147702 )	    3.983912 0       
220	(   1.147688   1.147702 )	    3.983912 0       
221	(   1.147688   1.147702 )	    3.983912 0       
222	(   1.147688   1.147702 )	    3.983912 0       

BBE ( SOL ) OBJ CONS_H
223	(   1.147688   1.147702 )	    3.983912 0       
224	(   1.147688   1.147702 )	    3.983912 0       
225	(   1.147688   1.147702 )	    3.983912 0       
226	(   1.147688   1.147702 )	    3.983912 0       
227	(   1.147688   1.147702 )	    3.983912 0       
228	(   1.147688   1.147702 )	    3.983912 0       
229	(   1.147688   1.147702 )	    3.983912 0       
230	(   1.147688   1.147702 )	    3.983912 0       
231	(   1.147688   1.147702 )	    3.983912 0       
232	(   1.147688   1.147702 )	    3.983912 0       
233	(   1.147688   1.147702 )	    3.983912 0       
234	(   1.147688   1.147702 )	    3.983912 0       
235	(   1.147688   1.147702 )	    3.983912 0       
236	(   1.147688   1.147702 )	    3.983912 0       
237	(   1.147688   1.147702 )	    3.983912 0       
238	(   1.147688   1.147702 )	    3.983912 0       
239	(   1.147688   1.147702 )	    3.983912 0       
240	(   1.147688   1.147702 )	    3.983912 0       
241	(   1.147688   1.147702 )	    3.983912 0       
242	(   1.147688   1.147702 )	    3.983912 0       
243	(   1.147688   1.147702 )	    3.983912 0       
244	(   1.147688   1.147702 )	    3.983912 0       
245	(   1.147688   1.147702 )	    3.983912 0       
246	(   1.147688   1.147702 )	    3.983912 0       
247	(   1.147688   1.147702 )	    3.983912 0       
248	(   1.147688   1.147702 )	    3.983912 0       
249	(   1.147688   1.147702 )	    3.983912 0       
A termination criterion is reached: No termination (all). Mesh minimum precision reached (Algo)

Best feasible solution:     #7212 ( 1.14769 1.1477 )	Evaluation OK	 f =   3.9839120000000001198 	 h =   0                     

Best infeasible solution:   Undefined.

Blackbox evaluations:         249
Total model evaluations:      14508
Cache hits:                   70
Total number of evaluations:  319
