1.000000 2.000000 0.828427 11.757359
22.000000 2.000000 0.828427 17.757359
3.000000 2.000000 0.171573 16.757359
7.000000 1.000000 5.828427 31.757359
19.000000 2.000000 3.171573 4.757359
4369.000000 2.000000 3.171573 4.242641
485707.000000 2.000000 104.828427 1327.242641
3699.000000 2.000000 1.171573 30.757359
659.000000 2.000000 5.171573 7.757359
57227.000000 1.000000 3.828427 59.242641
343.000000 1.000000 5.171573 5.757359
4194.000000 3.000000 3.171573 4.242641
10102.000000 3.000000 79.828427 730.242641
15646.769600 2.000000 0.428427 24.882641
20.676100 2.000000 3.771573 7.617359
302.520873 2.000000 4.411573 2.734959
757.902611 2.000000 4.531573 1.546959
4493.399625 2.000000 5.911573 0.135041
4198.277718 3.400000 2.011573 8.047041
691.104767 1.600000 5.881573 3.301459
2529.805103 2.800000 5.301573 0.095741
268.961318 2.720000 5.431573 4.514959
2557.082236 2.180000 5.291573 0.341759
373.761082 1.400000 3.811573 1.506959
89.721900 0.580000 5.858427 27.278259
16299.749614 2.150000 4.271573 7.752641
271.405687 2.040000 4.701573 2.218259
371.637006 1.050000 4.301573 2.744259
116.652627 1.220000 3.311573 2.456959
72.240079 0.730000 4.668427 28.542959
45.689064 1.090000 12.908427 64.653759
1386.271812 1.770000 4.651573 1.167759
960.880506 0.940000 4.541573 1.704259
696.918456 1.880000 4.641573 0.238259
336.483435 0.890000 4.451573 1.545759
274.681667 0.770000 0.251573 8.323759
731.646034 1.510000 5.301573 1.344259
7.234963 1.220000 2.311573 11.016959
222.044115 1.220000 0.311573 8.176959
760.364115 1.220000 5.311573 1.456959
35.852627 1.220000 3.688427 31.736959
19.873939 2.220000 5.688427 27.176959
123.972627 0.220000 3.311573 3.456959
7065.938067 1.220000 8.311573 2.456959
266.233939 2.220000 5.311573 4.736959
7.474963 0.220000 5.688427 8.823041
5.194170 0.680000 1.811573 8.306959
107.243325 0.010000 0.531573 10.586959
729.068206 1.410000 4.861573 0.673459
327.726471 1.850000 4.301573 2.304259
115.496766 1.230000 3.811573 3.846959
116.201163 0.790000 3.311573 2.956959
700.524357 0.970000 2.321573 9.529859
7.098689 1.430000 0.678427 9.569859
87.299077 1.050000 0.801573 0.955741
190.228421 1.050000 55.198427 343.475741
107.824741 1.050000 2.801573 2.044259
276.784741 2.050000 3.801573 0.044259
276.744741 2.050000 1.801573 1.955741
271.299077 1.050000 1.198427 5.695741
1329.564741 1.050000 6.198427 26.955741
5449.659397 1.050000 5.801573 0.955741
18.776613 2.050000 1.801573 0.044259
1907.612293 0.950000 7.198427 1.784259
190.935300 0.540000 54.728427 344.072641
20.425196 0.920000 2.001573 0.536259
19.239266 1.630000 0.628427 1.742641
22.865388 2.030000 4.288427 9.551041
90.040417 1.290000 2.781573 0.399459
11.153614 0.730000 0.701573 0.988259
39.719715 0.060000 1.348427 2.967759
7.222500 1.260000 1.308427 1.132241
7.628134 0.190000 1.378427 0.840141
9.487803 0.030000 1.151573 1.647759
11.655832 0.390000 1.418427 0.444541
29.116900 0.300000 1.851573 1.419759
8.665906 0.870000 1.268427 0.749041
25.266996 1.260000 4.778427 8.430141
7.895000 0.340000 0.921573 0.969859
25.374859 0.210000 1.721573 0.809859
9.399109 0.710000 1.268427 0.609041
33.152300 0.110000 1.378427 1.169859
22.673400 0.760000 0.238427 0.674541
10.680022 0.980000 0.861573 1.143459
9.032930 0.390000 1.318427 0.602541
9.652706 0.340000 0.731573 0.880959
22.687301 0.640000 1.941573 0.920259
11.679596 0.450000 1.328427 0.372641
25.260717 0.660000 1.831573 1.112959
10.479093 0.450000 1.278427 0.420141
23.301822 0.600000 1.861573 0.873459
11.903870 0.480000 1.278427 0.310141
24.296058 0.610000 1.811573 0.946959
11.433889 0.490000 1.258427 0.327741
7.664881 0.230000 1.148427 0.570241
6.080106 0.390000 0.881573 0.621459
24.133220 0.330000 1.921573 0.629859
10.435893 0.450000 1.218427 0.350541
7.860182 0.530000 1.318427 0.782541
7.270241 0.380000 0.861573 0.773459
23.615046 0.390000 1.851573 0.559759
9.889150 0.440000 1.198427 0.375741
23.504189 0.400000 1.831573 0.582959
9.667895 0.430000 1.188427 0.383041
23.446978 0.410000 1.821573 0.589859
9.550208 0.420000 1.188427 0.393041
23.382439 0.420000 1.821573 0.599859
9.460606 0.420000 1.188427 0.403041
646.513400 1.760000 15.238427 64.674541
21.575832 0.760000 1.761573 0.325459
8.595768 0.760000 1.238427 0.674541
22.042936 0.760000 2.238427 0.674541
24.593400 0.760000 0.761573 1.505459
35.475768 0.240000 4.238427 6.674541
273.033400 0.760000 8.238427 26.674541
20.493400 1.760000 1.761573 0.325459
103.875096 0.760000 0.761573 0.145459
642.569406 2.020000 15.718427 65.300541
36.394680 0.820000 1.351573 1.039759
22.705400 0.380000 0.278427 0.720141
25.083087 0.670000 1.281573 0.440541
6.366303 0.460000 0.721573 0.409859
30.415300 0.760000 1.411573 0.845041
7.145746 0.450000 0.651573 0.427759
24.441906 0.730000 1.161573 0.422541
5.691900 0.470000 0.701573 0.268259
68.651306 0.250000 4.338427 4.662541
26.157582 0.630000 1.241573 0.477741
26.521400 0.620000 0.278427 0.720141
27.873400 0.620000 4.278427 4.620141
24.421400 0.380000 1.721573 0.279859
5.605400 0.380000 0.721573 0.279859
24.465400 0.380000 0.721573 1.379859
30.485400 0.620000 0.278427 0.279859
77.825400 3.620000 0.278427 3.279859
67.017400 0.380000 4.278427 4.620141
22.741400 0.380000 0.278427 1.720141
30.245400 0.620000 0.721573 2.379859
115.181400 2.620000 3.278427 5.720141
99.301400 0.620000 0.721573 0.279859
91.909400 1.380000 3.278427 7.720141
59.613400 1.620000 2.278427 4.179859
0.983822 1.540000 0.358427 0.754541
37.621008 0.580000 0.721573 0.925959
17.908252 0.590000 0.421573 1.133259
28.089228 0.520000 0.101173 1.018651
23.860000 0.120000 1.148427 0.269541
48.046359 0.560000 0.070673 0.903768
47.325009 1.140000 0.159073 1.582384
44.723844 1.910000 1.698427 1.682541
2.375422 1.050000 0.358427 0.264541
34.185808 0.200000 0.721573 0.545959
4.169343 0.630000 0.181573 0.116759
2.378806 1.030000 0.348427 0.244241
14.218148 0.050000 0.134027 0.125345
22.974397 0.160000 1.056027 1.497417
22.846606 0.140000 0.920827 0.939273
7.884307 0.310000 0.557473 0.354570
566.487016 1.910000 7.652027 26.839657
23.821981 0.130000 1.232527 1.714430
8.207728 0.300000 0.529173 0.366191
6.959647 0.110000 0.425973 0.490555
27.238147 0.300000 0.943973 0.770883
23.229926 0.980000 0.097327 0.860472
16.264916 0.550000 0.089073 0.352484
25.302701 0.380000 0.173973 0.253217
6.425475 0.540000 2.928427 3.636641
564.445416 1.690000 7.652027 27.059657
13.015066 0.380000 0.182827 0.184113
58.543477 0.040000 0.806527 1.851762
6.646970 0.460000 0.256673 0.235952
9.247494 0.010000 0.049073 0.029116
10.890436 0.280000 0.250927 0.135334
23.126396 0.410000 0.450027 0.854877
8.842000 0.180000 0.271573 0.254859
26.535872 0.410000 2.282827 3.602687
5.881302 0.290000 0.192527 0.091870
7.211600 0.150000 0.480927 0.022834
7.138237 0.110000 0.081173 0.203151
17.786160 0.900000 0.458527 0.891310
9.890362 1.320000 1.100927 1.497866
9.704591 0.510000 0.423973 0.022435
79.694770 1.130000 1.229073 0.048084
23.727872 0.110000 2.282827 3.302687
8.148122 0.340000 0.330827 0.069009
8.319654 0.050000 0.119973 0.102123
10.812507 0.250000 0.093327 0.743002
8.485636 0.140000 0.071327 0.022224
18.937955 0.320000 0.205473 0.162250
6.798043 0.130000 0.060527 0.066940
11.310025 0.180000 0.038427 0.003759
8.574314 0.210000 0.286527 0.032188
10.554621 0.010000 0.010527 0.015222
6.518555 0.090000 0.076673 0.147952
9.696229 0.110000 0.006527 0.009462
9.346500 0.200000 0.130927 0.034616
8.430951 0.010000 0.056673 0.036252
22.134223 0.110000 1.000527 0.979860
9.801454 0.050000 0.039473 0.070778
8.571715 0.490000 0.080673 0.093136
10.394001 0.020000 0.464673 0.591712
17.622967 1.200000 0.179973 1.122123
22.109137 0.040000 0.439073 0.062866
6.649565 0.090000 0.429473 0.234128
10.533148 0.680000 2.484027 3.319145
23.041423 0.070000 1.000527 0.799860
14.242154 0.100000 0.116673 0.067834
7.858058 0.070000 0.012027 0.032175
10.849958 0.120000 0.114673 0.032588
8.810255 0.040000 0.301473 0.326110
14.698937 0.540000 0.038027 0.457315
13.065361 -0.000000 0.215173 0.019147
13.765681 0.140000 0.174527 0.313182
6.163239 0.420000 0.548527 0.454892
8.734292 0.100000 0.066673 0.102166
9.333787 0.060000 0.019073 0.000334
9.788026 0.010000 0.121473 0.064308
12.177950 0.030000 0.134673 0.029812
11.812142 0.210000 0.020527 0.184778
9.112846 0.030000 0.076673 0.092566
10.652833 0.090000 0.010527 0.022722
10.358449 0.070000 0.391327 0.454058
8.007230 0.146000 0.018369 0.003284
9.740375 0.026000 0.014484 0.002040
11.396578 0.054400 0.077088 0.033052
8.562386 0.041400 0.011150 0.017903
10.522442 0.018200 0.013133 0.052140
9.963585 0.048600 0.012392 0.033590
9.762179 0.023900 0.015708 0.026620
10.836907 0.013900 0.101943 0.014618
9.429668 0.004000 0.035573 0.023080
8.736505 0.015200 0.046333 0.048686
10.025341 0.009800 0.002032 0.029545
11.572197 0.055000 0.008627 0.067985
9.204702 0.022300 0.013892 0.006606
10.413043 0.002900 0.036123 0.001808
10.131099 0.027500 0.019295 0.010447
9.485820 0.010500 0.027691 0.014815
9.502331 0.014900 0.033184 0.026524
9.959475 0.019400 0.002515 0.003661
10.358928 0.003700 0.028114 0.000060
9.881448 -0.000000 0.006095 0.039116
9.986168 0.009800 0.001251 0.013330
10.228707 0.050100 0.022401 0.009941
9.839102 0.009500 0.005940 0.002825
9.471750 0.013100 0.025636 0.013843
10.104540 0.006000 0.011400 0.001885
11.141702 0.010000 0.031543 0.033185
9.632137 0.016700 0.007085 0.003946
9.364208 0.009000 0.004648 0.008379
9.569632 0.010600 0.006308 0.009403
9.890898 0.014800 0.002743 0.010855
9.824540 0.006900 0.000216 0.007065
9.484087 0.014600 0.002577 0.009346
9.855601 0.003700 0.001521 0.007771
9.988599 0.007500 0.005472 0.001298
10.602313 0.006700 0.015175 0.019209
9.614316 0.002600 0.002448 0.001043
9.546408 0.011000 0.010256 0.009078
9.985529 0.006700 0.004821 0.001679
8.970550 0.002600 0.007152 0.020170
9.884969 0.012600 0.008952 0.000086
9.791099 0.007400 0.001048 0.003840
10.096977 0.112600 0.030048 0.088165
12.256568 0.132600 0.012552 0.026990
8.682516 0.052600 0.130048 0.207085
9.848241 0.047400 0.192848 0.023892
10.086330 0.077400 0.028952 0.007624
7.603175 0.157400 0.327952 0.352421
8.964300 0.000700 0.002742 0.024031
9.864756 0.012100 0.001579 0.004318
9.835092 0.002100 0.000481 0.004276
9.108887 0.007700 0.060948 0.048512
9.169717 0.046000 0.013909 0.052493
9.756868 0.023000 0.046600 0.002124
10.122823 0.002000 0.046587 0.006935
9.585093 0.048300 0.001258 0.000462
10.048027 0.081200 0.040409 0.016429
9.648167 0.006100 0.004839 0.006704
9.900073 0.004100 0.002589 0.000582
9.420566 0.004700 0.030848 0.009816
9.560020 0.002400 0.022273 0.014549
9.987971 0.037800 0.008790 0.009046
9.774559 0.001800 0.027830 0.023566
9.816547 0.022500 0.010396 0.028300
9.183340 0.005000 0.086243 0.022766
9.793579 0.002100 0.003036 0.005837
9.594209 0.008700 0.003243 0.002780
9.884632 0.002900 0.002611 0.000741
9.816419 0.009500 0.003417 0.004943
9.797362 0.003200 0.000012 0.001616
9.818164 0.003800 0.001798 0.007292
9.799428 0.000600 0.001799 0.002472
9.672491 0.004200 0.001564 0.000135
9.670049 0.001100 0.000614 0.005437
9.793728 0.001300 0.000250 0.001822
9.781912 0.003400 0.003963 0.014054
9.883939 0.004400 0.002426 0.000429
9.723615 0.002100 0.000614 0.000048
9.519058 0.004500 0.002963 0.005324
9.610041 0.004700 0.002781 0.000820
9.814607 0.001000 0.001127 0.000426
10.138671 0.010300 0.007241 0.000179
9.999636 0.005000 0.005203 0.002900
9.718512 0.000600 0.001111 0.000044
9.436979 0.001900 0.006625 0.003111
9.698606 0.000300 0.000789 0.000044
9.691373 0.001500 0.001589 0.000044
9.597765 0.000300 0.010789 0.000044
8.692323 0.069700 0.086591 0.194875
9.069095 0.050300 0.180563 0.044042
9.999849 0.039700 0.117753 0.037113
12.129319 0.079700 0.071183 0.075602
9.538503 0.120300 0.009849 0.017560
9.473514 0.020300 0.526473 0.393540
9.639498 0.003000 0.006489 0.000044
9.665206 0.001500 0.000394 0.002023
9.760829 0.000500 0.000300 0.000775
10.944230 0.064400 0.008183 0.014209
9.452757 0.004600 0.055849 0.037187
9.467499 0.044600 0.028232 0.081845
9.902088 0.012300 0.071080 0.008375
9.837298 0.046400 0.007799 0.003977
8.772529 0.047500 0.148974 0.139622
9.749990 0.003000 0.001625 0.000100
9.730818 0.000800 0.000052 0.000025
9.828959 0.002300 0.002521 0.000063
9.798159 0.001500 0.001198 0.000106
9.771657 0.000700 0.000534 0.000038
9.391164 0.023500 0.023130 0.009942
10.194116 0.025900 0.042048 0.020753
9.705370 0.014300 0.033843 0.041602
10.331939 0.012200 0.033321 0.033559
10.264818 0.013100 0.106086 0.059506
8.645549 0.067600 0.160271 0.058056
9.659539 0.001700 0.001193 0.000864
9.774838 0.000300 0.000476 0.000160
9.909754 0.003600 0.002252 0.000431
9.776438 0.001400 0.001537 0.000334
9.732370 0.000100 0.000483 0.000038
9.607961 0.000500 0.003128 0.000771
9.723233 -0.000000 0.000267 0.000874
9.731761 0.000100 0.000128 0.000501
10.288401 0.010500 0.072765 0.043773
10.316631 0.005600 0.010977 0.015223
9.626857 0.019900 0.028053 0.041258
9.495044 0.002700 0.051209 0.027506
9.756297 0.019700 0.003108 0.002681
9.010479 0.013000 0.005060 0.011454
9.695893 0.000400 0.000756 0.000367
9.752323 0.000400 0.000243 0.000089
9.812838 0.001900 0.000522 0.000442
9.791394 -0.000000 0.000902 0.000247
9.721274 0.000300 0.000358 0.000049
9.629166 -0.000000 0.002232 0.000104
9.754742 0.000600 0.000057 0.000227
9.748703 0.000200 0.000016 0.000152
9.832030 0.001700 0.000962 0.000429
9.700020 0.000500 0.000528 0.000026
9.755302 0.000100 0.000174 0.000176
9.592001 0.004000 0.011894 0.024860
9.626780 0.001200 0.031135 0.015862
9.666109 0.011500 0.020004 0.016379
10.129952 0.004000 0.002836 0.002092
9.697252 0.022000 0.004421 0.000466
9.800671 0.004900 0.066170 0.055500
9.752075 -0.000000 0.000074 0.000336
9.637758 0.000195 0.011717 0.008863
9.679974 0.000098 0.005891 0.009026
9.816906 0.006700 0.006235 0.006791
9.747478 0.000072 0.011307 0.000486
9.754694 0.010413 0.002832 0.000305
9.860839 0.004692 0.015704 0.023734
9.759522 0.000260 0.000639 0.000088
9.739138 0.000010 0.000205 0.000005
9.710272 0.000560 0.000886 0.000456
9.734231 0.000404 0.000375 0.000054
9.747416 0.000199 0.000084 0.000059
9.626367 0.000101 0.009790 0.008145
9.734533 0.002183 0.007988 0.000049
9.769835 0.006314 0.006071 0.008085
9.820842 0.000949 0.002835 0.003839
9.719540 0.005882 0.013280 0.005315
9.766456 0.002861 0.017279 0.017797
9.710614 0.000560 0.000854 0.000481
9.775938 0.000345 0.000362 0.000035
9.734880 0.000139 0.000175 0.000030
9.706741 0.000100 0.010507 0.005186
9.663251 0.000120 0.006197 0.006557
9.767837 0.002146 0.000631 0.001728
9.709239 0.000127 0.001438 0.001829
9.749800 0.002123 0.000551 0.000355
9.839790 0.000110 0.018270 0.015178
9.738097 0.000011 0.000044 0.000501
9.748576 0.000003 0.000044 0.000127
9.777019 0.000043 0.000800 0.000500
9.732207 0.000153 0.000192 0.000133
9.749518 0.000037 0.000081 0.000099
9.752335 0.000157 0.000183 0.000785
9.739069 0.000317 0.000029 0.000118
9.746194 0.000070 0.000039 0.000111
9.731661 0.000888 0.002516 0.000677
9.727392 0.000030 0.009890 0.006420
9.823606 0.001710 0.004507 0.003786
9.745011 0.000553 0.004936 0.003656
9.778333 0.003025 0.002378 0.003309
9.692978 0.001842 0.010998 0.001599
9.752357 0.000157 0.000193 0.000779
9.757480 0.000105 0.000256 0.000026
9.740527 0.000078 0.000067 0.000029
9.713663 0.000422 0.000027 0.000184
9.742178 0.000214 0.000068 0.000018
9.746182 0.000096 0.000014 0.000019
9.763185 0.000151 0.000255 0.000012
9.753221 0.000038 0.000242 0.000070
9.742667 0.000002 0.000086 0.000009
9.732143 0.000280 0.000302 0.000020
9.744889 0.000127 0.000116 0.000125
9.745868 0.000020 0.000001 0.000051
9.755489 0.000086 0.000266 0.000175
9.741351 0.000044 0.000016 0.000204
9.746772 0.000013 0.000033 0.000046
9.680238 0.000334 0.005459 0.005029
9.726085 0.000397 0.011171 0.006591
9.764073 0.002502 0.000374 0.001919
9.746750 0.002452 0.000590 0.002173
9.749273 0.005187 0.000525 0.000381
9.810064 0.005194 0.018173 0.014764
9.739289 0.000104 0.000080 0.000074
9.746965 0.000002 0.000040 0.000056
9.751055 0.000165 0.005117 0.002096
9.707889 0.000117 0.006580 0.005124
9.759003 0.001056 0.000283 0.001019
9.741274 0.000113 0.000553 0.000365
9.746445 0.001997 0.000073 0.000026
9.769891 0.000996 0.012629 0.008220
9.750858 0.000042 0.000077 0.000007
9.751557 0.000660 0.000906 0.001003
9.732626 0.000221 0.002653 0.001667
9.737917 0.000270 0.000274 0.000779
9.749894 0.000017 0.000528 0.000060
9.746708 0.000947 0.000032 0.000040
9.756555 0.000375 0.004341 0.003234
9.747069 0.000115 0.000021 0.000012
9.746402 0.000043 0.000016 0.000018
9.748006 0.000233 0.000070 0.000083
9.740618 0.000056 0.000066 0.000028
9.748295 0.000017 0.000042 0.000013
9.753981 0.000197 0.000117 0.000003
9.751058 0.000005 0.000093 0.000027
9.744768 0.000002 0.000041 0.000014
9.734203 0.000061 0.000038 0.000015
9.745876 0.000011 0.000066 0.000037
9.746693 0.000001 0.000014 0.000033
9.752470 0.000001 0.000179 0.000090
9.746036 0.000008 0.000066 0.000096
9.746583 0.000008 0.000008 0.000010
9.746251 0.000027 0.000010 0.000139
9.747228 0.000036 0.000032 0.000025
9.746889 0.000022 0.000024 0.000006
9.686530 0.000085 0.005511 0.004469
9.733819 0.000070 0.005511 0.003476
9.754088 0.000973 0.000176 0.000925
9.757264 0.000494 0.000639 0.000834
9.745828 0.000990 0.000058 0.000033
9.802600 0.000478 0.010351 0.008108
9.746253 0.000026 0.000010 0.000139
9.746887 0.000037 0.000017 0.000000
9.730477 0.000409 0.000456 0.000102
9.764986 0.000540 0.001934 0.001783
9.758398 0.000411 0.001575 0.000581
9.766651 0.000361 0.003004 0.002454
9.738830 0.000427 0.001461 0.001075
9.720330 0.001281 0.005450 0.003786
9.744429 0.000015 0.000017 0.000000
9.735159 0.000081 0.001734 0.001297
9.736692 0.000110 0.001292 0.000895
9.744720 0.000183 0.000092 0.000230
9.738287 0.000160 0.000100 0.000023
9.747096 0.000200 0.000006 0.000010
9.777659 0.000161 0.002896 0.002462
9.747824 0.000001 0.000040 0.000007
9.741299 0.000019 0.000235 0.000198
9.749928 0.000036 0.000384 0.000417
9.750901 0.000114 0.000749 0.000450
9.746716 0.000005 0.000128 0.000057
9.748828 0.000154 0.000514 0.000407
9.741832 0.000054 0.001237 0.000959
9.746080 0.000056 0.000039 0.000004
9.746685 0.000014 0.000003 0.000001
9.746992 0.000077 0.000037 0.000033
9.744688 0.000012 0.000035 0.000014
9.745471 0.000009 0.000017 0.000009
9.744926 0.000018 0.000037 0.000091
9.748021 0.000029 0.000007 0.000092
9.745344 0.000158 0.000594 0.000459
9.748156 0.000019 0.000275 0.000154
9.744624 0.000150 0.000498 0.000254
9.749041 0.000008 0.000841 0.000736
9.745330 0.000015 0.000022 0.000035
9.746352 0.000005 0.000005 0.000016
9.745145 0.000026 0.000185 0.000119
9.745976 0.000058 0.000257 0.000185
9.747204 0.000042 0.000040 0.000070
9.746996 0.000084 0.000106 0.000005
9.746603 0.000015 0.000032 0.000003
9.748187 0.000107 0.000535 0.000367
9.746189 0.000004 0.000044 0.000000
9.746500 0.000011 0.000013 0.000003
9.745747 0.000014 0.000026 0.000013
9.746033 0.000005 0.000014 0.000008
9.747390 0.000007 0.000031 0.000002
9.745951 0.000005 0.000005 0.000006
9.746348 0.000003 0.000005 0.000013
9.746140 0.000014 0.000005 0.000006
9.746650 0.000002 0.000014 0.000017
9.746187 0.000004 0.000007 0.000002
9.746561 0.000011 0.000010 0.000000
9.746111 0.000010 0.000002 0.000009
9.745951 0.000021 0.000009 0.000002
9.746409 0.000003 0.000005 0.000001
9.745717 0.000010 0.000008 0.000001
9.745801 0.000004 0.000000 0.000020
9.746212 0.000001 0.000004 0.000004
9.746080 0.000014 0.000010 0.000007
9.746103 0.000004 0.000001 0.000005
9.746627 0.000010 0.000003 0.000003
9.746400 0.000005 0.000000 0.000002
9.746573 0.000010 0.000011 0.000004
9.746106 0.000001 0.000001 0.000004
9.746305 0.000002 0.000003 0.000001
9.746364 0.000006 0.000008 0.000000
9.746470 0.000004 0.000001 0.000004
9.746188 0.000003 0.000005 0.000001
9.746243 0.000001 0.000002 0.000001
9.746037 0.000005 0.000002 0.000004
9.746362 0.000001 0.000000 0.000002
9.746355 0.000000 0.000006 0.000006
9.746247 0.000001 0.000001 0.000002
9.746106 0.000006 0.000001 0.000002
9.746326 0.000002 0.000000 0.000001
9.746487 0.000002 0.000001 0.000005
9.746202 0.000001 0.000001 0.000002
9.746247 0.000003 0.000002 0.000001
9.746262 0.000002 0.000001 0.000001
9.746374 0.000002 0.000001 0.000003
9.746245 0.000000 0.000000 0.000000
9.746328 0.000001 0.000002 0.000001
9.746308 0.000001 0.000001 0.000000
9.746332 0.000000 0.000003 0.000001
9.746279 0.000001 0.000000 0.000001
9.746364 0.000000 0.000002 0.000001
9.746334 0.000000 0.000001 0.000000
9.746285 0.000002 0.000000 0.000002
9.746316 0.000001 0.000000 0.000000
9.746231 0.000003 0.000001 0.000002
9.746329 0.000000 0.000000 0.000001
9.746333 0.000000 0.000001 0.000001
9.746320 0.000000 0.000000 0.000000
6.882937 2.000000 1.000000 0.625389
3.477978 1.000000 1.080293 1.880225
5.751818 1.000000 0.080293 0.254836
9.472405 0.000000 1.000000 1.625389
18.325640 0.000000 0.000000 1.000000
41.889239 0.000000 1.000000 0.000000
19.407058 2.000000 0.080293 1.254836
35.339807 1.000000 8.160585 17.857693
14.558814 1.400000 0.210557 0.416943
4.732596 1.300000 1.741352 2.244728
6.754029 0.010000 0.030147 0.150835
9.715259 0.600000 0.570520 0.056784
5.973760 0.590000 0.428417 0.629874
6.609792 0.060000 0.692053 0.433574
16.812530 0.040000 0.333538 0.188665
34.642644 0.100000 0.826999 0.658708
69.229561 0.420000 2.104674 1.884899
49.225965 0.090000 1.453148 0.821889
7.824530 0.190000 0.070844 0.201248
7.780587 0.110000 0.239156 0.108752
10.319081 0.050000 0.286514 0.163017
10.074190 0.130000 0.184035 0.180433
6.824013 0.360000 0.130903 0.152484
23.585676 0.200000 0.303942 0.277344
16.723532 0.060000 0.197385 0.011165
12.915508 0.140000 0.207177 0.345081
9.536339 0.020000 0.038491 0.097712
9.042082 0.020000 0.038030 0.108908
9.316939 0.120000 0.071612 0.079098
9.008633 0.000000 0.142006 0.040269
8.029259 0.130000 0.120721 0.002350
15.582007 0.010000 0.116064 0.147868
14.357177 0.154000 0.022022 0.168258
11.665649 0.143000 0.110683 0.002821
9.214370 0.009400 0.052715 0.035729
9.799602 0.033600 0.059013 0.016678
9.196794 0.013700 0.002524 0.039610
9.380020 0.067300 0.006985 0.073166
9.198279 0.066700 0.069799 0.033026
12.255494 0.011100 0.079180 0.025676
11.296317 0.082000 0.075121 0.010730
10.210305 0.044000 0.057691 0.022063
9.470374 0.003700 0.012206 0.009402
9.567709 0.000500 0.019207 0.000503
9.845060 0.002600 0.032164 0.022855
9.822899 0.021200 0.002828 0.001212
9.643597 0.021100 0.001368 0.020009
10.150374 0.005900 0.034452 0.031528
9.850414 0.046200 0.039996 0.058873
9.874274 0.022500 0.033126 0.034726
9.618212 0.000400 0.013103 0.007547
9.639457 0.000200 0.009432 0.000924
9.767589 0.001700 0.010150 0.016184
9.772420 0.012200 0.007024 0.007644
9.669331 0.015800 0.005768 0.007761
10.023065 0.001300 0.018966 0.009871
9.745897 0.000004 0.000002 0.000006
9.628274 0.058800 0.018446 0.026962
9.707546 0.039250 0.013674 0.019365
9.688821 0.000119 0.005327 0.004240
9.731175 0.002406 0.004223 0.007939
9.693339 0.000689 0.005334 0.000565
9.782183 0.009706 0.003216 0.003316
9.718365 0.003012 0.004488 0.001182
9.865857 0.009504 0.002909 0.000253
10.152990 0.002120 0.001556 0.017826
9.978495 0.002060 0.000450 0.010981
9.723114 0.000024 0.002182 0.001798
9.723470 0.000942 0.003894 0.002119
9.747265 0.002002 0.000002 0.000005
9.719222 0.002003 0.000975 0.000798
9.737427 0.001994 0.000989 0.002609
9.827706 0.001075 0.001718 0.001496
9.762132 0.001420 0.002764 0.000144
9.780221 0.000540 0.002190 0.001173
9.734333 0.000851 0.000761 0.000308
9.731450 0.000712 0.000871 0.000794
9.749747 0.001402 0.001873 0.001126
9.739823 0.000756 0.000169 0.000935
9.748448 0.000055 0.001035 0.000645
9.773788 0.000730 0.001120 0.000654
9.745895 0.000005 0.000003 0.000007
9.793096 0.000820 0.001372 0.000740
9.769289 0.000690 0.000837 0.000539
9.744779 0.000425 0.000056 0.000062
9.732945 0.000631 0.000472 0.000121
9.741784 0.000297 0.000331 0.000496
9.747545 0.000313 0.000489 0.000201
9.745842 0.000561 0.001243 0.001101
9.764619 0.000784 0.000670 0.000747
9.770029 0.000900 0.000373 0.000281
9.760579 0.000650 0.000157 0.000218
9.744162 0.000140 0.000090 0.000257
9.741723 0.000237 0.000003 0.000064
9.746066 0.000157 0.000066 0.000013
9.745862 0.000178 0.000044 0.000219
9.746521 0.000100 0.000527 0.000198
9.753141 0.000018 0.000421 0.000239
9.749688 0.000280 0.000045 0.000123
9.750284 0.000210 0.000015 0.000008
9.743757 0.000078 0.000004 0.000008
9.745769 0.000060 0.000131 0.000147
9.746345 0.000103 0.000000 0.000003
9.746352 0.000008 0.000100 0.000068
9.746317 0.000089 0.000138 0.000062
9.748929 0.000013 0.000163 0.000009
9.750058 0.000151 0.000052 0.000272
9.749092 0.000096 0.000029 0.000176
9.745652 0.000019 0.000026 0.000044
9.745869 0.000029 0.000082 0.000086
9.746190 0.000031 0.000066 0.000010
9.745289 0.000058 0.000028 0.000016
9.746258 0.000078 0.000062 0.000029
9.748210 0.000040 0.000027 0.000011
9.746504 0.000019 0.000021 0.000023
9.746571 0.000017 0.000007 0.000006
9.745777 0.000010 0.000003 0.000012
9.746193 0.000018 0.000012 0.000005
9.746288 0.000000 0.000019 0.000012
9.746309 0.000018 0.000016 0.000029
9.746214 0.000022 0.000035 0.000001
9.746688 0.000002 0.000044 0.000031
9.745701 0.000010 0.000042 0.000010
9.746083 0.000001 0.000023 0.000001
9.746127 0.000003 0.000005 0.000008
9.746153 0.000002 0.000013 0.000013
9.746159 0.000001 0.000009 0.000002
9.746156 0.000018 0.000002 0.000008
9.746164 0.000003 0.000011 0.000002
9.746709 0.000017 0.000005 0.000001
9.746624 0.000006 0.000006 0.000027
9.746593 0.000007 0.000002 0.000019
9.746209 0.000002 0.000006 0.000001
9.746132 0.000002 0.000004 0.000006
9.746238 0.000005 0.000004 0.000002
9.746220 0.000002 0.000008 0.000003
9.746216 0.000005 0.000001 0.000006
9.746454 0.000002 0.000006 0.000003
9.746363 0.000007 0.000004 0.000003
9.746298 0.000004 0.000003 0.000001
9.746206 0.000001 0.000001 0.000000
9.746239 0.000002 0.000001 0.000000
9.746236 0.000000 0.000003 0.000002
9.746240 0.000003 0.000001 0.000003
9.746256 0.000001 0.000003 0.000001
9.746292 0.000003 0.000001 0.000002
9.746079 0.000003 0.000004 0.000003
9.746150 0.000002 0.000003 0.000002
9.746234 0.000000 0.000001 0.000001
9.746235 0.000000 0.000001 0.000000
9.746249 0.000001 0.000000 0.000001
9.746246 0.000001 0.000001 -0.000000
9.746258 0.000002 0.000000 0.000001
9.746248 0.000001 0.000001 0.000002
9.746229 0.000000 0.000004 0.000002
9.746236 0.000000 0.000002 0.000001
9.746238 0.000000 0.000001 0.000000
9.746240 0.000000 0.000000 0.000000
9.746224 0.000000 0.000002 0.000000
9.746220 0.000002 0.000003 0.000002
9.746236 0.000001 0.000002 0.000001
9.746227 0.000000 0.000001 0.000001
9.746233 0.000000 0.000001 0.000000
9.746237 0.000000 0.000001 0.000000
9.746244 0.000000 0.000001 0.000000
9.746243 0.000001 0.000000 0.000001
9.746254 0.000000 0.000003 0.000000
9.746210 0.000002 0.000001 0.000000
9.746222 0.000001 0.000001 0.000000
9.746238 0.000000 0.000000 0.000001
9.746233 0.000000 0.000001 0.000000
9.746236 0.000000 0.000000 0.000001
9.746237 0.000000 0.000001 0.000001
9.746240 0.000000 0.000000 0.000000
9.746253 0.000000 0.000001 0.000000
9.746255 0.000000 0.000001 0.000000
9.746247 0.000000 0.000001 0.000000
9.746238 0.000000 0.000000 0.000000
9.746235 0.000000 0.000000 0.000001
9.746244 0.000000 0.000002 0.000001
9.746242 0.000000 0.000001 0.000001
9.746237 0.000000 0.000000 0.000001
9.746238 0.000000 0.000000 0.000001
9.746243 0.000000 0.000000 0.000000
9.746240 0.000000 0.000000 0.000001
9.746241 -0.000000 0.000000 0.000000
9.746239 0.000000 0.000001 0.000000
9.746239 0.000000 0.000000 0.000000
9.746237 0.000000 0.000000 0.000000
9.746234 0.000000 0.000000 0.000000
9.746236 0.000000 0.000000 0.000001
9.746239 0.000000 0.000000 0.000000
9.746235 0.000000 0.000000 0.000000
9.746235 0.000000 0.000000 0.000001
9.746238 0.000000 0.000000 0.000000
9.746234 0.000000 0.000000 0.000001
9.746238 0.000000 0.000000 0.000000
9.746235 0.000000 0.000000 0.000000
9.746234 0.000000 0.000000 0.000000
9.746232 0.000000 0.000000 0.000001
9.746237 0.000000 0.000000 0.000000
9.746232 0.000000 0.000000 0.000000
9.746228 0.000000 0.000000 0.000000
9.746230 0.000000 0.000000 0.000000
9.746229 0.000000 0.000000 0.000001
9.746234 0.000000 0.000000 0.000000
9.746228 0.000001 0.000000 0.000000
9.746234 -0.000000 0.000000 0.000000
9.746218 0.000001 0.000000 0.000000
9.746229 0.000000 0.000000 0.000000
9.746226 0.000000 0.000000 0.000000
9.746220 0.000000 0.000001 0.000000
9.746227 0.000000 0.000000 0.000001
9.746224 0.000000 0.000000 0.000000
9.746220 0.000001 0.000001 0.000000
9.746223 0.000001 0.000000 0.000000
9.746229 0.000000 0.000000 0.000000
9.746225 0.000000 0.000000 0.000000
9.746224 0.000001 0.000000 0.000000
9.746228 0.000000 0.000000 0.000000
9.746223 0.000001 0.000001 0.000000
9.746228 0.000000 0.000000 0.000000
9.746225 0.000000 0.000000 0.000000
9.746223 0.000001 0.000001 0.000000
9.746227 0.000000 0.000000 0.000000
9.746223 0.000000 0.000001 0.000000
9.746227 0.000000 0.000000 0.000000
9.746224 0.000000 0.000000 0.000000
9.746223 0.000001 0.000001 0.000000
9.746226 0.000000 0.000000 0.000000
9.746224 0.000000 0.000000 0.000000
9.746223 0.000001 0.000000 0.000000
9.746225 0.000000 0.000000 0.000000
9.746219 0.000001 0.000000 0.000001
9.746231 0.000000 0.000001 0.000000
9.746224 0.000001 0.000000 0.000000
9.746225 0.000000 0.000000 0.000000
9.746222 0.000000 0.000000 0.000001
9.746217 0.000001 0.000000 0.000001
9.746228 0.000000 0.000000 0.000001
9.746222 0.000000 0.000001 0.000000
9.746231 0.000001 0.000001 0.000000
9.746222 0.000000 0.000001 0.000000
9.746227 0.000000 0.000000 0.000001
9.746224 0.000000 0.000000 0.000001
9.746222 0.000000 0.000000 0.000001
9.746220 0.000001 0.000000 0.000001
9.746225 0.000000 0.000001 0.000000
9.746225 0.000000 0.000000 0.000001
9.746226 0.000001 0.000000 0.000000
9.746225 0.000001 0.000001 0.000000
9.746225 0.000000 0.000000 0.000000
9.746223 0.000000 0.000000 0.000000
9.746220 0.000000 0.000001 0.000000
9.746228 0.000000 0.000000 0.000001
9.746223 0.000000 0.000000 0.000000
9.746222 0.000000 0.000001 0.000000
9.746224 0.000000 0.000000 0.000000
9.746223 0.000000 0.000000 0.000000
9.746223 0.000000 0.000000 0.000000
9.746223 0.000000 0.000000 0.000000
9.746222 0.000000 0.000001 0.000000
9.746224 0.000000 0.000000 0.000000
9.746224 0.000000 0.000001 0.000001
9.746221 0.000000 0.000001 0.000000
9.746222 0.000000 0.000000 0.000001
9.746224 0.000000 0.000001 0.000001
9.746223 0.000000 0.000000 0.000001
9.746225 0.000001 0.000000 0.000000
9.746225 0.000000 0.000001 0.000000
9.746223 0.000000 0.000000 0.000000
9.746224 0.000000 0.000000 0.000000
9.746225 0.000000 0.000001 0.000000
9.746222 0.000000 0.000001 0.000001
9.746223 0.000000 0.000001 0.000000
9.746221 0.000000 0.000001 0.000000
9.746223 0.000000 0.000001 0.000000
9.746223 0.000001 0.000000 0.000000
9.746223 0.000000 0.000000 0.000000
9.746223 0.000000 0.000000 0.000000
9.746223 0.000000 0.000000 0.000000
9.746223 0.000000 0.000000 0.000000
9.746223 0.000000 0.000001 0.000000
9.746223 0.000000 0.000001 0.000000
9.746224 0.000001 0.000000 0.000000
9.746223 0.000000 0.000000 0.000000
9.746223 0.000000 0.000000 0.000000
9.746223 0.000000 0.000000 0.000000
9.746223 0.000000 0.000000 0.000000
9.746223 0.000000 0.000000 0.000000
9.746223 0.000000 0.000001 0.000000
9.746223 0.000000 0.000000 0.000000
9.746223 0.000000 0.000000 0.000000
9.746223 0.000000 0.000001 0.000000
9.746223 0.000000 0.000000 0.000000
9.746223 0.000000 0.000000 0.000000
9.746223 0.000000 0.000000 0.000000
9.746223 0.000000 0.000001 0.000000
9.746223 0.000000 0.000000 0.000000
9.746223 0.000000 0.000000 0.000000
9.746223 0.000000 0.000000 0.000000
9.746223 0.000000 0.000000 0.000000
9.746223 0.000000 0.000000 0.000000
9.746223 0.000000 0.000000 0.000000
9.746223 0.000000 0.000000 0.000000
9.746223 0.000000 0.000000 0.000000
9.746223 0.000000 0.000001 0.000000
9.746223 0.000000 0.000000 0.000000
9.746223 0.000000 0.000000 0.000000
9.746223 0.000000 0.000000 0.000000
9.746223 0.000000 0.000000 0.000000
9.746223 0.000000 0.000000 0.000000
9.746223 0.000000 0.000000 0.000000
9.746223 0.000000 0.000000 0.000000
9.746223 0.000000 0.000001 0.000000
9.746223 0.000000 0.000000 0.000000
9.746223 0.000000 0.000000 0.000000
9.746223 0.000000 0.000000 0.000000
9.746223 0.000000 0.000000 0.000000
9.746223 0.000000 0.000000 0.000000
9.746223 0.000000 0.000000 0.000000
9.746223 0.000000 0.000000 0.000000
9.746223 0.000000 0.000000 0.000000
9.746223 0.000000 0.000000 0.000000
9.746223 0.000000 0.000000 0.000000
9.746223 0.000000 0.000000 0.000000
9.746223 0.000000 0.000000 0.000000
9.746223 0.000000 0.000000 0.000000
9.746223 0.000000 0.000000 0.000000
9.746223 0.000000 0.000000 0.000000
9.746223 0.000000 0.000000 0.000000
9.746223 0.000000 0.000000 0.000000
9.746223 0.000000 0.000000 0.000000
9.746223 0.000000 0.000000 0.000000
9.746223 0.000000 0.000000 0.000000
9.746223 0.000000 0.000000 0.000000
9.746223 0.000000 0.000000 0.000000
9.746223 0.000000 0.000000 0.000000
9.746223 0.000000 0.000000 0.000000
9.746223 0.000000 0.000000 0.000000
9.746223 0.000000 0.000000 0.000000
9.746223 0.000000 0.000000 0.000000
9.746223 0.000000 0.000000 0.000000
9.746223 0.000000 0.000000 0.000000
9.746223 0.000000 0.000000 0.000000
9.746223 0.000000 0.000000 0.000000
9.746223 0.000000 0.000000 0.000000
9.746223 0.000000 0.000000 0.000000
9.746223 0.000000 0.000000 0.000000
9.746223 0.000000 0.000000 0.000000
9.746223 0.000000 0.000000 0.000000
9.746223 0.000000 0.000000 0.000000
9.746223 0.000000 0.000000 0.000000
9.746223 0.000000 0.000000 0.000000
9.746223 0.000000 0.000000 0.000000
9.746223 0.000000 0.000000 0.000000
9.746223 0.000000 0.000000 0.000000
9.746223 0.000000 0.000000 0.000000
9.746223 0.000000 0.000000 0.000000
9.746223 0.000000 0.000000 0.000000
9.746223 0.000000 0.000000 0.000000
9.746223 0.000000 0.000000 0.000000
9.746223 0.000000 0.000000 0.000000
9.746223 0.000000 0.000000 0.000000
9.746223 0.000000 0.000000 0.000000
9.746223 0.000000 0.000000 0.000000
9.746223 0.000000 0.000000 0.000000
9.746223 0.000000 0.000000 0.000000
9.746223 0.000000 0.000000 0.000000
9.746223 0.000000 0.000000 0.000000
9.746223 0.000000 0.000000 0.000000
9.746223 0.000000 0.000000 0.000000
9.746223 0.000000 0.000000 0.000000
9.746223 0.000000 0.000000 0.000000
9.746223 0.000000 0.000000 0.000000
9.746223 0.000000 0.000000 0.000000
9.746223 0.000000 0.000000 0.000000
9.746223 0.000000 0.000000 0.000000
9.746223 0.000000 0.000000 0.000000
9.746223 0.000000 0.000000 0.000000
9.746223 0.000000 0.000000 0.000000
9.746223 0.000000 0.000000 0.000000
9.746223 0.000000 0.000000 0.000000
9.746223 0.000000 0.000000 0.000000
9.746223 0.000000 0.000000 0.000000
9.746223 0.000000 0.000000 0.000000
9.746223 0.000000 0.000000 0.000000
9.746223 0.000000 0.000000 0.000000
9.746223 0.000000 0.000000 0.000000
9.746223 0.000000 0.000000 0.000000
9.746223 0.000000 0.000000 0.000000
9.746223 0.000000 0.000000 0.000000
9.746223 0.000000 0.000000 0.000000
9.746223 0.000000 0.000000 0.000000
9.746223 0.000000 0.000000 0.000000
9.746223 0.000000 0.000000 0.000000
9.746223 0.000000 0.000000 0.000000
9.746223 0.000000 0.000000 0.000000
9.746223 0.000000 0.000000 0.000000
9.746223 0.000000 0.000000 0.000000
9.746223 0.000000 0.000000 0.000000
9.746223 0.000000 0.000000 0.000000
9.746223 0.000000 0.000000 0.000000
9.746223 0.000000 0.000000 0.000000
9.746223 0.000000 0.000000 0.000000
9.746223 0.000000 0.000000 0.000000
9.746223 0.000000 0.000000 0.000000
9.746223 0.000000 0.000000 0.000000
9.746223 0.000000 0.000000 0.000000
9.746223 0.000000 0.000000 0.000000
9.746223 0.000000 0.000000 0.000000
9.746223 0.000000 0.000000 0.000000
9.746223 0.000000 0.000000 0.000000
9.746223 0.000000 0.000000 0.000000
