81.000000 11001.757359
68.000000 15730.757359
101.000000 11333.757359
102.000000 15743.757359
65.000000 4672.757359
41.000000 37.757359
185.000000 64756.757359
75.000000 87.757359
45.000000 27.757359
101.000000 4169.757359
153.000000 38013.757359
116.000000 7894.757359
73.000000 315.757359
54.000000 912.757359
65.000000 32.757359
38.000000 106.757359
72.000000 6.757359
261.000000 11607.757359
69.000000 325.757359
1501067.000000 48131.757359
161250.000000 194524.757359
3249.000000 35313.757359
235128.000000 63726.757359
2826.000000 361.757359
1402.000000 14892.757359
28629.000000 373.757359
38621.000000 506.242641
243.000000 31.757359
37.000000 1546.757359
10053.000000 543.757359
6661.000000 73.757359
146.000000 122.757359
74.000000 4.757359
6.000000 67.757359
146.000000 1.757359
182.000000 127.757359
770.000000 2572.757359
446.000000 86.757359
705.000000 225.757359
325.000000 269.757359
6598.000000 650.757359
85.000000 1.242641
82.000000 73.757359
150.000000 32.757359
86.000000 0.242641
129.000000 25.757359
101.000000 5.757359
341.000000 254.757359
546.000000 640.757359
10032.000000 6562.757359
161.000000 297.757359
65545.000000 38412.757359
245.000000 25.757359
133.000000 17.757359
1381.000000 1294.757359
4157.000000 1322.757359
92.312500 0.507359
44.420759 2.698141
115.646889 0.808559
123.125110 1.974159
86.410100 1.172641
120.493329 1.430159
87.123006 1.085141
119.261814 1.218159
87.409735 1.040341
118.783735 1.144559
87.553450 1.015841
118.547689 1.110159
87.697403 0.989941
118.313600 1.077359
78.312500 1.507359
58.511222 0.897041
172.239006 79.774859
124.525335 4.566159
145.476430 3.868482
77.293768 0.569973
59.092118 2.129713
100.480919 0.314639
108.954688 0.798146
85.339682 0.276670
93.505948 15.935663
93.515329 0.411105
102.097374 0.384109
99.790600 14.569359
98.010806 15.047784
79.900778 0.201673
3601.211683 2401.594447
77.963050 1.201673
82.284806 0.405591
106.885306 0.403091
76.194011 0.320057
79.537942 2.730927
240.620099 254.250151
3610.761283 2402.292911
67.154050 1.666253
91.680806 0.044691
84.837250 0.922925
85.324432 0.279857
3720.039338 2405.416727
87.193450 0.830009
91.114832 0.059769
88.744524 1.027459
90.380368 0.059769
65.402889 1.023089
83.576806 1.391309
79.716285 13.942921
223.743830 22.239727
3722.628138 2405.540535
87.156924 1.087753
86.423368 0.209829
86.649706 1.134916
86.768193 0.186296
206.452577 80.535904
83.370441 1.217969
105.590806 0.456559
96.111106 0.396734
111.682031 15.040751
73.753743 1.249813
93.225356 3.930570
91.377083 0.374820
99.300999 1.473458
86.831506 1.060818
88.654435 0.392177
90.471084 0.269484
89.222927 0.114173
94.640618 0.249644
88.737679 0.101911
91.980939 0.197988
89.932977 0.011540
93.108775 0.049128
92.157460 0.099216
91.443043 0.013191
88.967686 0.058757
92.052050 0.008084
90.673741 0.040144
91.028942 0.052407
90.979186 0.009278
90.445214 0.029091
91.282886 0.020309
98.482499 0.050220
90.352459 0.025990
91.371176 0.022987
92.244507 1.105998
86.565212 0.224559
97.728746 1.153928
93.467901 0.808723
98.561321 0.056430
94.325420 0.135548
94.230941 0.003612
100.952232 0.247434
94.850261 0.012471
91.296591 0.019828
90.850935 0.520574
99.207030 0.528975
90.684507 0.816006
96.872304 0.091905
94.856161 0.012876
91.230838 0.017335
96.887804 0.169522
92.173473 0.326715
92.009310 0.291412
96.458344 1.303294
94.929921 0.003844
96.531663 0.030608
92.350491 0.001667
95.633203 0.005741
94.733390 0.001629
92.615429 0.014651
94.347853 0.001421
93.387428 0.000298
92.969232 0.010278
90.498655 0.077265
96.063489 0.017470
93.266320 0.002681
95.958195 0.086844
91.253126 0.103734
94.026690 0.460836
92.604295 0.266569
90.547843 0.072297
95.978460 0.010592
93.251343 0.004363
94.577254 0.074184
93.096465 0.015433
92.201676 0.219300
93.781353 0.340647
92.677816 0.053128
93.759446 0.022943
93.328459 0.074749
93.790952 0.037031
93.636105 0.013879
93.523038 0.031222
93.576618 0.041882
92.816999 0.023897
92.750620 0.001431
92.393067 0.004317
93.047461 0.001800
92.610833 0.001697
92.719857 0.000609
93.556622 0.002919
92.651141 0.000654
93.087855 0.001783
92.834869 0.000576
93.310518 0.001134
92.815734 0.000254
93.305573 0.000447
93.504536 0.001025
93.002059 0.000037
92.831231 0.000190
92.379968 0.000869
93.135038 0.000236
93.163256 0.000241
93.076304 0.000103
92.804778 0.000512
93.052423 0.000080
93.563114 0.001221
93.256463 0.000084
93.224640 0.046900
92.913087 0.006634
93.249186 0.015206
92.623223 0.023669
93.562233 0.001278
93.130932 0.000097
93.117273 0.000051
93.138576 0.001266
92.946603 0.020993
93.007693 0.003410
92.915857 0.023806
92.858250 0.000052
92.932587 0.000007
92.872717 0.000060
93.176474 0.000113
92.937750 0.000041
92.724356 0.000046
92.797800 0.000120
93.037356 0.000034
92.928783 0.010039
92.783247 0.000382
93.011712 0.022055
93.007587 0.031704
93.043581 0.000051
92.964198 0.000021
92.984618 0.002735
92.938862 0.007300
92.961730 0.004169
92.845208 0.000476
92.954029 0.000071
92.990051 0.000011
92.964010 0.004268
92.922312 0.000025
92.948321 0.003230
92.895729 0.001023
93.002251 0.000021
92.982263 0.000012
92.972399 0.000024
92.966248 0.000010
92.945612 0.000347
92.936131 0.002048
92.927808 0.000135
92.920801 0.002229
92.936290 0.000037
92.963371 0.000007
92.928036 0.000770
92.937061 0.000517
92.928193 0.000598
92.937059 0.000317
92.917058 0.000027
92.930540 0.000199
92.934992 0.000176
92.932028 0.000365
92.932788 0.000315
92.932624 0.000305
92.932665 0.000150
92.936289 0.000421
92.931978 0.000044
92.929828 0.000102
92.930263 0.000242
92.932065 0.000052
92.934591 0.000111
92.931019 0.000048
92.931658 0.000109
92.931963 0.000012
92.933333 0.000031
92.933278 0.000077
92.932303 0.000014
92.931236 0.000028
92.931760 0.000013
92.931904 0.000017
92.932203 0.000006
92.932742 0.000021
92.932006 0.000005
92.932567 0.000014
92.932114 0.000005
92.931628 0.000010
92.932347 0.000002
92.932108 0.000008
92.932179 0.000003
92.932241 0.000008
92.932146 0.000002
92.932443 0.000006
92.932115 0.000002
92.932226 0.000004
92.932191 0.000001
92.932341 0.000004
92.932171 0.000000
92.932327 0.000001
92.932113 0.000004
92.932289 0.000001
112.855709 875.784400
70.422448 383.248019
84.707218 13.974376
78.105667 6.328459
138.700419 15.981974
107.225547 8.114439
107.311257 1092.314930
84.305981 253.848604
105.698919 3.232848
77.017448 1.180362
85.285777 1.028853
112.621425 1.971822
80.319980 1.739860
81.400900 0.487094
92.765692 0.034206
86.742658 0.404033
99.510869 1.391941
95.211375 0.183890
76.357691 0.168644
86.606844 0.020307
94.224888 0.520526
91.017748 0.371638
88.787725 0.093314
98.213574 0.062300
101.096045 0.298279
97.018100 0.150477
91.895745 0.007668
94.352323 0.098944
93.190132 0.214412
92.427461 0.223936
93.043806 0.599091
92.382896 0.241275
93.085109 0.053203
92.199309 0.037400
92.966373 0.070352
93.489309 0.065503
93.543121 0.293992
92.695155 0.115741
92.895344 0.004298
92.873590 0.036340
92.472127 0.033638
93.491392 0.003733
92.932115 0.000002
93.711701 0.024232
93.140643 0.011481
92.862102 0.016957
92.964672 0.011608
92.702189 0.021588
93.200805 0.016939
93.319957 0.026436
93.230554 0.020629
92.876534 0.003923
92.971308 0.002919
92.922711 0.007247
92.958294 0.006149
92.619604 0.012474
92.726271 0.010129
92.922351 0.002991
92.920432 0.004171
92.893756 0.001703
92.992186 0.002904
92.932113 0.000001
92.719888 0.000211
92.790389 0.000151
92.918201 0.001203
92.941512 0.001105
92.925768 0.001637
92.943214 0.001535
92.904146 0.000001
92.919157 0.000007
92.926088 0.000074
92.935363 0.000351
92.929450 0.000858
92.937785 0.000431
92.914311 0.000051
92.924240 0.000019
92.929442 0.000105
92.933814 0.000453
92.933783 0.000162
92.931647 0.000188
92.925422 0.000048
92.928138 0.000045
92.932694 0.000218
92.931149 0.000224
92.929998 0.000005
92.934844 0.000010
92.931322 0.000310
92.931127 0.000282
92.931787 0.000006
92.932857 0.000076
92.931984 0.000067
92.932058 0.000139
92.930867 0.000278
92.931317 0.000171
92.932033 0.000013
92.932087 0.000034
92.931784 0.000032
92.932781 0.000009
92.931555 0.000085
92.931661 0.000074
92.932013 0.000016
92.932136 0.000017
92.932256 0.000001
92.932280 0.000005
92.932252 0.000036
92.932165 0.000022
92.932133 0.000003
92.932182 0.000008
92.932234 0.000001
92.932137 0.000008
92.932139 0.000013
92.932133 0.000008
92.932138 0.000003
92.932184 0.000000
92.932169 0.000003
92.932195 0.000002
92.932211 0.000004
92.932194 0.000002
92.932177 0.000000
92.932155 0.000001
92.932173 0.000001
92.932166 0.000001
92.932240 0.000002
92.932209 0.000001
92.932172 0.000001
92.932172 0.000001
92.932180 0.000000
92.932162 0.000001
92.932198 0.000001
92.932187 0.000000
92.932166 0.000001
92.932182 0.000000
92.932171 0.000000
92.932166 0.000001
92.932177 0.000000
92.932169 0.000000
92.932164 0.000000
92.932146 0.000000
92.932093 0.000001
92.932145 0.000001
92.932149 0.000000
92.932152 0.000004
92.932114 0.000002
92.932160 0.000001
92.932132 0.000001
92.932136 0.000000
92.932119 0.000000
92.932069 0.000001
92.932119 0.000000
92.932122 0.000002
92.932163 0.000001
92.932106 0.000004
92.932116 0.000003
92.932103 0.000001
92.932135 0.000000
92.932111 0.000000
92.932086 0.000002
92.932112 0.000000
92.932110 0.000000
92.932105 0.000001
92.932103 0.000001
92.932115 0.000000
92.932107 0.000001
92.932113 0.000000
92.932109 0.000000
92.932107 0.000000
92.932102 0.000000
92.932087 0.000001
92.931964 0.000008
92.932103 0.000000
92.931958 0.000005
92.932026 0.000003
92.932056 0.000006
92.932181 0.000003
92.932045 0.000003
92.932099 0.000000
92.932095 0.000000
92.932080 0.000001
92.931938 0.000009
92.932095 0.000000
92.932016 0.000004
92.932012 0.000006
92.931932 0.000003
92.932098 0.000001
92.932108 0.000000
92.932090 0.000001
92.932099 0.000000
92.932047 0.000002
92.932145 0.000002
92.932094 0.000002
92.932061 0.000001
92.932126 0.000002
92.932093 0.000000
92.932089 0.000001
92.932051 0.000003
92.932089 0.000001
92.932097 0.000000
92.932180 0.000004
92.932088 0.000001
92.932068 0.000002
92.932054 0.000000
92.931937 0.000000
92.931586 0.000002
92.931911 0.000001
92.931962 0.000000
92.931798 0.000002
92.931830 0.000008
92.931618 0.000016
92.931971 0.000002
92.931936 0.000000
92.931932 0.000001
92.931836 0.000001
92.931999 0.000000
92.931852 0.000006
92.931791 0.000002
92.931810 0.000008
92.931939 0.000000
92.931934 0.000000
92.931930 0.000001
92.931926 0.000001
92.931932 0.000001
92.931938 0.000000
92.931876 0.000001
92.931882 0.000004
92.931911 0.000001
92.931994 0.000000
92.931928 0.000001
92.931934 0.000000
92.931915 0.000001
92.931907 0.000001
92.931910 0.000002
92.932001 0.000002
92.931934 0.000000
92.931932 0.000000
92.931931 0.000001
92.931926 0.000001
92.931934 0.000000
92.931933 0.000000
92.931937 0.000000
92.931920 0.000001
92.931944 -0.000000
92.931923 0.000001
92.931940 0.000000
92.931933 0.000000
92.931926 0.000001
92.931930 0.000001
92.931932 0.000001
92.931935 0.000000
92.931932 0.000001
92.931931 0.000001
92.931934 0.000000
92.931931 0.000001
92.931930 0.000001
92.931935 0.000000
92.931932 0.000000
92.931935 0.000000
92.931933 0.000000
92.931933 0.000000
92.931932 0.000000
92.931931 0.000001
92.931932 0.000000
92.931933 0.000001
92.931932 0.000000
92.931932 0.000001
92.931932 0.000000
92.931932 0.000001
92.931932 0.000001
92.931932 0.000001
92.931933 0.000000
92.931932 0.000000
92.931932 0.000001
92.931932 0.000001
92.931933 0.000000
92.931932 0.000001
92.931932 0.000000
92.931932 0.000001
92.931933 0.000000
92.931932 0.000000
92.931932 0.000000
92.931932 0.000001
92.931932 0.000000
92.931932 0.000000
92.931932 0.000000
92.931932 0.000001
92.931933 0.000000
92.931932 0.000000
92.931932 0.000000
92.931932 0.000000
92.931932 0.000000
92.931932 0.000000
92.931932 0.000000
92.931932 0.000000
92.931932 0.000000
92.931932 0.000000
92.931932 0.000000
92.931932 0.000000
92.931932 0.000000
92.931932 0.000000
92.931932 0.000000
92.931932 0.000000
92.931932 0.000000
92.931932 0.000000
92.931932 0.000000
92.931932 0.000000
92.931932 0.000000
92.931932 0.000000
92.931932 0.000000
92.931932 0.000000
92.931932 0.000000
92.931932 0.000000
92.931932 0.000000
92.931932 0.000000
92.931932 0.000000
92.931932 0.000000
92.931932 0.000000
92.931932 0.000000
92.931932 0.000000
92.931932 0.000000
92.931932 0.000000
92.931932 0.000000
92.931932 0.000000
92.931932 0.000000
92.931932 0.000000
92.931932 0.000000
92.931932 0.000000
92.931932 0.000000
92.931932 0.000000
92.931932 0.000000
92.931932 0.000000
92.931932 0.000000
92.931932 0.000000
92.931932 0.000000
92.931932 0.000000
92.931932 0.000000
92.931932 0.000000
92.931932 0.000000
92.931932 0.000000
92.931932 0.000000
92.931932 0.000000
92.931932 0.000000
92.931932 0.000000
92.931932 0.000000
92.931932 0.000000
92.931932 0.000000
92.931932 0.000000
92.931932 0.000000
92.931932 0.000000
92.931932 0.000000
92.931932 0.000000
92.931932 0.000000
92.931932 0.000000
92.931932 0.000000
92.931932 0.000000
92.931932 0.000000
92.931932 0.000000
92.931932 0.000000
92.931932 0.000000
92.931932 0.000000
92.931932 0.000000
92.931932 0.000000
